237744039
788581659083800576
1494752909510295556
157547655
4020276615
189861728
17715073
4112726147
736016951332372481
131182006
1138842105856573445
305129012
1496582707433725956
583517629
1603997064626479104
6098612
3260357396
1535595781406588929
1353266784321855493
109813243
1317568613189062656
69156861
1303683749406793729
1314686042
1524226014271913984
1200616796295847936
95869752
266806337
840319161586741248
762021248574435328
110254892
361289499
1555601532476723200
822903723445731328
20722476
1637507099558027267
110835004
2157350385
746371530657923072
1445338172628643844
1370100620275908613
1463849663065382914
27012070
77046494
1340046910992748546
1480926325091323913
1092346141998370816
1496192458811715594
1387219918597328897
1651390537579020290
337808606
1349856571988258826
1196215190297227264
1615406304633257984
1492007194388279333
1329307685037240321
2222234311
867639769794101248
20736511
1518981310529871872
1589819308795990018
1489956224179261446
1356477814845755393
287413569
1585957997066461184
477864155
1483100422856486920
1294234550927753217
412833880
1201985743729524736
930743287648083968
29658469
1518700404149694466
1617999969021222913
1617944401728180230
1600724233184845825
1596320413080064000
1617932822181707786
1615672215630123009
1610879121151885312
1615584975608320001
1600714467590946816
1341898770380976128
1601800128440209408
1214604162547109888
4685749051
92680363
469960224
15976697
1092606785108803584
57338175
874310395875295232
1276652162
623230663
24398645
83748727
707231479047315456
79634298
164070785
1717348572
905265421
19599446
