887236646416109568
1690749052726411265
80233893
1593729648399388673
934443084263448577
273542042
39344374
1649915223141400576
63578758
537709549
1178293200907313152
292929271
264361128
2874102076
534023
1187835922118787073
778763106289758208
37190937
971841850695979010
2820171673
972569324
1598212914971828225
1689825113665855488
1618750467302891521
1025410166483832833
1267869607328714754
1373428091452850179
1605626028356927488
1571261226247659523
866116896558637056
1537225604554031104
22394822
4056983819
1432200636557250561
1655741981220552704
1166793829309042688
1662679617382277125
1314007190181687297
1545250112909090816
1600696806882541568
1595561145573728256
1612209689785257985
770441775630516224
1262915436531912712
1659724192835858432
1366565625401909249
1573074338542133250
1016908862136332288
1345739193721487362
110798061
1650232069463719937
33608041
32503010
1451478217592918050
24471951
3418210767
274567177
499230066
52352820
1598525466633469952
2657347285
880474190939344899
1646367111944749056
1622742375109115904
805223648499859457
142839300
16585184
767960339547774976
337611162
36749572
3895214232
1656391036212756484
826261914
1387366965703061506
1485689970593468416
1372900964047450112
46302096
1301600163190902784
846949171680739328
896731633704947712
1329891389430243330
1308549999165407233
16106584
4239551
1450677379521785861
1631158964099457024
1655226459345256448
96906231
1071585991
34367582
28614262
18089606
1367531
189305014
4330569813
1288319695658135552
2871659160
1625493998
986846316750778368
920139799033466880
1642616649382543360
1450709276855619589
868578294916145152
1492007194388279333
63485337
1516450616914202631
18208354
592730371
1571347805486338048
1540368724636536832
130956302
19091173
19222164
19695929
2455740283
15757578
1085225533623783424
730121169194655748
487297085
2472399354
17955081
2853461537
1306011158860754945
946037999074193409
980772831591129088
14168372
1594912935322583040
6054912
1232787618359848961
801445743454289920
1329171068196622337
1523884671481827328
1586164443834195976
45285656
519587089
4136642352
346781925
1124328094335037440
1231156038
2231109295
500273723
2288646894
99583473
68011270
18643437
875856268056969216
1526365140
748148346385211392
1490453387699130369
1527674552565776387
1364823575987957761
1588931492843077633
1483893386817986574
541934478
1213318928245510144
1123425652336676864
880602945632575488
16620803
210424042
19211550
1576171735493349377
3283379683
1167028576937480192
1414586959394222090
965451112395415552
1305048367
1451941051334283264
1577454216351690752
1547929509868892160
1585092623005458433
781639819600490500
1006995287783755776
105631171
1527760875939147776
854746255431315456
1009588379640528897
1335237183234519040
193413930
1539847215195119616
1488119310337806336
111223756
1529227687662784512
1224398636378771456
3072131779
1587909313665835008
1587932066137755654
1595610495989465088
95092020
1077820076
704785435751481344
1558561668204052485
1503136307878502400
1590040437934665728
2204609910
919712173089271808
1161261376846946305
1253522750125281283
1406286604377993220
266816841
1043185714437992449
15392486
1393287208426082306
1317513407881486339
1254867032035586048
4865550959
1389360201996832771
1584566291985211394
232780049
939647234991325184
1235711798155907079
872683897
270760809
431742890
980516212059856901
1403000940202844176
1464322912979144712
31700619
95994080
1074480192
23022687
90480218
90552683
216881337
15212187
17995040
1364871942524829697
1443174900299145217
1509479442934026245
1552795969959636992
844732519966801921
21369586
1574573985379000328
529033551
1205331000571682816
1185215867505786880
3396412632
1551313561321971713
1504159538810871812
1163434502569504770
1518751230540935168
1522914993339080705
1568547879567884288
1547356220620693507
1508259117860802571
1366529249264345090
954799471296155648
117338050
1517166310823587842
19417492
1568066581900701697
58579942
849277824217362432
110573669
816531179532754944
1342989756611907584
1201670995435646976
1551725959534895104
2241013195
1559943738889232387
1344356576786866176
1542687881654706177
1562584000752783361
1309073278871506945
505478845
1531348347478581249
1554641746662940676
213143196
1446781539551952897
249299874
1274833684554747904
1358507254400614405
48117116
1531425385342062592
758778599994331137
962650783182331904
1194966241879851008
1692639260
1354582871223185408
249661746
1455756250860376065
1507538017044606977
949828030305918976
1138025683
1056734322907058176
2913992376
1449062098005266434
116251267
723794053658189824
1537196018034515968
1406362063258238979
1537169600093224961
317567434
1512888673267769345
842098649115025408
845070010720542720
1530785816523440128
1217559748557647872
1519854146479869952
1519389517593120769
1508123630336630788
1011067661231550464
885544294081331201
1193541007
1513523134485479432
1467171521181499401
1514337721531211788
916369857679167491
1396616962684375043
1329775547363303435
581301629
1532293802618134530
826078844801134592
1383126468339896323
1366036279478128646
1413002894002036738
1135114713744982016
985480160576245760
1138396700
375721095
1440364964900835344
1476127274231603200
1531866757484486656
1021596229510291456
1120888279686156289
1463610985684549632
1276652162
1092606785108803584
1519832102241325057
2835451658
1523658772287262727
1067792857111642113
1399864354196103172
726721260194009088
1323818306344726528
1520850000070295555
289506308
2329219443
757921213314396160
1520259155176865792
1520301942664142849
855522317845364736
1518852516187885569
375852740
1412582528381337605
1354823298228609024
22703645
15976697
1518779638717181952
4230064519
950686591529480193
785221249
34365030
1189009999416180738
1516744028448071683
1517989188750266369
1366091753481117698
1085738075127455744
2191307044
1328534571030220801
1326229737551912960
1475928451555155977
1293752731409227782
1291533431474716674
1466593172369428481
895854952651792384
899401541177622528
1360161820523200519
19625147
1297646285328195584
1503643415694778370
1474132240309395462
1503593247884644354
1368626568420024321
1322226573081108482
1491670302769569793
548258435
350822109
186567121
1409956635326312450
1395944023337193472
1497075096766271503
1497300304462811144
825257934443651072
355752178
25540525
1054646304125698049
4420225815
2854886221
1484583318221897729
16587261
1135549182284931073
1215935470644928513
1490357960165531649
1354775735081304064
1104347010230964224
816415878145339396
1145560535498285056
1218103297883738112
1427404622424014848
1394939828001722368
44196397
1489231662634487810
1310784863876849664
269523939
1457835340610379782
3415926197
1254857421891284995
1395826583131369474
1448312701701214216
1422288326099406853
1420550124179116034
1440465691161751563
832259012422987776
1417924647983751169
1261270683285204994
1008397264128225281
1456902527933456391
1439562115
1252116466826186758
2571905372
1125245053608374275
2874887164
3082737801
79809731
1317796946229198849
1347367712058695682
756313899524325376
1365950928273235968
1431271693792600069
1157031801707212801
1292041566249537537
75297669
1297207382209175552
1463626455858962442
1197186629292703751
956167365330272257
1436393351830548487
1463641904583778308
1466561019128553472
1422303138384596997
1369633948507246593
1465148333555687424
1455994826265092108
1463708041572802563
777338169209462786
1361831739350466560
1429090576524222465
796862655017394176
98686011
1384486385889972224
1119967699281563651
1393014866521169922
874221618700185601
1297689848577429504
32983678
1183570949192536066
1002366092
1388115601567195137
1414309338680811524
1270489357208649728
1136203371080298498
1146077010558619650
1115789130045239297
1400644318851960833
1260440695015460866
1125512934506016769
1416657451164651520
1246957748350119936
960493427551907845
4880815361
1367009312866922497
848737378374217734
1409895744610476034
1228795450347536384
1388966975511175173
2222073571
1337646866033483778
1165431090548477952
4389738159
955910135834185729
1083217609821044736
1401291757367795720
1231742901899669504
1307673919562952709
1113326978403164160
1268396646049734656
810895268971479040
1323866733564686336
1260026350951231488
896143758097498112
15074862
1378687400738762753
233338979
995821385191636993
1311739895787016192
243791846
1266825456168337417
1561349665
514718579
152143039
1320424215309250560
14465607
1342174584594960384
243676781
418264878
4789180097
986423185393487872
863480651881734144
3309795103
3773837194
1171686741977124864
365650872
1305164474077392898
842613002092265472
1281297145816104960
1076245812538032128
758088028309127173
24200110
213410859
1323202016
2917054520
619466596
3223499449
2595693222
2257182427
3009871927
240779308
255156642
993802118128693253
32031949
1002000550995443713
928656417988288512
42287619
1309371737851809792
1130932262839697408
755063448690495488
1045334406
2151688938
1281013055086891009
874658640774414336
940124009798209536
1366197301778124803
1185977202569076736
1176671192985391104
1324790855455043584
523085134
1146029029423812608
102822715
4885770726
19213273
1259166505721348096
1188996447947149313
1317239145715142658
1289725608558198790
451746511
752749220952625157
938724882917089280
520245212
2358243002
1291819445195804672
873051724604334080
999274189688274947
21413921
3047722897
3187410527
1311806042335055872
2363203740
2795038573
1088463519194836993
983010260
1294735408346038272
1201935772158439425
1310397396640321537
1307182325923344384
1161906789195165697
1334918770587029507
1335290259651899395
939669472683495424
1271510341080547329
1219088793254408192
486573450
718600146619990017
1168671873732874241
129434729
277844631
1273748146242412546
796887967692443648
29497573
14462919
3240819887
1336277768
2888208616
379252048
706257469262069760
359587187
985972493407129601
16989178
1189566101501501441
345227401
1280852842862034950
1102987848741998592
3095130883
20722476
929330286609002501
1201985743729524736
1290448430884696064
1159960047918538752
2264475498
1311549339165048834
707284988069351424
729676086632656900
1227292100531761152
730848576541212672
1290112015940431872
1065775800719474694
1238412889855111168
855714415567568897
9287122
1160537265770156033
1284905393571979265
1021807348132794368
1275452693343961088
934807689238020100
1245611243269804034
1266617034823131136
1268718494851334146
1253878657006940162
1003597787492241408
1180523369785106433
1275678745265872896
57522725
1561479637
1240795203201650688
39524149
530815424
2493204512
1241194947891482624
1241123916959096839
2602239103
1273510908766105601
1091205770102956033
1252702340093636608
1219838083585249281
2438723536
941753248620449793
1228404652389142530
1275288078022701059
396741335
1048204887614521344
2607421675
1242047226228211712
1227171182627127298
759463304209264640
338283123
350887805
945280480965951488
1284791950843867136
1283246957993967617
97970376
730693248147030016
1049458666007613440
1169611681174978560
3949769440
907790776653946880
1212317097927200768
1040666772901425153
1213999330274594816
1109379084780331010
1009657602848903168
1194993488116494338
1219372115364909056
849965721132179457
1274693493617762305
776384191739072512
1107732377256648704
1036551914853462016
3592827076
25073877
2442466385
925210519505637376
2579697254
1015123727967752192
4569991359
1074313908758986758
2367209376
710370158510870528
1174708184126300160
1274411619267874818
53979469
1236113006267858944
35039490
919078970192048128
94336415
1095510059465859072
1500129642
110835004
823989241315213312
1162899685670965248
833510865949200384
182778011
157079422
901970609663483904
47457013
1233113216156413954
2808957630
832793144085262336
1090732081242689536
2349347329
1042161669844152321
1018778915895152640
976853859703427078
1211401039007453184
263471180
113137765
1900293397
891098592869404673
971157641912229888
1078460701176463361
948303184019193863
845237686608769024
856162158845059073
966902626624323588
917632225
75561107
1108081891511554055
1100338528653897728
3267456386
1146509923683131398
599817378
908324706046042114
313038011
822299610018365440
