1467680270631550980
1708452088999747584
1675202543524167680
1708147614963859456
402181258
1063202045950418944
1655618244760182784
1707377351758065664
1705586638934429696
1298667509399388160
1692008589634961408
1598020671669473300
1690437740578385920
1664532550193143809
1706329938691784704
1706059691384508416
1637001404362682369
1172467350341185536
1705664601453408256
2432310906
1669073544016175106
1679939458324463618
1596176338817163264
1592117831147061249
1594401084218527747
1622436236953518080
1656803064991342593
1409981674662813698
1665291837882474498
1691301659878547456
1679221556302446593
15216569
45715045
1670611768278941697
1647906032398774272
1692702350824116224
1683504778679132161
1661146869676777472
2696127919
2256975568
1237348894582980609
1171963197601046529
1488072493608828929
1593217766017961985
1603231633007673344
1701593961440460800
1591255448203628545
1471312889478885379
1618094883767726080
1671755165966163971
1700309204764893184
1572853761898422274
1585836124408537096
1653444296245383169
1697321393627738112
846949171680739328
1674717157920317440
1656904272632598528
1689091823015436290
1695006344397344768
1692258109517975554
1613278975190618118
1691046480306434048
1688988588594102275
1688763586766639105
4790055615
1292282355978309632
1680609901234515968
1621664499575947266
1568797199399624710
1675137300450222080
1253921603265519616
1478893991932268544
1677347564947922944
1483150124264136705
1586002145328889857
1615016957203607553
1399449164782706693
1966630022
1586932279988953089
1674174819728781317
1598157158805569538
1678216899115581440
1686972421578825728
1696803728
1644103436307234816
1679075831572725762
1678999488734679041
1584251382575648768
1579326988640145409
1617865902661287937
1633604566850715650
1675393889350320130
1614908789982904320
1661537586559549443
1468118137354821634
1590704958420226048
1604182969819795458
1598393201404035077
1617056421845127168
1643801600753037312
487422560
1591925424011071498
1626052039393562624
1651730970154770432
767960339547774976
1600111896665141248
1666902725634711565
1618083512397041664
1511793806080819202
1659080637876170752
1666477216367009796
1494749343915597824
1665185018157596673
1648045447720718342
1664092413437018112
1479604215962124294
1663441508161449986
516464106
1542505477409345536
1579006958853509120
1616028706455302144
499154896
3811833492
507672047
4072016173
1595873858216939520
1591388072289398784
1640837248978386950
1603841948447608835
4319800400
1553145383861248002
1593348981081374720
72445899
1600720176906833920
1593766596677623808
1299280837293142017
1532726913361276934
1618008413824516106
1546968652318130177
1604599983893774337
439373269
1455900759527239681
1250254897
250542674
287350136
1642253070062047233
1655353145202188288
1601401737197195265
1646020801580400640
1190856738003652608
1651390537579020290
1606360263493566464
1494036732727152646
1569515124318420995
1367242905048526853
1649909243586199554
512552018
1647769567081426944
1648553784660951040
1548982457793499137
739013222569807872
1595987533053165570
1341898770380976128
1609261258116677632
1643681329115189248
1642956745147293708
1635717476112531480
1270389025749323778
1481773144427966465
1641159464584900608
1646149366388781062
534023
1646000298031448064
63578758
380739622
1608814672181878787
1229949968938655745
59001488
1054669807537156096
1615864880376197123
1146509923683131398
1631505383742140416
1553189943131906048
9287122
1231003640741146631
4627081402
1046650817019662336
1612918263834353748
1265897614614159360
1263802718
2261798839
805502502028398593
867639769794101248
891469259452194817
1595989904806318080
1639355757517758481
1599510806680535042
1120919064803708928
1606086006628810753
1618264658372165633
1636011810988998659
1638634932212776969
1591135152989736983
11348282
1638303459274260486
4241210177
1387219918597328897
1588411140664692736
1322087262147039232
2274646646
1636851199738609664
1463757437664645123
1466983266334953480
1622785697756086273
1612660790041137152
1518683932429979648
1299515370349441026
1357764031960997892
591882585
1145217215609942016
1587151191712071681
1164980763059806208
19222164
947677980968468480
1633920117015732228
1617961128625152001
1599210440093044736
1518733649855852548
796151032208392192
2853461537
1590724548634193920
1627949800644829184
1587675175226642432
1626043585580630016
921993698
730401491861704705
924666258
1262531473057423361
1114694580232904704
1127256132534394880
767400718764421120
1476673968824365061
1378392606476886016
1533325978151399425
1376251797640187909
937799990902251520
910785736902819840
1580428011647762433
1615406304633257984
1042563175827165184
1588955753485717504
1587265545044303872
1617302612574863363
1613924312175501312
3623795001
18643437
92844900
548258435
1617230933186285568
1065324188632780800
1582486349910876160
1214762081272111104
1615942416531333121
1615187395602776064
1615535323068653568
282695161
1368290427183448069
947984296224096257
1461050339457654794
1613189196604215297
894228338507751425
23578274
7768402
1302796026051473408
730121169194655748
1446813263526772736
1610797434396893184
1305792305539026948
1552064811600678912
1020045752393871360
1058222233305284611
66643970
1586383335454130182
2473043467
1549926330841518080
3385499955
1326015627727933440
58579942
1518706081739943937
1530576403086950400
1385762868046467073
965451112395415552
29658469
23859156
1602565127362019329
1435340411078430720
3591987254
63485337
1608181242276777987
1601800128440209408
1594421472818249728
1603181051035140097
897675682645463040
2989441184
1538577621574832129
1191648157261815808
1396697220951457792
1043939776791867392
1596981029776117760
2237865246
1598528889495625731
1518815025233768448
3410843525
1285969540350959616
1468059910449422336
1598510584454168578
14458643
902200087
1518006128646500353
1603974103362424832
1605823245407715328
451035807
1320962923892740096
3393521
1390835731019538432
1201985743729524736
1603958097478721536
1596388313401032704
26416557
78456263
1504951280900452358
911157448592855042
20008037
1162323988493799424
1265214819768008705
992841263606099969
1327266713054941184
2945287090
1329231299521900545
704079735597494272
226194552
1118589650736562176
766394673816604672
27522964
1188162952299450368
1366897957673463810
1031747223569227776
1267512884109676545
952999556832284672
29912070
828621756776607744
3668700561
1591732891809189889
446282869
1583965736598396929
537709549
32503010
1600703165975777280
1600714467590946816
1226167963
47253057
765909323545513984
1587625058729500673
1483163163633856512
1593675484834848768
80233893
1490782033529880578
1151913018936053760
4891451439
1378541651526889472
1591859494044274693
1205182997143515139
240760644
1540108905241612288
106297274
6054912
2445134780
893348197040566272
1511743429667131396
1595154079218556930
1597369968504578048
1483100422856486920
1595180798134538240
1587524967188439040
1597922876782280704
1591587170032173058
1595983949108457472
1315318716335185920
1595981737758269442
1594785182267150359
1597363536161816577
1469414148467527684
1587517733025058822
1592945249437077510
4586937621
1564819045098061826
1531761787124817920
1585845334487564288
1596300590744600577
1595998501770502144
1481443120738885637
1366509523687604226
795342400239652864
1590452156003385346
1530475606961422337
1428293763143815169
1495585131678994433
1594466896199708672
1595904217813843969
1322060763243122689
19199104
