1706329938691784704
1149093448621989889
1430484500837015552
2997540974
579780672
1692188367621177344
1517655068232802306
1745818897
204970988
9615352
1378059467703603204
3157223522
383903024
1001653422792163328
1417686048579018753
27357824
2183000371
410053879
532787029
1682145502299652099
1262638140432568321
1495014220714311686
226194552
1242252811
177698142
1547227626791657472
1541981936595476485
1314063490890428416
1142499308689854467
1635343362206081040
1276956778782248961
1380131225948450818
1691015639576563712
788853282651443201
110835004
266806337
90552683
2672615846
177533262
1330651673920880640
1092825326676258818
1689105743029719040
2305714074
1291732240456650754
934443084263448577
1685071740534243328
199980955
962024963149565952
971921107992350720
66761201
1269867105794568194
870284449274937345
1419688307529818116
270412323
795346623396253705
1503963667146100736
837820012018663426
62205140
1070137173054291968
855305941
1649681765093523458
151936663
2987787948
1577540390684479489
1439722398404726785
1644886265941065734
1536373979790835713
1502008244679725063
1598058425891659780
1384579353217019906
1400837712400158723
1387219918597328897
1135183911850582016
881920920885112832
1262702074120351744
2166434343
339061487
1677034467729211393
971157641912229888
1407035495733940230
173271731
29162709
19562228
1594014976703881226
54716387
15050354
55192727
1547650133218643969
1559273886012870659
1291052954158616576
1654615105357910016
1012795873942757377
395978320
961026235122958336
1542088334125801473
817412346062770178
16282520
1405966368193798147
1291788077405540352
106930323
2926863755
932993859025547264
1504181287468339208
325748491
767960339547774976
1499917221086175234
2725171190
3302
2596820286
467661480
2825833779
1637849464823070720
39844876
375707743
1648436864552927232
3765572533
1578818302029139968
191666539
1535076261357232128
1198379902883573760
32838245
28381563
1611573124734259200
18269124
1515443322831048704
1600856310161018880
15294170
98586984
1637507099558027267
1520161947513196544
1336134236235919361
14031032
1481084085296517120
1539441357000830976
59850640
294384173
1652311
2766982109
1587838890110758912
19222164
1512682935547277319
118653922
1645072832928550920
337808606
1533960558785048577
1588152997850546176
1601241444194435072
1069599786
1544433858665496576
1166106808471023616
191167764
1506055955175264260
457886928
1209964794
1556550048862928898
3675893776
1631505383742140416
1546738302526533632
33347217
902600533260816384
1221152606652813313
1392919510550663171
1612870911190761472
276540738
2851541997
1503136307878502400
1564967204
1326951397628260353
17562763
3289153303
2472399354
16559570
1426725072522289152
118917461
1181680423652532225
1568148595861250055
2752298752
1486704839467929601
1963387334
1615703774286254080
1536737649204948993
1405267290224988160
1270516351682195456
1496192458811715594
1489956224179261446
1625693212605321217
313963597
1525163077439586304
16204215
381017134
755974657
820282353436200960
2752052868
17664709
1587302381150257153
1403000940202844176
15023994
1217559748557647872
758307228898254848
1429975483802820614
1485050394845794304
1570390590876942339
249185887
16674675
1561177309406810114
1327639949194244100
1105029164
856640595191668736
1475231323480543232
1501364396903309312
313038011
729676086632656900
1606881769734959104
1021130041
1481349484915404803
1585824927130652672
1513371961136664578
1273005745076932609
1535311072181231617
1002602140714450944
1436164547329540096
848348952084828160
1082024365540163584
1498681095994454022
1019404891574300672
926054168753709056
1382399285602480136
1269740568852279297
1280276658621202432
1213227521392558080
1283918450746744833
6591872
76399265
1543267740550586368
819803743185027073
8496762
252672612
24972373
134321104
333357345
36442519
1336409449104338946
1597973076481818624
18989355
3610985605
1323373241059213313
1322060763243122689
91583544
9533042
1431376295791824898
1595500307374829568
3060230487
1355225690027806720
896384784
2398631167
1586507627894345728
1457765044612042756
1340349584095195140
745273
1380623475023355907
1597438040720506883
149180925
1044604087013015552
1116345515761909760
1640555772
83488677
4239551
17955081
1594740963456569345
1167587134712307719
1591834567207522305
14241965
1467698301189476358
2245977014
1395944023337193472
98906083
1591964800216612866
1453258645
1512462995418501121
30546476
3171403062
4860651614
1521870690630221824
16581795
12
1587160059150221312
1443410536482279429
818306045508362241
3354067385
408806531
1285208111008100357
14893345
945422120640794625
429400896
49658852
1586078275662934016
117521574
1078548240239230976
1138467559366418432
1426218055487528962
1434964048542584835
2382822368
31439580
1328038279791435776
1576356503509925888
1260443588464345096
1247797243043667972
1543451054205030400
4007818339
1541478309623730180
2474749586
2982376319
1316038736782807040
412833880
1580172133715656705
1367611692230856705
1034954029896355840
1538705932799987712
1893935582
709644992
78822934
1272559122022629376
980516212059856901
20296222
1281062539581939712
773713794547773440
1361124510
2723451553
2916305152
18773718
611986351
1099010827816906752
1219389106217783297
367703310
531093989
1553926184550903810
1267124321249628160
34724786
2359971372
19306437
1570197168614674433
1566269320950255616
1233057204833521664
707511552
23129429
1309920376017780737
326044424
1319307316311674880
703795647380520960
3154508072
1432744254426779653
811662404769685504
2968594904
2928937830
1557378141659795464
1273029868163338243
1010121306887589888
2386363226
1211397375056478208
4628478316
1397541329501147142
1456455221178032130
1557505554490310660
1465216173612871681
1344306669531123712
1292072101197697024
1051181767179276289
851668080
278565030
2401747884
1393255370940878851
1513360766790905857
1093723674
19091173
1733467884
15455253
1539847215195119616
294306372
22946720
1502058440377704450
24901038
23549130
1311068274818310145
1484539568854609921
1515887056848891905
1512909238602907652
4686170306
1341950731213971457
1542064363644805120
958055372270592007
1548656278783901696
1414987805260922882
855947347947335680
1107793674065317888
1402456541408731137
130956302
7900962
1431809630926032900
1195041016820228097
1046102128349995008
1503435016532987904
1102016663791255553
1343935155354947584
472129983
1338230112479657984
1296278085570985984
1385134003460714496
1014051350097813504
1308992030484451328
1242150252615995396
18208354
469029915
1519519170198753285
1436368311273414657
1313561398371323905
1480349165616050177
1420422224591429636
368393575
330390978
1258510312568913927
937475241131085825
291548077
1688796138
1296958443287437313
1415629175906504711
2991847975
66401056
1129350406721683457
2535482316
1364651562224738306
1034258313729327104
925585486067978241
1443200832795709441
884148782937460736
505332002
1239261578
4098399633
3060832802
1164253063789600768
2907774137
870366356
1259574555799990272
910305551220826113
1259985717142396928
408081225
1182066089041117184
1236982740341477377
831574323429117953
987978757
818905354205622276
1357113677107888130
19396256
327533952
963545255575506949
1236992501870923777
1471664814548299782
1270910737611816960
1389035217562779650
1445732057313841157
1499254031851540480
1334643409894715395
1382725070133604352
1392847131598327815
819803084478025728
43742834
1945776252
1222627254
2905491456
893052249114542080
893053263175708673
701443848975699968
1402151211093184513
1519120188678934528
1255546412659544064
893039853901934592
819803779713286144
109628138
819803968431759361
893073529675165697
893066361953538048
1050270810
2344358742
2671263691
613397041
975200486
905260092559429633
1439960403338014729
1263802718
1487490666741575680
1417967099192938498
77046494
1150821796112764928
136666453
1519824780530233344
37031517
487297085
1058807868
1326229737551912960
31667539
84816752
2421117651
921653972
1343452787141718017
24761783
1301882036
443191049
1467563230084087810
15627997
1554838501
1203129289450893313
20722476
1506827104196911105
7177512
1489275678
31700619
32503010
1473896814562594819
1275075740401168387
1471913169115394051
1366529249264345090
1496257084127539200
3377740138
1240715152640675841
1318753929543315460
1245454398731493380
947984296224096257
38801229
1337217263515078662
21213097
1390762874809761793
63636463
1036567441202180101
1239676915386068993
1495227259233386498
4014691
1485068728412913666
3423014419
1328473059112722437
2178012643
969033686128607233
1493763181688201217
1267610235105132544
1044689722004709382
1361754144932061187
1318848777151795200
1477114926195957765
922267018526707712
14727549
1338656378303508482
1379824301520527366
1210702865246765057
2987613632
807236409790754816
1413481091944484864
1434883515095601155
1141695546505256962
80749395
48861897
3745781
317545391
1342642197422891011
1075211100398903296
49915511
1475514679170678790
2340667345
1393240605828993028
885404515
2452714426
594886554
1472214784783302658
3319762895
1460019021722439685
1223017792435380224
3889486125
845865030163742720
389077017
1323256515151745024
1368517291256602629
27472301
16378801
1318748914242158592
1482939458672463873
1310392579138170881
407379859
1481604709844762627
1475495658
732649152807469056
1480926325091323913
872148729184362497
2239798520
558286017
1451544863883808769
905073176505237506
564219600
1337125931974971392
878945155335716864
1389230838450204679
1307585274956845056
1291794519583850499
521433174
2882113533
58580535
21779975
2802570416
1193627371817050113
1465760605
121656518
1428293763143815169
1340447288582262784
1198586353
1330031170772496384
19828155
1122611217216888833
1299838319531044864
795398113221611530
15522405
733318062754004992
598115358
295218901
1109891841552347136
1414620680910430208
829736250873610240
1380691556722749445
817880247777435648
1176624876054036481
1007093133341933568
1250322626
1468668274749624320
582399581
1468662864353415170
4802604743
472872558
1469892738996846597
892237368589115393
14427663
1276140426
1408003598
1468069265551290368
20736511
1316521894028378117
1114822908080283648
23930286
987072608645591049
1027999798425726983
1378918898297344002
2854557713
1366565625401909249
736582619886800896
27966935
1415317224529793028
973576766651592704
3231657095
1373521707202310148
1071213733911977984
1076985997454442503
1382376686960963584
1453943005715439617
1262697537204555776
128372940
1281259813729525761
1364159160267530241
2508068568
1459615531154214917
838457598303223808
1280727097195892736
1002935923242426369
197288408
1253724166978764805
1409052976770011140
2319549492
1387082921664671746
1398983356512100359
1144406927981645824
2236648082
1228503306445651968
1301423652
1291433392509276160
1017550686597378049
2326088942
1368954593556717574
1427406288984571904
1374560316525252608
3231313428
1279630745581924354
844251061535817728
721167931682390016
1208442468
22277264
1366856560509673472
330752900
1366130381045530626
1294663151129178117
1345028127030980608
1222589947657494530
13946232
1257667158
47735010
1456072881608314887
1095025358322098176
10047382
302992754
1419532038927904769
285184644
347562985
2962066077
1268749167427543040
1199105339951648776
1016908862136332288
1257772300654477312
1456201207287107586
18149463
1384150270859382793
987349034850451457
1701902683
896466491587080194
2459137069
1183418538285027329
690823
187793
862424157061033984
1152659266861436928
1242534200634478593
1354837488653791236
1112469503609327617
918169628
2535023410
1136246351698767872
20972371
1449421567520292867
1352072974405402627
826390466367221760
1327266713054941184
1347746863781449729
29089797
1372252735966310403
2858619915
1123847711835471875
223782598
16216872
41188903
2160285674
3750186019
968997346884206592
1364274658514763780
3750194894
4913788273
232901331
1447123200
1444693544
20941765
750437909224910849
1227799690579718144
3938140035
1447144844
548258435
1078389030
1423621883333947393
18266688
244647486
64643056
1449010241597804560
1063202045950418944
2295455611
1141911003346755584
436463305
24081859
20837035
389230624
3309287465
1053236226
532779460
16930489
14347972
16353245
16068266
1041835253155934208
966961615
2918039334
1263211367030349826
23618940
2725273267
47989968
45516657
1549419390
1277593229160886273
850763376263299078
1198796678893056000
1389973855272378371
1364997292080644099
1043185714437992449
1084494018266976256
1388487332093997057
1343438130276286466
25384284
1440301823596785679
987221740102324229
1238277918385733632
1442563632773021701
21839417
2281325286
1333605792193212417
96502351
1346351316575121411
114241733
1400042479358025728
134360868
1054056156841340930
293946237
1010373434843566082
1241924496530915328
1069222952313466880
825214104965111808
1323742932
1241182970154749952
47687609
1688675810
2626059063
613212190
2724505142
824766073782181888
894810531701243904
61857272
271002958
1434720042193760256
1047352091604267008
43489437
843965625177399296
1159124832413528064
22450038
40511180
1255081889016229890
348237513
1269783966179082240
1326060501202251776
1335237183234519040
992191188881960960
1079590331513884672
1500129642
393469195
1155886120351100928
794195358041653249
866069141576441857
1345534790813024256
27142719
161488059
269653661
1368739752568971267
434711928
489714519
1292734098524471296
2584510387
737057335605002240
1367128446426619906
319988364
32240593
221838349
1374836717337841670
4618663935
14426437
956543009658671104
20253396
252941954
1397021874752610306
1410774179192852484
16369964
321954654
1387757869932728324
1083884006624522240
117338050
1225576032163360770
1319150017328926720
50397179
655473
18253799
210869563
878360770807050241
1188329290162675713
1380962725317197828
1370106114939842562
57441414
2181493660
343958199
1420953753415569417
1423472265946177542
1446598470
182503655
1218687933391298560
1227456923827625984
1390783800347566084
1415481206192361479
991005135768817664
1043274694596616192
1146509923683131398
1068683987110019072
1394680198705123329
1395563728624660481
2258461243
1071585991
1179396972324802561
2274646646
1407370842363908102
1218623846267400192
3013690740
205889882
1167191887297601538
1126222498255781888
20801610
211557536
1086325628536848385
517137292
14198663
407179694
1542228578
749016639287414784
420308365
1140227234864742400
2369157648
1177244103676850176
78130788
34082620
1280651801944117248
1383148808981381130
1075093477199728640
97942529
1411878854449197058
1354228711466426369
730646181903093761
1182509542380363776
1329523474029826048
1079860190495703040
742823052354945024
152507831
2823797730
958778807766237184
105369170
2320745983
17060573
15250981
69441586
11582012
381813372
1266821924824535045
1110105054
965431702838566912
1276048330586537985
1344751420139040783
18856867
1346064897730351109
1049546187790016512
492070009
2383975297
1340469676225286144
1347761695423422464
2160247458
779497280651071488
1306741300138475520
374594501
49739695
1460283925
1402217565384896516
956296561289453568
101008987
1372676160610525185
1110549860992929794
5943622
434458299
3609762852
1447154780
873051724604334080
1447188853
1444700706
877633346662146048
2928209793
1447153998
1444717874
1444684106
765618069062422528
161163311
714129212869836801
220913717
1444726159
1036769843469463552
19217369
320029482
1187808818522030080
1273639475340554240
217228590
104198706
968650362
1311739895787016192
35304791
21324258
183749519
8349572
1379594987558428673
1370776569472561153
63664369
1316189605297901571
1354919270375940099
1177213504627105794
724427032826802176
1200228946840735744
36191695
56497037
757179079
902768303051038720
859409582426251269
163384337
1149164632264859648
1269450810330615810
1235671
974733754571862016
4765364386
1207061115579981824
487777321
983108315466162178
16076032
19739126
54412900
18166778
25101996
58579942
818948638890217473
963480595
432895323
1249982359
23022687
1074480192
2352629311
1145702015374438401
1151972936783400960
87679233
88702710
1200616796295847936
1122904904975179777
1321203011142610945
1301373527195410433
21981121
360147535
245666231
1008916382078025728
1133966329
904809776454000641
4801483693
1526643050
1871613757
1254475197274443776
11469852
161569820
1370056381537996802
1321565760527998978
21879024
14674729
1050875642739351552
43136638
1368301519221751814
1560875191
21614780
1022199911876452352
24674159
1366643672310284288
1322753157265457152
1248329741549146121
1366492858426007553
1324630075296403456
1352973686232510465
787715096
979256950037807104
749607928768917505
2943060805
3952661537
1264199016088317953
1006769795302346753
712999409764663296
1239639651859783683
998873369666904064
954283519580221440
265481588
1133869304854863878
835552373615493120
28420827
4641772220
1876001052
6273552
1020346707802902528
594124188
964928832854679552
889057751996837888
1255907018491269120
1239302704230531072
714279526453223424
2570000082
14184598
1291394669184724993
802329275080708096
1270752608005664777
1285190006970241024
1273442271900258305
608827037
586559221
939647234991325184
16163639
799603453
107225267
1024789603893403651
1259751343
10904832
794924857339351040
1279639824861970433
860795611
1353040053602316289
4914384040
44196397
796208346512629761
2446162202
2728720415
2322036510
4517397263
1357717304931479552
928881657943166976
3262160865
161751748
851730303253172225
1634208277
1006314452843728896
57097104
18604137
1344388000495632384
1350030492
1877198120
3066800573
1862972077
827637705827876864
268629423
1345440300702040065
24452840
1115791460392157184
1022693675250249729
24822993
1276645929781587969
18969923
1062395654696128513
1873277766
2568108282
1155472988290080770
2455049024
1084375028
6422382
1010914093992210433
972569324
1345531730116153344
1403620789
1263090111752929283
2562832774
3165309707
1010901148008681478
2243445975
752984680765329408
1344715389960392707
1334752271477866496
1030064031716044800
187680645
33280581
1237544283743432704
887434912529338375
1335695159208550401
1032468021485293568
194694215
15986949
1471542956
1146714432803753984
1180173696347987969
877374924234653697
2428658977
1002191851305058306
1694945473
1136140674170941440
966299443401195520
717229113132642304
1018931868564180993
1067672252152537088
1071351177357463552
1112003189895806976
1267257106652172289
209933250
64834083
718600146619990017
1009593492
87133189
1327824893656829954
347448468
183739654
138833320
50851012
739595634907488264
1232711462709149698
27012070
2383510675
1099343905634553856
182524533
1031747223569227776
247115085
849982797154590720
757954830
914167597330862081
1240784920831762433
100413913
878681502804004866
755435116344647680
1316995082
853443305593614337
1190849590850981888
1034816090243780608
866005696428384256
971237514
952626408496488450
253239615
3344733874
1072380177307467776
1188536304
1742804707
2409551606
3855272473
19199104
1182483834614484997
27722647
970389424457515009
3410843525
1004070871097593861
106504679
881192533056827392
1099326334923202561
1163743742764998658
931346315677593600
36667104
1237809603347431431
739013222569807872
23136027
895095916301918208
1336687868597702658
428020012
873427520074461186
21983321
15392486
1104072204453523456
1209936918
457984599
39308549
1201574526347366405
1086427096971264000
1066307945686810624
2864381561
742530593808748544
1330274087218851852
1054669807537156096
998218376848658432
856162158845059073
1261824346298781696
4627081402
1161261376846946305
1095735806197710851
2861423605
1048012125141196806
145559430
3404705159
1268032640042414080
1054946877374951425
1191406287541723136
240454812
18643437
730121169194655748
1194713951327719424
778030061312237568
341170330
1202368619549773826
304787003
2790113098
4444141695
35913979
359358437
1251900966770794498
1070553945896976385
1084586335585865728
236169650
1115699822927826944
2959469019
965451112395415552
1172271044
1180884193045176321
744735837946941440
40740597
924478805015531520
1121780500408958983
386317187
277536867
116264603
954759075648212995
1687679676
2311077186
39344374
1057127371969646594
10926202
1166366182569598976
1495799342
1114973019255050240
1270911243180703744
83992997
14458643
1931893196
999274189688274947
425198239
19878055
118567880
1019625316187295746
24127811
2716396488
3267456386
864926050035400705
784665469403877376
1226167963
893159606201057280
2204609910
2818659595
971498870772584448
3775360879
2845913776
2598183050
836779281049014272
1288242646608228360
459692778
1191309954025607175
942918284013330432
3420421481
2794848564
404973438
1281051965636481025
1106974406197370880
1241516577587109891
1271196077580931072
1178744723403460615
17110880
1093925481794203649
1268374464871329792
95092020
33152005
78683448
2511701310
3023047993
16547529
1153809183378030596
259540958
1269309500080570373
1139031247597035521
8935052
1110434154
2826625936
1164176887712796672
1003645782803861504
627566144
451292765
19058833
932063597403963393
1003515600985964545
729108629849186304
53979469
27522964
3958327401
3018742509
1168564339378401281
715979593090359296
2354250638
1293682913784061954
358545917
901126590117011456
1268407605405179905
826137355
299535831
1434554412
27766330
1138844783609286656
1037087125966151682
308702336
27000730
44067298
1293038648762351618
758970635859005445
3325974502
550436101
916782591205879808
4706210480
14393540
43426483
1077986802
1241559513133658118
248994056
3031309998
910925869
2821699304
1156867716541747201
1280278256953036800
1691658151
346353732
1080395198515929093
971520124543995905
1088968483839397888
1229757428767608833
346331357
1230660405225250823
411732307
2721011222
27696764
1115979749426438144
1136363055741378560
8500962
16884623
1016470827775086592
1247464470
990430425825755138
864354979724709893
1177598072991506432
2904308650
1048743055292080128
14862190
965693789192032265
1169304884
347996117
975495707904872451
1172086334229372928
1045846523890692096
1278404652032118784
110075467
15976697
936257676027183105
2804175577
526021684
940937981321347072
1014766181922689024
22703645
975606834156290048
4131171560
1161328423555555328
1056712948742320128
1244641651529641985
275398700
439441079
1048827740198060032
313774045
1231683332553007104
1250630948095315968
968550061868240897
1081133455386333184
164941110
1046906136866279424
746073009719369728
1921716092
1245591829690478593
178492030
346063582
1154193511685730304
968293708142645254
90657826
21480702
744809905912061952
1157156387224346625
1142620696054386689
1081719290133442566
1069000837
1181883489723060225
1012091515328499712
1278585428
7748752
1159194068838166530
1201883933278912513
752678334937436160
1201151984600002562
1197051242175795201
915601269376548869
125832611
1276715545551831041
1091383796618784768
26649679
854746255431315456
1584642529
977081844666519552
499230066
912729106344579074
592730371
381592902
605974171
2835451658
35199446
36529101
472431999
2864960801
4852741342
1009588379640528897
9840002
546135718
19899606
2265046032
1852899224
701612912
626660983
599817378
719024310468280320
1006877197
365073587
209693451
844434316943904768
16298441
822215679726100480
946060876632637440
25073877
1474717591
2740108585
59660286
775696688489099264
