1667135211065278465
1507504725155012611
1642172427898683392
1707768757534257152
271002958
236953420
4498776677
1034954029896355840
976695121
1706486429948289024
1693006993752014848
1650548694243061769
1706007333644455936
1343394810
1635343362206081040
49939647
250665539
1241704161323954176
1234348307582980097
1602284388322086913
1684850540893622272
831966442668978176
1683719641238237185
21839417
1626586186767806468
1420565267126669318
1300370492055060480
1545103296200851457
1678884980183662592
1301225793905803264
1460376709601972225
975563242964701185
1691015639576563712
1657503982971912192
1008141607282118656
1147200661819396097
1391715496005824513
1694355660182282240
93976042
313856401
1462558652515110915
1653158535709212673
1675130443362959360
1427626750515847181
1083416987479535616
1692610360811933696
1568148595861250055
2246299058
29210791
261718546
1475575699247407115
1617635074538627112
1393652927986913281
80233893
1095735806197710851
1688575585868505088
1674761433526202370
1676213201246261248
1308603540949135360
848784339483721728
2864217936
2984243591
1041042565267697666
1516035636897239040
1600670018429079552
1142574364233220097
1625614997916364800
1535094897606369285
1451753384764116994
1522542451076087809
18708396
4760154015
1155886120351100928
1675131709027676161
1522706316376092675
1682551139110211585
1475847998928310276
1632909172818755584
1481773144427966465
1566551606828511232
741068948905578500
1536506471172689923
1645800482345189379
778064639212949504
1451941051334283264
1261270683285204994
1433100936205852680
383903024
1267156833946472449
1667143281287782401
1492007194388279333
1135183911850582016
1670915963359752192
1435340411078430720
632558201
1567489979147763718
1337034903200862211
1529454433473646593
234163619
216761748
2852096265
1640871705781600256
1196241374070353920
1187947586688188426
1679227940557533184
1676791375977918464
1675185469431185411
1179125268407037952
1677034467729211393
1462876081522982914
1407593908771725312
1597777200001998848
1523142455666827266
1365862710253150210
1218015854832553989
1628610671641341953
1441916605567356928
1585300625553854464
1646909380271685638
1067612003659845632
350822109
1377640379571376131
1040629068264366080
1105567415138729984
1505252335097946118
1467698301189476358
4799754666
987349034850451457
1273639475340554240
1136301955016527874
1495227259233386498
16395120
1497281487728689154
1281080450325282816
2511701310
1675941851113684993
1263211367030349826
1126155870151348226
1663574554743128067
1573674135816904705
182524533
1652311
2472399354
1669845237705977856
244253126
1433960979470110721
1670980087406100488
1631158964099457024
1631492817225924608
1462921559241232385
1669713486362935296
87133189
1667175518544748553
1527657610597519360
1192959904757243909
1657938030773121027
1146509923683131398
1299787733548834822
1524226014271913984
1361134541310672896
1508573794436222978
521167914
1324641093170962433
1662136302848950279
1468128292029014021
1405966368193798147
982070158125682688
1508547456677543941
1897577306
86364947
161488059
1640812246652846081
1469074531465711620
1637169684570095616
1405866269375713284
1187413153602129920
1542088334125801473
1521870690630221824
932993859025547264
882718501093257217
1657890405286043649
1657079695131697162
1656661051042308102
1534705447097221120
1594485744080257024
1533469377437356034
1387489102799376388
3421025177
1645735792894001154
1647906032398774272
1603157759691743238
1176026136117166080
896466491587080194
952626408496488450
1432438171699007489
1647331070998638594
1231793597457911809
883669729210224641
1367611692230856705
3957788915
1503136307878502400
3938140035
965431702838566912
881920920885112832
1318848777151795200
1521309472513306624
1213227521392558080
1482953932817059841
1586507627894345728
1328473059112722437
1637507099558027267
1568670652219146240
844136511079559168
1611573124734259200
527047727
1201985743729524736
1561842129415966721
3316376038
1639820561239924737
1585398973153656832
1012401963693232128
1336134236235919361
1297597029741465600
1587646585860677632
995876666323841025
1445125689737453576
1587090001346666496
1599322070986416129
742106349350342656
1288319695658135552
1464711389830946828
1602525976440840192
1409877824392122369
1596875354584514561
1631505383742140416
564872305
1452987513623228416
1589639888298979334
898012947632578561
1571261226247659523
1503927871567548419
1580385232330563585
836800571814383617
1270516351682195456
1629234523685769218
2996959115
1387497871751196672
34082620
1174816521320722432
18929234
717381804236386305
1533302256421855232
1504181287468339208
1607779815238541318
2359971372
1622742375109115904
758307228898254848
1121807798826930177
1160506639046328321
1284546788431732736
17469289
1609353101319802880
1618383311650299904
1608285644639313920
1018582177381081095
3246589947
824634606305505280
1541903307295207424
1595480709933584385
1439599834311405575
1439328810181218310
1541565665340956674
1559556660640849921
1613637884875087876
1483893386817986574
1603684679483269121
1329779622502952962
1265451076993646593
1612182740115259392
1608894912615034884
2750388044
1608581595010662402
1607636906199728128
929330286609002501
1322060763243122689
1343935155354947584
1510971574115086339
14331688
1605552961865895939
1602056977164779521
1599221475201908736
1594410136289910784
26649679
921831292815241217
709366925609066496
1401576932815351810
964815907
916734521374072832
14851168
1525968391995019268
1601062664775819265
1297988294630764544
1594572831295434752
851361
47253057
1431376295791824898
1585882952013123585
271957908
23485648
1204134753324142594
1130095948800118784
282695161
924478805015531520
1470093837569871878
38271276
1290469917507162113
62630259
1408898375253168138
1134584994301710342
922267018526707712
16949344
139499789
1594152764992634883
1592127990724542465
1547288279971774464
14072950
1591481365081505792
346072615
1297651178256257024
1298781706527350785
1585867440784904194
14862190
1301430625287565314
27185960
1240959982985756675
24771808
848348952084828160
125243454
1586856061805465600
1584491882536701953
246621297
1458892174330896399
983108315466162178
1586128484870590465
752567226
1501219835438460929
1408566874284122114
40875530
1460283925
25501714
1158610994
1392864463204782082
1189164249517572101
805813819956166656
32503010
908364949361217536
59850640
930690455339184128
1532011900493611008
1581378983001837568
17060573
1496515748914737163
394301933
1485689970593468416
1710864301
1577293480308654082
1549461766983360512
78456263
1578345572129558528
1496929965392207873
97829983
1104518980067299333
1273786141058220035
1223017792435380224
1564962799910010884
1552795969959636992
1342174584594960384
1575682700731568131
979857262037602304
1482767022698213379
4846198638
1509412385207238656
1520231867127017473
1178773799287885825
1414606016143138826
1043185714437992449
1182661977065299972
901123040
56561449
2427953892
1519110690337787904
543836179
1489956224179261446
1307070828564099073
1433090320909180928
1235333758448021505
278565030
1486978418080165889
1535281767183163394
249325206
3540699975
130956302
415921084
1401003449312026629
1556285127688429568
902950509769875456
1085075737907027969
190251322
412833880
1357804158309568513
28626088
1268166368773279744
1540460409190174720
17297742
1204879528650330112
1557186374033358850
17307339
1531638941216292864
732612795078844416
1553118492123176961
979700483853029377
1412582528381337605
1518721909055127552
1538705932799987712
19553409
1266748594104733699
1465216173612871681
830100965105737729
3060857019
1519058890717020161
1369381753090174977
1549797358849761280
1383086655070896131
1378918898297344002
1506426771562024968
818181528643477504
846038308014755840
1176624876054036481
1335237183234519040
741195637090291712
1491227330781536260
370159694
1521322520464531458
981675752759484427
9763482
23359932
883065986
1182483834614484997
4627081402
34713362
1318028333041504256
967164447063191554
1511799625589542912
1412945612522283009
2359933932
1512468768789831683
102869127
2365896248
1039833297751302144
503884507
49736166
18254098
1537811169297195010
1385003690558427137
1074357554170482688
1266821924824535045
976407655202910208
1535954953910484992
23129429
1050875642739351552
755435116344647680
726750375101886464
4337909658
329757837
4506425669
189404173
1345534790813024256
224097357
127582088
1526392936572895232
1499848510878859265
1570180292
234638601
5820642
1524588354268020736
1355721251180961792
1240784920831762433
1480966915287928845
1363212115687866368
1113945821492305920
1449237294435733504
1477114926195957765
1519490388612030464
1520094067295764481
1451977537488306179
1519824780530233344
229502750
1253724166978764805
1415481206192361479
1519033023873748993
1518715053255626754
28021635
1222773302441148416
188369814
2598183050
1517417467529805826
617551313
605974171
402337670
5943622
601945756
3177515983
2383390201
213058411
821541662677667840
1290389715011735553
1327266713054941184
2320745983
17745925
2922007389
761969761681043456
1665459757
3003705290
1311068274818310145
1949193906
1473896814562594819
1200616796295847936
1375230260548100100
3373146857
1349395827362590730
29966996
1490815280817258496
93295809
300890599
1480926325091323913
1497711967091535873
1488942620604829702
17858039
1493223945914523654
1364556856262279169
374594501
752749220952625157
1177598072991506432
407179694
2735801708
1281062539581939712
1531882200
794195358041653249
1490782033529880578
1003645782803861504
1343074678450102273
32674236
22048382
818444495897231362
1014051350097813504
1459822084150996996
56497037
18208354
1428195755941060613
1375915101073649666
765618069062422528
1462481295607574532
1481328545175687170
175260985
1384579353217019906
936238338356404224
1335386736243830784
1400186782537371651
3895214232
907410554238717953
1477466196966576128
944759630131023872
843965625177399296
1464989425604116482
3083723878
1321203011142610945
1432503734257524737
1276715545551831041
2823797730
105369170
939647234991325184
970389424457515009
1311739895787016192
795398113221611530
1419649127261118467
12294012
887434912529338375
1052693572531699712
2197021621
742749379623165955
1218687933391298560
907784342
586559221
947984296224096257
1225241728304787458
341880757
1340469676225286144
4489079652
1423776176397553666
592730371
1429611050366869506
1298299807497297922
35199446
854746255431315456
27000730
1408228756821622785
1150821796112764928
1241182970154749952
1194116373661782016
1269817503263240199
1186514928913522688
765909323545513984
912792889553555456
3396493030
1366130381045530626
1427340647426662401
1442487726696108040
956543009658671104
837048318865862666
14347972
1171963197601046529
1264199016088317953
1176854013964251142
177584156
1354837488653791236
1352338328218181637
1045443221567016960
1318753929543315460
381696140
203226736
1442194631504977920
3231657095
816609107943845888
749222201656696832
1539239064
27888421
227733054
1404805140675272704
836779281049014272
926054168753709056
1151261114384171008
1268032640042414080
1337151218880311298
200785205
711361894775398400
1423621883333947393
53506915
368897808
971761
1179396972324802561
2267971763
1387757869932728324
1429561200858345472
1329891389430243330
436463305
1270775216558538752
2871364516
713377689743335424
1407357314093441033
1396842253419565057
1071986199596806145
1011011646075146242
426059968
1423472265946177542
1337826735207936001
1204868621505302528
21614780
1250630948095315968
3410843525
2204609910
1415450783181594639
1080955041006215168
1161261376846946305
19717233
1335579235956690944
1356168946609750016
997482793751011328
823003518957211649
1032468021485293568
1633141729
1251900966770794498
1260034953724608513
1408501800702038018
1006667388
1093677824735625216
805502502028398593
39844876
1371982883032825860
896731633704947712
1963387334
1404409073592942593
1155854603931541504
993710146923716608
1215077597798916102
1151365625698119680
1228725160376664064
3591987254
1267973798625775616
1141695546505256962
1055481548689039360
774893842780696577
971157641912229888
320381808
2714517152
1303087866055024641
1366565625401909249
849982797154590720
1364853578314240006
1382633053621612552
1151542729
903228570536996865
1373521707202310148
18983688
1300070743057760256
2274646646
1217398872445739009
3235713087
1312302974002135040
1069926750
866005696428384256
1374405687359377411
27012070
1231777653859876865
17918281
1025410166483832833
1367134545745567746
1367584818586939394
586723805
1361428989605261312
1308757290577616896
1365847567972634624
856502627995074560
1365086833969889283
1355662042867376139
1333625795844202496
1357717304931479552
7557352
1211851854071484416
1359923836356018176
249834807
1234000168153944064
3063743186
18524851
1353040053602316289
1248474590625456129
1269740568852279297
2918039334
2383510675
15079601
1293311800864382977
1299485680029102088
3295423333
859409582426251269
2584103654
13850422
1325286030484836352
1812055789
1217559748557647872
934443084263448577
3262160865
1329307685037240321
18266688
1325554108359696386
15392486
1089308757035794432
1290077344703680512
1146714432803753984
1174708184126300160
77046494
1285504186914942988
1263205289618214913
1112003189895806976
1247223374717296647
631781675
1302278544417058816
23549130
966457246560464896
20800915
1047842156029861888
45683478
1053148805837709312
730693248147030016
944961548375773184
952695919014830080
930152608433442816
993543378
902200087
999274189688274947
705936824280043520
611015486
1204002460395806720
312696314
1356030014
1267257106652172289
1270911243180703744
1269070330213142529
1257153046565421056
41391910
1615557272
1145386402378604551
2704294333
51661036
1102987848741998592
1189289546694848512
1099343905634553856
784455407486009344
31064165
914890931488227328
1197530802080374790
761568643654094848
20253024
965451112395415552
1006521602769481728
1096283169899380738
1138844783609286656
1059243682023391232
243318995
36442519
799362330672984064
2442466385
117655609
18891076
6098612
548258435
1216444936335196160
1218336944335347712
19211550
788794717806919682
74760182
702169674553888768
1159960047918538752
912729106344579074
1015295486612291585
1078803288718340096
1196873493629026305
838457598303223808
1115064908201308160
1091718864952541186
825442822996295680
1080880471184166913
1873277766
965693540150988805
3095130883
1931893196
83992997
3656836876
4885613402
1070101393191559168
1145702015374438401
1156333503908384769
1164176887712796672
1040428780529975296
1069422303816138752
1116345515761909760
1045884442349326338
2475623330
2705030808
818905354205622276
1153042794375712770
530994160
1092606785108803584
1259751343
186395658
758336704755281920
32304381
129019194
1009588379640528897
866069141576441857
1031747223569227776
1116766980596543488
2835451658
779138331846250499
2231109295
749607928768917505
965456314523512832
52352820
4105765714
1106290072998084608
303018050
30534986
1852899224
1085311252417708032
14697575
855318254
892121929116778500
540124204
986001007
703699161183555585
24506246
1037372973185937409
599817378
742823052354945024
19489239
962829934627573760
879716667462430721
846856945919242240
719745008304263168
825257934443651072
244580404
713221570295173122
846949171680739328
881680042484527104
2779455120
1032704068442095616
425198239
39847651
1028376320076591105
885208683352817664
1012795873942757377
1030583656706965504
1230848592
826998919217319937
1960878613
3313329508
94336415
152311372
708827623154028545
580503984
739013222569807872
896258742
825214104965111808
2534342832
321121989
723234222945767424
338736117
271160889
606403456
820516959351689216
701954078394359808
184671789
834402949853962240
905164973025976321
3385499955
841694471293173760
784665469403877376
78523300
1659267216
151106990
807812802761158656
4880942793
797410928350334976
2463171746
758062091878227968
1276652162
976853859703427078
809614172
908174596381265920
970884857126506496
3330431235
1864191372
110835004
964889394850119680
772966352114094081
499584878
768737240876847106
745600340
75561107
3296797169
274567177
19878055
426041590
356872253
866981923091906560
3264454478
874419002818400256
873051724604334080
78486402
4688848909
832397935568642049
898744501837090816
71643224
398435953
936775674785705984
209693451
831470472
111339670
36462231
17071048
1265726480
776272687
738911954413162496
1606029594
18706305
28746590
2570000082
28611453
730121169194655748
894728198382080000
45951402
814293126336626688
792236584808681472
4735176079
188053555
3855272473
95092020
251052944
233000889
798753051456585728
2214443737
16117029
892130360888352773
763750096412389378
767960339547774976
21480702
858861190390448128
775696688489099264
871650706381561856
3413276129
370291114
43969372
58007320
18643437
15450996
10168082
2716396488
741057139687362564
14138785
1494648920
19599446
268829174
864606638594023424
719976227637829632
23035013
466183294
21496427
19222164
22642788
18121069
742143
778293671682646017
19563355
42786325
2349347329
1201186872
899016632
74023904
563883153
711535251835629568
15976697
2740108585
247981000
712844521126625280
438013425
825160259375292416
286503985
1630603508
769183564105707520
4739018516
9688782
127050602
525636026
707774958743658496
844434316943904768
865242169
411380833
499230066
711753712893607937
3951060802
2907242313
30441143
887264594
2194980390
2340337768
258005502
3092226373
103413933
805223648499859457
905138029
134891802
3081064288
3006943505
2804329145
759131188166594560
805291430063149058
160738141
380285402
60722659
51199582
727921540122161152
14800967
3994162392
3134411065
731625421956128768
727546177466552321
16973333
727641717244055552
1962979080
1486541526
1293179587
81018286
1917731
183739654
753139832
781918265400492033
4853549680
485288051
830172527045419009
2849022456
3292463759
3452245161
39308549
48260520
152034631
1656966026
1573867668
3154508072
825501626
194663746
705792417627148288
18856867
790341604535967744
305211380
2885310228
24206059
739126652161007616
526000287
708191082161393664
701543466434740224
823448611275022336
705541526755999744
117277446
832250276
811054863039758336
4691662374
746357153271812097
2466414029
3135241
1125937411
4910270788
723794112793681920
85386747
85718957
22703645
3422520022
535311906
823004470611247105
17874544
1222716350
808733749441507328
1539696770
3892304129
46815111
3234318278
4810512147
2809256199
4443349287
908483689
1061345084
248950156
3609762852
3396362631
3244361818
3146634482
2209980606
1046482356
152007388
457267522
2303866117
107848498
799949976403136513
3308399474
30405799
2262100846
292779292
3167930971
3516024074
311012247
715941995806593028
2718300505
2368624716
337611162
1592618418
465494488
763789779775344640
885794670
719904229343817728
153141684
174552069
70295497
1217528712
2337490808
3301819140
90486876
720916915
189305014
2985479932
23645599
3018742509
75329060
41940890
497487134
752179093408546816
1588068188
549350692
16495008
165039823
794373234917421056
108465379
37133383
720375015506468864
546537304
611986351
711355193858854913
751979749040238594
70751132
16989178
707569302132527106
740876024917807108
243009565
4041824789
359089492
783374230444400640
426369194
364810202
16163824
2996423763
294306372
212302405
130203314
291588441
774252072090767360
119099353
544677439
478113709
414523858
715028636018024449
1127286020
742175568104456192
2855915617
707994226387058688
390343030
2362066322
487039635
24127811
14458643
50019727
4813881008
3267456386
4386866957
751896280021032964
3416153772
2612389550
835994551
350379608
4717936273
2426038254
714524166553268225
4646108420
788571666
2881267734
1038481676
4370961801
307888829
16589206
713349508134936576
15513604
4790357779
2705002822
32772630
708635988059406337
67240902
2424016218
3295395426
2566535282
1626294277
2302134816
5402612
759251
51241574
375721095
25562002
176874550
3106787658
2339238427
19017675
4310204417
2904870923
43416740
1652541
3010492622
2923216664
89277004
15268664
23446496
132614794
3390247768
16906660
25750158
20420845
192230195
4549070952
17783469
1887036884
1964968338
2534173706
2867878271
21266905
32973978
724441876477026304
20944649
98971882
1065869268
1851434622
50072011
1367531
2845681325
568725906
16032925
275276082
4353077717
2858533652
705442898188210177
4879819876
708063091418763264
4717892303
334189069
215154964
999453985
26163517
709388957046280192
3368733712
56413858
110855805
4573315875
713452259150020608
1905590958
920120467
826537184
3296504462
713415305679278081
3420435673
49964679
27789999
3349925638
313038011
2953422203
3314758074
4236806414
158060289
2546562188
3990358228
531932499
2775492818
3517612832
3112061737
4831397327
396636288
2680192368
3972215427
53979469
27522964
3295694106
3098026668
3092625141
872786449
72392058
4455054612
1209936918
113137765
3596724262
2853461537
3394104999
918169628
196168350
457984599
17217640
15431856
31098756
25073877
403614288
44196397
34743251
64643056
428333
87416722
23484039
35002876
3108351
