1592612662550085637
1677115529226534914
704315730632822784
1674683690683858944
1076789110382215169
1537906987064709120
3036138282
822584859952615428
1697286365094825985
21626308
1482485393257910276
142645394
1703885577710366720
1562834090919079936
1683992989264228353
1644462490464444416
1380554459537883138
1678160535534329856
1593815898556887040
416732886
1444561636837056518
1695136181015465984
1682910119430959105
1677430951696031744
757273818054340608
1697130080244207616
1638827734548766720
1594012115643338752
1682212814407041025
1673784417234440192
1452931731326226437
1586121795551301634
887464524
1656099722468159488
1332861394627260417
1672381773584515083
1664510535138951169
1637307277064511488
1657964874184507392
1671401787331584001
1518973349162008576
1639385060120965122
1580231929919676416
1341324690061742082
1141429511407460352
1519444163363852289
1648416906808795136
1519142705389092864
1641639267997736962
749524669225639936
1595960459638833155
1640871705781600256
1206369097639976963
1427367234926694514
1164742557001232384
1518736910243356672
1638560185181503488
1347351197917831169
1634062306618363905
1587828366119419905
1587488371076636672
1630669452810354689
1481340032787091458
1621324884532989952
1614292780917858305
1584707977663193091
1489140355442245637
1614034599327240194
1519241105857937408
1596581029443248130
1528575538910138368
1586750869483167744
1236459590746767360
1608273003560964098
803420516438724608
1432689518201556992
511084543
1599447821953933312
1464937999
1456790761639403523
1093438235219558400
1520111417046835201
1352051178591444992
846859247933632517
926864738
1596128307933859845
1085738075127455744
1598169026907328512
1461754984769507337
1419301969416568836
1341594226946142209
1239586036843524096
928656417988288512
1246194854939570176
1327956039136899072
1348877890180554753
1004567360597000192
1019864079677251584
4885613402
1315020302783582210
250387771
4872349865
1275878555742638080
1239683266451345408
1289376049080471557
1147948761387274241
33417701
1287018449118658560
1310075199791001600
1308925669091414016
827092242095566848
706109966931726336
256268854
1280118657142722562
1240443692726566913
3121752491
1245551618365337603
2705030808
1278435971634286602
1303035856597528577
1057787855144132608
918448245034102785
1007470804416778240
324749946
1142788562473103360
1303527400920231937
1273707647259328512
1290983370818760704
1095735806197710851
1266825456168337417
1295555977526165505
2872041247
36875270
2671670131
1140442434708615169
993449670
271398754
94132483
1228010848716820480
467620549
1287964922010189824
3221172655
1293471896722452486
1161092556505174016
962738290628710400
1289651719224385536
1655396540
288494312
750836714302607360
3210677267
1042838541116616710
875922772739883009
753939280670502913
1242292872759525376
67226114
627860002
548136534
1280719962655645698
832422183934713856
2602947044
997603378027905024
2938370841
1197229277772730368
1281270903091986434
1280952115582689287
1173235275708948481
1220367595427311618
1270897572991979521
47828228
563507587
824834350868934657
47256078
1150483266241212417
451820504
2843327567
1216501173764730881
1532394216
49524586
2271019303
406629764
1062369868685676545
776384191739072512
1274441426357694465
1167769976050192384
171653428
1267945059158298624
631781675
2941676403
1120799561260437504
1205620178945372160
851475951959592960
1248139516457738240
1051519958566522881
1186796519980036096
4418414504
3291335594
45599954
1187876569001402371
1207313573627809792
2630176450
1237413856265322497
1265553336960516096
1144047151259029504
1156718418353184768
1259435143355342850
1269684785179484161
1140246564339949568
892181024272261121
1269011270432415745
1034065926
1267651207989878785
1267869474843230209
1214643611209523206
1045443221567016960
4878438609
1178794466485919744
1215127429704048642
1158399158509658114
34735606
1447296895
1248851438865993730
750399018
33254501
3379541332
2999724109
901708133214691328
825823841431732224
4498776677
884105554553180161
1242874335435665409
143927745
3764034256
500204114
705144718833946625
1104253947882090496
1419020576
1139311864532340737
1184981983258185730
1184921657993027584
1069470172417851393
917456722469572608
970884857126506496
1091003763710672896
956179910686597126
