1356676489576652807
1589419042338922497
1491261522202357762
1098425078608482304
1501364396903309312
1529947182010232832
1653876971791679500
835354282941632513
1511104848577630212
976853859703427078
1526256454184972289
1479823740955504650
1372186389719171073
853340048774889472
1615801781891567620
23533665
1382376686960963584
1527074139256803328
1593409539952373761
1427065886246989825
183739654
986312089311563776
1268749167427543040
922233583019859968
1529960610632458243
1427310229994164225
1336384611190976513
1360986857178300416
1093712344859979777
1280852842862034950
1511183198427906050
4405356737
3308947525
1597438040720506883
1889103997
1357720242735247362
1454107719040909316
2788451569
1561849145576636416
1375496667928133633
1266326143097061377
1025274127383494656
4249989674
2817823529
1475584248404971533
1054925184325435392
480702968
968550061868240897
1021866805420281857
1093972206655336449
3295694106
1381274323088986113
1266931773847601152
3410843525
1075211100398903296
3239955086
1357717304931479552
1176624876054036481
3081026023
1268032640042414080
1357365335733776386
1179900335071981568
752110277232066560
912729106344579074
1182483834614484997
844434316943904768
1290782798186414081
362509916
5800652
1151867562449391616
232731795
1333906855538663427
953983428696924160
1129171903678222336
119559815
16146117
797413056
1233588255049863168
