1520835823389708288
1518713717948518401
17918281
1631483496165412864
900662551
1399449164782706693
1546754676288376834
767960339547774976
1640472452491882496
1512852379137298432
1270389025749323778
732288594501500928
1623729042510815236
755470332400730112
1605376174904877056
1643681329115189248
759660076214853632
736784706486734852
1627949800644829184
55250667
805502502028398593
759937236548722690
1592904197812506626
3314554831
1617894330869612545
33665720
1520737910554824706
1597363536161816577
1586932279988953089
274537655
179046696
1644885515114536965
1631000087412477952
1636626485225353219
920289838602919936
1622785697756086273
1605405291142586368
1590130899785764864
1188137303522365440
1248324012733804547
1636851199738609664
258184842
1607625497386844162
1633604566850715650
1438186290067881990
1633600072201162752
936257676027183105
838889800203526146
1419532038927904769
1468711531265224705
1571727725408448512
1537260930530086913
1482939458672463873
1531013996014292992
978448203271032841
1454892570484510730
124651023
1120919064803708928
17376893
1091931043630907392
1605764294578032640
1465094099502088193
1599210440093044736
31047836
1631505827503767554
1596539738672058369
1416527914917449728
1591255448203628545
1380394256657944579
1214762081272111104
77506638
1341898770380976128
10047382
1433952231817101312
1608814672181878787
1058747380772884480
1186514928913522688
1378392606476886016
1399471283247669249
285184644
1376251797640187909
1598401932862824448
4852741342
867639769794101248
1460604279266422787
2356629946
1603181051035140097
1619531049184428033
1540457459793412102
326756275
1601009335320076290
1587625058729500673
1566963246367756289
1617930250004099075
1600714467590946816
1571677059432300546
1378541651526889472
1586874197271273473
1172086334229372928
1587470964367003654
1368498276241088524
1347570104649715714
1081719290133442566
1344715389960392707
1608347039997255680
1518815025233768448
1610797434396893184
1587228236068495365
1593607908155162624
1616241441595949056
1615187395602776064
1540850525545054209
1577761560394665984
1511045021562146817
1281051965636481025
277536867
1484007333961162755
94432377
54682125
1591326765951098880
1444726159
920098539396653057
1600058021245337601
59001488
1596411307674128384
1601800128440209408
1556787824770400259
1543053222360875010
1116345515761909760
1507846331536052229
1594466896199708672
1467931973616386052
1322060763243122689
1448368776383275013
1107421968578433024
1564819045098061826
1189990938237648897
1475192756494643207
1598528889495625731
402181258
1273692090061303808
1404643086991466499
1468079454555541507
1603958097478721536
1498034716297027590
910785736902819840
1536314560319062016
1145558455140229120
1604182969819795458
1410216537240313862
1126815714
1603587763248431105
1596618068767264771
1603364414341586944
1518687148706177025
1595904217813843969
1595154079218556930
1596347931640168450
1483163163633856512
1469414148467527684
1587151191712071681
1590452156003385346
1598809236355497984
1481443120738885637
2596617636
3221981887
1591119276194267161
27714696
952999556832284672
1408886100
2237865246
1586879487265865729
1553571955801989122
1596388313401032704
1328220320617127936
1966630022
1511743429667131396
1528987322280206336
1584566291985211394
47253057
4586937621
1599206804092854273
44196397
1101621399628730370
108465379
588703829
1188162952299450368
1596981029776117760
1594826437206212609
1585740002641731584
1523356313266409472
1595519197861273613
1372562294396293120
1518995169131089926
1554793481205420033
1489586741128445953
1600708834531868672
1595618323491962884
1597066499012927490
1595556219594457094
1596683770177806336
2924825891
1601637551873335296
1586850679091404800
537709549
1299787733548834822
176665423
1350577991395393537
1326400578436669441
1336462694912839684
1342615221362429953
1343737042438656001
734462704438513665
3047722897
201135423
4858970717
729676086632656900
113137765
795342400239652864
1252037814272831496
1324858538921881602
1235752732163747841
752984680765329408
1266112679552450561
1017287701010132993
953983428696924160
1294986220062334976
1260362925044350976
1305320091999858689
581301629
1234311106337755136
1328797819059093504
1332509614475071488
29658469
1325434719178170368
2943358658
324236072
2816110459
1046650817019662336
1201985743729524736
1229337264272134144
1295228628695883777
478333148
1237228076368568320
1287831732054630401
2494729429
1233636047831085057
4898922679
1269476144929095680
1252433941291819008
1028131698469363713
1319400309022707713
1299515370349441026
2263430953
1319855356227538944
1164980763059806208
1329803277916049410
169686021
1243493746865573889
1196215190297227264
963015345660485632
2945287090
1190856738003652608
2261798839
1269790432680194050
1253648732328824832
788540610630201344
470548056
1266815949459591169
1231003640741146631
599817378
1270851742742298624
854705866670559232
72445899
1306080539632447494
1324933828922789889
1102987848741998592
2984763654
1151539046499225600
15976697
1174517985396043777
25073877
548258435
