1655618244760182784
1505643651803791369
1700176984851238912
1617323964170125312
1580372885859860480
1657954894907834368
1696268651823857665
1480926325091323913
1680960833424072706
1626002731516280839
1582790654278746116
1546291989192122370
1690079682333454336
1671572105098403858
1540715012917907459
1624124583715688448
1686846283909300225
1202280868452155395
1675710375617245185
1598396745137938432
1658528551300128789
1563504169255723008
84532116
1380232935928913924
912118879392075783
1338547796337709056
1482479502223626242
1615801781891567620
1665775743203254273
805813819956166656
1659300608820510720
1667921663717933056
798810458312491009
1453383507170955277
1336775062284881921
1581501839022997504
1402063438097092621
1452742044833796106
1657056779275055106
1567305841371500544
984050408917258240
3041868026
1159208190116081664
1678720895978725377
1674201546387537922
1480512674043682822
1081213251768205314
1547614228961341449
1109891841552347136
757738813376438272
1673275558367576066
1583577830335696914
1366820419832066049
1641556210309636096
1412200969723592707
1441916605567356928
1468662864353415170
1262951834412560384
1574918591446765574
1498032293671325699
1609093516784803841
39994115
919810650162970624
2844835651
1585977177882902530
1650430297891274753
1663561119401918468
1212830551565955072
1491338086386581504
1664038833233571849
602241077
1537248912779759616
1042896486449799168
1612378984129638402
1501119770762137600
1662134856011198464
1337467519989411848
719983339038375936
4628478316
1610781861348876292
320840868
1535724509780664324
998248236
1451764068277264386
1369381753090174977
1477071059853758464
1599265344849432576
1571727725408448512
1639894517141889031
2193210697
706959926879334400
1603561263015026689
256864269
1522315133674049541
3307459262
1640529514945032196
1652162504909369344
1333398233687621632
1316739102931390464
1488740759654260737
1662199748848123904
1321176243006513154
1599859010572017665
1656803064991342593
1367283757422698498
694920227805622272
1267257106652172289
1132813856420634625
730329614443270144
1658352196071849985
1650907328399507456
78239693
1656855842606465025
1158610994
1032885301
1622648894365499406
1367128446426619906
1571707235130306560
1897579758
1636817891734753280
1319036828964454402
1605473623883628544
1639472568871661568
1655511314452856833
1467918723289960448
1608523311159410690
1596230375780630528
32503010
932380344053006336
1499254031851540480
1467317011487223813
1498046459458949121
1516175550255140876
2457317364
823506019
1584198438341808130
1592715794353373185
1569901033
1473373890802065408
1239325775259750400
1546717230578237445
1328516366903685124
1342526795237761025
1437221610235129860
1395771126488309762
1349201643053608962
1559891090190237696
1434198741985030147
1382376686960963584
1614991574965919744
1620479069149077529
1553701798258454528
1537918640728592385
1643815604783312896
2472399354
136696377
1199168623647973377
1647906032398774272
1636505835386937354
1571261226247659523
1159113690177835009
54716387
1618107066199031808
1433494222158585856
1586335000131248131
1265135779908640770
1174517985396043777
2386363226
1328473059112722437
336692633
2403444659
1412640581344382981
1649902485069283328
24118518
878330492
1648486348951814144
765958760397475840
868972207493455872
512552018
1624276851156713476
1647980978927722496
1524570593697353729
1589703081738092546
1392266663396007944
1155343131501633538
1649133416351248385
1649282666968109056
790054183101759488
1647769567081426944
1529947182010232832
1647628050019028992
548258435
1447118386333245447
883240046018613248
1368376362612981763
739013222569807872
1636791476398030848
1572169036838080513
1646489301352603648
4887644518
1040038881025040384
1645072832928550920
1161261376846946305
1613244867815084034
1146509923683131398
1138042092603621376
1521309472513306624
59001488
1107421968578433024
1621241060193099782
1370135678143492097
979761997997801472
1422624466798931970
1641248391488258049
14895030
284281579
1594889386692411393
1415415586604134400
560152955
1519691180354772992
987349034850451457
1597207168587120642
1470249422625951744
1258537758005616640
1429561200858345472
1310636147349942272
1161776053913677824
770551122
1592387830944145408
960906430957187072
1216931768630153217
1238606435270844416
1468128292029014021
1889103997
17740885
1472214784783302658
1538739743675977729
1462501218211692546
3939574932
1594175294679777283
1529941169869930496
1122904904975179777
27012070
1516518935172067328
1225702850002468864
455261114
80706281
1272997779942502400
878016080991727616
1148028507206717440
1561419246109728768
1466422749161795595
1553571955801989122
1585867440784904194
3092120316
1626318828539097089
20993842
1113057702056525825
1607490580082479104
1831397149
1230280179781644288
1290077344703680512
1222453569753882624
1556469567093866498
1621207077057187841
1599430855675486209
1166366182569598976
1480076403127185409
1097511897983799296
1203129289450893313
1619126607435767818
1538147479006326785
16063639
1407569981555023878
17980523
1589595906877583361
1598785652593725445
847480813
1610626496820805634
1509263515407822859
1607617591274770434
1900293397
1576012578622296065
1548443285999366144
251887060
49128279
1462284805945626624
1309074417088180225
3393521
1466567225200943104
1491467025813749769
1261209916624318464
1410190871216132100
1568210129828323329
1523851200348762117
30522366
853406058269691904
1393366836541075460
1388302638777835523
1592729766242549761
817406786579922944
1006696230288805888
1601467943400968192
1526256454184972289
1350353828223332352
1521903403189686272
108465379
1267124321249628160
1565461693156806656
1474091860025122817
1016093829324144641
1028116790310842373
1599823154549080065
1586963950192791552
1445199920424636416
1587991205329207297
1580324453594329089
1262420323577876481
1441644920419221506
4367813116
1425625145171845124
1372498323265884160
1099343905634553856
1526008498739417088
1564798489283870721
886358633646350340
1315023384049340416
1268032640042414080
145346276
1216217031298564097
1590704958420226048
1375314338869694467
1372841614054285312
1538167665042276353
445769251
446282869
1417621420885037056
1588395757106827264
333357345
1288312469585371137
1423407608627617913
25073877
1476323517046140931
1012425607764852737
1479889465649033216
1411137220854038530
1526568451044777998
1464245735415816192
909882725544407041
3566638694
1340611359952805888
1290701071321649153
1340073954820694016
1480344949380026369
1521870690630221824
948833488463052800
1118654463189843968
938867051971485696
1407593908771725312
1040214455525797888
1583420031966367745
1455858119762927623
1325241150454763521
1115979749426438144
1366477358224592897
1501804987818471431
1298781706527350785
2959801320
1569392744241446912
1161320496559984640
1388019750706552832
3018742509
889057751996837888
1589735211050450944
1040135724018819072
1421176631356448777
1417352143300874287
395689514
1013925684555599872
1437800672146165763
1189990938237648897
1456273335348645907
929330286609002501
1201233037863923716
1507668227786162180
1112003189895806976
1503828512415059968
1422118636966359041
1367000800124309506
1052944238273531904
1587227690032975873
1266238334495408129
1402480107760066560
1437143029719044100
1442306012195610634
1367235265060691968
240732266
3973764039
1163231388725911552
1231357336150773760
1236331045441716224
1488916269046845446
1386180240293117956
1956248892
1006603239482183680
1052733470
1325107555635523589
1161120111157239809
1328847403881877504
1148451031187111938
348177862
546221457
1584570583093841923
19729919
37257512
169686021
1586861328861433857
954283519580221440
1337151218880311298
1454603822886789127
1407900897833897987
1481443120738885637
1586833936063209472
3818160197
1403140507149144065
761969761681043456
1560039299286028290
1395040186447405058
1466672681420419073
1579393151017619458
1144346832669171713
1586962020015820800
772132150321618944
716792977025314818
1559967551773343745
1456655802236915715
1472093770724352001
1366148208334938120
1367915924427268097
1395563728624660481
1366583017259499520
1510567083758788609
1146496642700308481
1509913938296639491
1294372749062832129
1415423369349054464
796552034782679042
1631730378
1570785663439486977
1304537279332069376
2344358742
1548308310415159304
873427520074461186
1518543826398318598
1017550686597378049
1366576530885902336
1567850395690573827
140593263
44196397
1366593297708429318
803694179079458816
813286
1349149096909668363
866953267
425871040
