1546509475825188864
776718745
1437677666916839426
1678822567748988943
1049066278584037376
1625141523087077378
1660331583134416898
1498590086044139520
1693665097728638988
1660105790164811776
1702203648523026432
1699684213543297024
1487171353
841721082
1585797587914964992
1637697848321114112
1598853987750526976
3279550879
1686356778986971136
1673692584542183426
1649157708770074625
1520284009196142592
1678726143011069953
1652500999574110209
998943444478451712
1229488896725192706
1683324074595082241
1698880016409296897
1681050804340523010
1604719708082782209
1461433142003257347
1259950101155512325
870374232357777409
2499668710
1590161793862737921
1663681242934439942
1518679173648326658
1653027286721888257
1594076840875925506
1510670454670991369
1632764900379357184
1689451219914194945
1578043089066905603
874766605
262994158
1574310172880773120
1687786624137019392
1695344291818651648
24311524
1695442465531088896
1597322886171303939
620230704
1612493934638338080
1692890524334936064
1570408571656888321
1600310074047594497
1675828244635951105
1570765085496279040
1591369327059652608
1515109165621907457
1688894093349249025
1511356733247168515
1549219127725785088
1672279609608478721
1680623437717569536
442366289
1666537486258978817
1423663705053712388
1538744965932765184
1680652455703457792
1616606006393425920
1673784417234440192
1687179307154821123
1684678556792561666
1302063332522962945
490900506
51828039
396333990
1689045959257284608
1683483402928807937
1248723170
1640848490384244737
724781458498396164
60753932
1594349696541249536
1548383161331003395
1645870759640793096
1260479683067600896
50225241
1640428015048962048
1684972729139699715
1160534850207719425
1593792322646396928
1674830771008290843
1661452427793506305
1518698561143296002
1679057127019618304
1675541685604941824
1656099722468159488
1681718204446515202
1683272333413306369
1631725013299601432
1676613507331268608
1678160535534329856
1674795294658281472
357172276
1197201662760378373
286525666
1451223968917213189
1655493013
260999205
1545986289559687168
1674639526411612162
1518677310710370309
1599934807907205121
1587490973814235136
1677078271299821568
1632024269923180545
1657964874184507392
1661354316735627266
1594444447701516289
850814972980494336
1663538613143969793
535751550
1542282905623400448
1525485283336237059
1162759057859629066
1369402640271020040
1562478980078268419
850240036142317569
1469525222999171075
79072418
1640114984184061952
1656059364468457472
1592508806302416909
1605244645289639936
1655712964807127042
1462084603326308355
1507384122028838921
344531617
1096946569922965504
1542174961384804352
1023277687018729472
1638600823071465477
1350612200172433410
592316562
1617171406046871552
1592235585334259712
1519142705389092864
914296939692294145
1618341511380492288
1555650505757655040
1588998259195928578
1547979460757975041
1662839146845556737
1600953836885123084
1656592898714918912
1624574454427709440
1656061489113882624
1653169418443141122
1649199811025940480
1628437481346695168
1651878114178510849
1523680245081153536
57558507
2948334687
1658107108498210816
239951908
1585998261151842304
946018165397565441
1624071326532096000
1479187865720528900
2720365656
1586006677178007552
1519356923228864512
1586053242919784449
1552447987477094401
1437519701467336716
1528803445444161536
1611087747447414794
587077775
1588492692497080320
1356405296021856258
1175553967847292934
822961178917773312
1627031265005408256
166198280
1655061962781335553
1601354253238296576
1631059753848696832
1293522673348247552
1544022822489657352
1649227250712162304
1649118826318135296
982595017888927744
862400652508528640
1642734995079852037
1627696492839305217
1635651069513441280
1161307751974408194
1629723056158674944
1651036097890119680
1645434575764480001
1596396948713521154
1591675291948269568
1594060149731348480
36793678
1646186014300569600
2594453161
1646502663020855298
1645103206735781889
1052018694
1577308091296911360
1636471189991489542
1595922721904463873
1635306770762481664
1641639267997736962
1575192318503698432
1641422948312444928
1640435358352506880
1639385060120965122
107890414
1638560185181503488
820243849
1382656804124041218
1094447473299505152
1455242116356005897
1586165732508844033
1638010269170278401
1478212657660452865
72940578
1635433163039076352
3748475899
1347030074424512513
1628062517653127181
1079818036000030723
1458936389685370887
1630669452810354689
1319340723309785088
1270370191503798272
1425723818853679104
1534275646544822281
1427377134771843072
542950434
1595832067261988864
1107067010654048257
1626976091255758853
3413343046
794283565517336576
3720879315
1558238975109775361
1197264373284245505
1585468309419483137
1490684285426282496
1627656606769901571
613937814
209087409
3115864453
1567593921664155648
1625318889289658370
1379868865115619328
1521876536625963010
406609520
1627965470488788993
1627953464557948928
1618663001267265536
784749483003375616
1552172698104643584
1565492730926612481
1428180528956538885
892162063
1586367535569682432
1588669423023448064
1558881396944510981
1529241934719590400
1377157710026735618
1609205090459553792
1471297709059584007
1432316894191755265
1594418436565770240
1603550655326601217
1290413764903395328
1502239861461368837
4542334874
1545668662878781440
1578008461186588673
1507799690531811329
121802593
1557884844784459776
1446652704152080388
1357952533
537740584
1346963705628561410
1610744334579650561
831297748523765760
1311748941306830848
201737749
1601312255718596608
1455618153921253388
1567686848557813764
1328516366903685124
1596872122197979141
1130960824347123712
1565866700494589953
1566800196998086657
1490511071362363393
1528960596951150592
1512603804704940036
1562537989531570177
1619385087887380484
817114571194400768
1609241330391064578
1617882253601959941
1602296389207293953
2872381109
803029747181686784
929346597506441216
1598076692760756224
1603874859443970065
1515765222656651269
1590871474511962115
1535108163766259718
883198422966312961
1586753570061312000
1597955079704743936
1452116730545909763
1458475891416256524
1299451775636983810
1476005970715320322
1590452070322262016
1519066923052539904
1601733642774011907
1592583525403967491
1594165245945303041
1592373965783121920
362373349
1589298842343800832
497238607
1595258601559449606
1598661852015300608
1587909813941391360
1566929090862612480
1532216303779471360
1162891648835162113
1127937954637389824
104089716
710972918663086080
1602128180306972672
1220135973641752577
1601280587226046471
1586030718785933313
40085057
1246653956031492096
1533631981476581376
1607787786458759168
798984714870734848
930301276138618880
1600718872562511872
1096637770943160320
1488403501327785987
467620549
2278374727
52656323
1355197734203125770
1603191960650522624
1364871942524829697
1589400918356787201
1592536728824332288
1563540161547616265
1594890074247905280
1299775636408541185
1496572115297968133
1455268899868524549
829143163
2784335164
1608647024827678720
1338945708129398784
1586453407489003523
932402055117004800
1333417556267266048
531454803
1600129935452274690
1604689461064916992
321154943
1610641570805518336
1585818251795509248
1519085563722276866
96969910
1609833592380694528
1599447821953933312
1575195199629918208
2409934099
1608510489365041155
1587080739069329418
23770649
1595220774046015488
1597778144202727424
1534654351133724673
1247097169
895699671313555458
1594735510450216960
1532577570625138688
1532542937405472795
902450589522591744
1598879863112245248
1601803817137446912
1601636127168946176
1447327077494104064
1532835539682209792
1566321580124545024
1592174249602580480
1235711798155907079
1364389559857987584
1587214685639774220
1526914850110197761
1570981332833927169
260293449
269600876
1565986946304077824
819739018573266944
1240813503277129729
1564565154511085570
1563364604176375808
1198439580099371008
1562262574959190016
839518280847089664
1514597301913731076
941350658162163713
3948399203
810518740605562881
1556826307471806465
1080897437496164352
1525919906855890945
1485004400762527755
430149045
2834324374
1433547317290827777
1225567272191889408
862748753714872320
1166333954028445696
1543463758835630083
1553735770699190272
753346724303888384
200576451
373938136
1434251490609152000
1520824462484160513
46294243
1549135340606300166
1443043135450501120
1550923098106609664
1363170876
1476685551671693313
1069340703405350912
2992951490
1540125095942930432
1545203833860767744
86573486
1270516351682195456
1399666663268798467
1403010024956440576
2832648610
1487818102045921284
1536024589658095622
820723171112448001
1441172528274173958
1145789598
1545387796176818177
1534257326580019201
1460283460032122894
1520886896687296512
3392266713
1531629576501219328
3764034256
1395944023337193472
803420516438724608
958519356786335744
1543226838381727744
1506384525185671169
779667407056941056
1513607095081443332
1134949816994213888
1221202614521606145
1234663272697122816
846204140384587776
3191789078
1461859695711465474
1519551651119517697
1164742557001232384
1280118657142722562
1004567360597000192
932993859025547264
1400459342789300228
830852710001938433
1457901525859250179
994350278970347524
1519096470661521408
1516803549346287620
421453657
416732886
384606212
833851600011657219
2343137207
1304963138157240320
1319207295805542400
1401885744621363200
1341196030864453632
477133051
1671928831
28871804
1530570190651543552
1126247493526855680
1459859899723173897
862504901456396290
1164185015753818112
1519352610049773569
61936601
1012826823212888064
1527407321860689949
1184225870925500416
1267125608
1085738075127455744
1461114461314506758
1525328147117400067
1521683356383158277
1484939196410339330
1210585019745538049
1519275280271122432
1072645119730466816
547833555
1478935374365958146
3030621509
1518776143398068224
1234665266388373504
1518752310410846208
17809475
1515314625973215233
805527498788315137
1519108744734515200
1519033108741378049
1476767105890635776
845686083954376706
846859247933632517
1487582317954674695
1012734822043791360
44784881
757273818054340608
761225522848403458
1344526482924834817
1072159128187998208
1497739433000460295
1476252534243221513
1456790761639403523
826296598153957377
1427330507054796800
3609762852
1474790744351256577
1489051699251748864
1461754984769507337
1268985004002029568
890657236237864960
1360124661598666756
1480702500177158147
1476234330569682947
1127397455283261440
1491709104
1459759669908590595
1419301969416568836
1318323148958281730
14709515
1397654594927333379
1324560342157037568
1366570765836046338
1368941034244308994
1330704622844055555
1362039084168990723
1276137523258032132
1240431844870574082
1289711173965942785
1327956039136899072
1327126066893303815
1151659552057823232
1291559104536813568
1237716740215320576
1289651719224385536
615470789
