1295929622870228993
1634205224473702402
1590406607040663553
1579805105758535681
1495106149645000704
1441643028746158085
216890677
1216405289123110915
34735606
1288486438418317315
1218776271460548611
1249109740556152836
1221177479408357377
29467707
281851419
1167995882341621760
1191457940814749696
1165453366593540096
1181421380681814017
1100774307758858240
1168302953142206464
1172952528473997312
2959857316
741412580
832042114422800384
1168226116710096898
756452080219455488
21327598
9961532
1161150267150102528
1105284139396358144
609478482
2337008125
1155987931342917645
1130590021646528514
764582505823416322
1150978953487761409
842220115
935261583072219137
1163254102874157056
867151369211457537
321736238
1098828514424320001
1157230785910497280
1142898808206045184
759889234295525376
1095735806197710851
1162903145649004544
1056734322907058176
1131237609089437701
1150483266241212417
2530913162
163576715
1163276592493318145
904695876391665664
51701028
375348231
1119818668311924737
1146272577737908226
881634191586316288
941323260758806528
1078837716207382529
1163528739394904066
1116465186502656000
778175941910601728
1159944885862092805
2285429016
1162350230311854080
1161999112897802242
1161918925166338049
1161684619579875328
1122183906009190400
3308377058
1148571499114258433
843285246367973376
1037539256
1078105826
764938076
1159952690547449856
855822386700193796
715515199227305984
3303378830
1140442434708615169
2516485663
1156260235444666369
377600047
1058493108621590529
711623702853656576
278522475
77393252
1069720356552916996
1153426992114601985
776595612594614276
808632745140293632
1142488109654904834
1082718683242344450
1009072198307500038
2338090433
222975264
631781675
952821008184020992
47734819
1151905482875068419
309469779
1104735450265092097
1097891240182497280
3427962981
824834350868934657
1146878840985178112
842504776688549892
1023500149538975744
792286843
1041693938451509248
4418414504
968731672169590787
1156290008216719361
1424290494
1069470172417851393
826243563075858432
1112026769366966280
19154278
768199352196005888
44365200
701881304
897922380575539200
1054800389604864000
1082100425204088833
295506008
1041205551944876032
217277220
718852436627234820
993710146923716608
1122867250460073985
576827154
92109145
1129049761
827582839143030784
1090988740632285184
909563282075394060
986135255571722246
1108995801529741312
1042241488233492480
1124427507325784064
1052041440891686912
24413482
2776892210
1144647472180060160
1095351228521988098
1112005573816532992
1147919581929005058
3300736370
1113679072545202176
1273961220
1563592711
1139756984322760704
981601553084833794
1047556683000700928
1081165168841617409
1088280344812507137
25211667
880874229197099008
785025136516747264
866752414245953538
1376175572
955855771442565132
986710329265676288
1058506884754432000
1054709594
4787545161
4732993821
1151213763070242816
865685025009811456
16171500
1090419900068364295
822527549871788032
905600961665785856
966536653870309376
297531098
1008384135575023616
3053720755
1041370444908187648
877186431432744961
3374475687
1135304682962923525
782011237827837952
565727267
1147891491127402498
163495385
127538853
847470893144039424
475146307
756262555878821888
980876552534740997
2904222971
3314486779
2783300246
25027910
316958473
3237275510
838889800203526146
1074053859792830464
163014982
1112423229665226752
2306538869
1127960424102735872
828475048792961024
849229357386047489
752896090681204737
377169848
946527450275737602
897343592393519107
776069621732478976
1096886143881220102
1062841288641392641
1345094270
903205965662752768
3365083340
2337819896
875948350985588737
916410485800603649
3478386553
772043165650063361
1015295486612291585
761255866570006528
34160277
754373634320310272
1030443493104275462
1097319199502938112
1152033727721160704
2755215773
1095540151554473985
3019617976
340009054
1040397875426017280
839361854283591680
1240641883
4011116913
2745345459
867100233699913728
736699556
839292602981756928
4351867402
553027990
1145145708284186624
1426160528
1034118683671646208
1044289023655665664
1363569630
823288021260836866
715435146015473664
17325647
1041923630135795712
242802762
1122680324335575040
167419280
1083844412139098112
703216352140533760
1054178444181995520
1015420619331198982
2313142795
231546312
1147200661819396097
23000204
1112689325987282946
828482173392953344
1081631826152706048
746175767185399809
3327402227
19164958
1084453199199784962
1151881667419791360
746707887083266048
866721218
788794717806919682
3283242398
750399018
1027853035190595584
1077435233190981632
498456439
964309132361814023
1032704068442095616
1092131147516129281
1067414507000086528
1140094937356128256
3418210767
732795673
978707251430088706
1128296472372400128
1144369888712151047
1147920334248665089
1064650195131076608
1509363152
1014109355464159233
821349393559408641
2819882936
1112990088089071616
1095607314
30405799
1111111928846434304
986001007
864642082039881734
1059742737853890560
1000307714944204806
3131594909
131877932
1149025282856312832
