1411003972467544065
711535251835629568
1656889475241492481
1585800929080578048
1555303810557419520
1520285724934873092
1028139875655135232
1518902002796875777
1500195777376702465
1659284343263490048
20941765
1677145907089793026
1600076359719698432
1707617376848723968
1592015421091127296
1158796001844633601
1669536985952780290
73736712
1707820886894546944
1162932610328190976
1654292293481009152
1582716911556648961
1569251638799368197
194100479
617551313
1695251858636349441
1542308621148721153
1617173102546374659
1281417844538904577
897675682645463040
1611021969150836736
1602565127362019329
1602430701651087361
1518350589075329024
1674811713621827584
1593374948613054469
1474108191394959364
1656761985827045377
1691890422992510976
1332812524610342913
1613106759161241600
1607033589354340353
1246410787977146368
1429861634076516356
1324017987016417281
1141830814109437952
1464683465862004744
1284037838066061313
1581253175394373632
1413931683972362244
1217559748557647872
790749735074213888
1597328079923613696
1685281140305760256
1646353998054604800
1662642284033187840
1664846480644136961
1675458782111883264
826078844801134592
1414434229
973576766651592704
1629173557451186185
1618269173200592896
1333571735787085828
1611690064693678082
36228219
372408936
1681759026055376897
829983267424174081
1474059277731958784
1588197955705733120
963956150466154496
1655632626324246529
1681580728029421570
1664399518593581058
1461086447713333249
1330728284041179136
1697588209
1493477647661285377
1267973798625775616
1612231355319959552
1528111978207649794
1608675685496668165
1686462673326579712
1519732085552029698
1673739120890331140
1429400366819512323
1596128302875480070
1697358773822857216
943652384114274304
1654152076744613892
1465840319409315846
1574436372462456832
1266466755326566400
1683746347478917120
1689801873102864387
1616313555598327808
1054982344652800000
1666941671689400322
1683465054962831360
1427334334713778183
786737931314728960
1594383011654471681
1681265769538285568
1698416945631019008
2891637364
1515401879563481091
1590019656147943426
398823404
1616138866745802761
1526710569277050882
1674558157761261570
852738178876186625
83397922
1675180411540979716
1370957591006883840
1265811711682109446
1688656593196560385
1545973308285325312
1652692730743599105
1382715805121581056
1640460517431996416
1686836400832876544
1164185015753818112
1638874998830972929
1535827632746807296
2255898620
1694355660182282240
1279498658
1691546826048929792
1616177889040285703
1697731123411881984
1645090538842882049
880697750899351554
1680131953369165825
1483038381693091841
1589327756990504970
1530727585885442049
1641469258898235393
1584924240729481226
1628850538652524548
1678776177639698433
1590178818655936514
1618119470190305281
1676671202285309961
1155031120427278341
1682423385119227904
1511805733368700931
1470547842569809921
1691543408140013569
2701898754
814222060440391680
1526178719244615681
1665012505637158912
1653878834607935488
1467838514083491844
1075489685034725376
1430847155154083841
1602080730573586433
1606169344945360896
1672766328661327874
1667175518544748553
967774678986215424
1689451219914194945
1278426873517793280
1627334773659279361
1689052936608026627
1247185317809082369
2356853292
1616626641131954178
1676017002329042945
1626940488237342723
1681863487960539136
1667126148470575105
1482000326211391488
1667635459072114688
156285331
1616789704581738497
1010000754424336384
1662534650714284032
1687088117386215424
1055877718401794049
859770978225803265
1637239435673649152
1684579373943500800
1691550721085243392
1671258075729149953
1672575929845940225
1226363713957089280
1520850000070295555
1532613269638225921
983796552799006723
1655652614158049288
1595101593971879936
1586936848818978817
344289478
1564435752871759872
1570390590876942339
1669845237705977856
1477499947360702475
1304258835381514241
3702396916
1587090001346666496
1607094388202606592
3296797169
370403181
1619207516059045889
818490483257315328
1606126358920306689
1586605101376237569
1631651733586706432
1666128813481238528
1688342821986562048
1611421885975101440
2471403160
1281080450325282816
1107390807324196870
1573611996619997184
1530517253132804100
1568850881432686593
1361767691909005315
1670280929141465088
1586210537226076160
1274692926015262720
957895561339863041
2913992376
1001115815582744576
1493637936624979971
1075993240405401600
1253333741147058177
1666994257008418816
222804445
1674939504262631424
970884857126506496
958768063662485506
971808555199328256
1589554506261360640
1319317520390782977
1456004037900439553
755974657
1417311433742716928
1553745609882050562
1640088862369230855
1591898142936510464
1498324056558477314
1475847998928310276
1669134628739751938
1647127643949608960
1455893945473454083
1225171870141624323
1398444315123331072
1592695264204275713
1106297793101131777
1524260879583301632
286784443
1642375233125634048
1678851563975069700
944735930862026752
1615299602575417344
1684289440045314049
796910319591428096
167515649
1277389784583995392
61090648
1593966049380147201
1683719641238237185
1662256141445877764
1679602136806576128
805223648499859457
894728198382080000
1593426475830562818
1671589202176380929
1592174249602580480
873923272789946370
1361083636624355330
1092825326676258818
1567266741503332353
1467225591166476291
2592143102
1640848490384244737
979940399233077248
1544433858665496576
1618554234915491840
767960339547774976
902600533260816384
1523440791057838080
1595815845896355840
1146683604
1669172128657166343
1447524916073467905
1252116466826186758
1662632739739246593
1336384611190976513
1239801298674806784
1267257106652172289
1482560732973735937
1636131849549348864
1398481667350798338
1639756338942324736
1494752909510295556
1302316728903294976
1674692803584991234
1214659202402148352
1338916009433059328
2584553615
1175335475944579072
981272466902470657
1667269527443259392
1050210554571317249
4737965237
1665180616281686017
336236044
1591606720815632384
1263241125227311106
1589407415807758336
1263123867335360513
1492882800529268739
1597152522594033667
1434530078457745415
1586313089418395648
25352557
1595519699776856064
1328641131370979328
1564752228048592899
1462843932149268483
1465625620449271811
1467184092944998402
1662813043078594560
1596498215771295745
1370941823443742723
1309110336663027714
1518729294972739584
1596685092394369024
1598793165162651662
1585836124408537096
1464322912979144712
1596642410947399687
1259868294602989574
799700431
1647037768806039552
1400900625051815942
1654654990022066176
1568628473098387456
1594280582200102912
1477324754227019781
764784246384914432
1571009079681613825
107231140
1364307115397967878
1467229063534329864
1610674745267163144
148621259
1529960610632458243
60313540
15741261
1591570056546340867
1403833895632703489
1495911712796540930
3033100157
1489987177031376905
1362339692738449414
1596659870459207680
1641136365667590145
18891076
1134410125328838656
1574900834407784469
1656313448815292416
1549517042595909633
3400702817
1422519599627706400
1145789816157679619
472070951
1669320756214349827
1651711029741785088
1645800482345189379
1411495596167413761
1592011186861735939
1603685595661963266
934131001017716737
1564350839883501573
1524676089049612288
172821760
1253724166978764805
2432310906
1294638778099720192
1663399547132063744
18036686
1659930397092790273
1518774702336057345
1306703121469579265
1662203964308459520
1422258958820003853
916746622926835714
1640832837396955139
1010914093992210433
383903024
2463171746
1665980527579484160
1313157619645919232
1063202045950418944
1631158964099457024
1511951131106291713
1471442125174759435
1438535803060191234
1538661267132383232
1656746851041701888
14144881
1309560884386299905
1652493350136676353
1283122674177388544
1432632743486271492
1212457076028370944
904660897469161477
1372860154438356992
485296454
1618540114019508224
1324868187314413570
1467644699854917637
1477737758298882048
1482302312576135173
1578787755869569025
1543535465323810817
1642078440789794816
1588607787600322560
1328894170577178625
1121574958092693504
1378210155020439557
1427748196399321090
1612201260018442242
473504628
1650095434805698560
3220098333
1591314108778848258
1541903307295207424
803420516438724608
1625676984612450306
1590236940372250624
1536210639156305920
1622611024791711744
112652456
3198777497
1597630410497921025
1161056829272539136
1586932386155069442
1287335807225913347
82105868
736095664501719042
1651730970154770432
1602939828428947456
1659591814054129666
1427340647426662401
1010920641728479233
1622742375109115904
1488119310337806336
1128802381918015489
1394578717142392833
1503629954982244355
1332307680732516357
1119424639984209920
1586750869483167744
1466939375439257606
1321147357883473921
1084163862532894720
756498160223223808
1449062098005266434
3020900987
230995003
1660712335093252098
839842960653037569
1662136302848950279
1589387703816167429
934443084263448577
1638590018053709852
1611929035751460864
1061035384744919043
749607928768917505
1601635018517848064
1518681668885827590
1367796571241349120
350782341
1665008710194966528
1601080642816483328
1021176471543590915
295929695
1324578242578190338
73897252
1403368048124366852
1417652901774831622
1598368202265923592
1299770718905872385
1590130915174490121
1593780609360564229
1583100823348936704
1598459077985636352
1608273003560964098
1279898928041865220
60104479
1649146887222489090
1581802516009943041
1524226014271913984
1591098001417707521
1022879742654115840
1159597326056525825
1588308681501949953
921921355322396674
1450677379521785861
3370328157
841075560319086592
1638800105401622528
1330651673920880640
3298174398
820710596521951233
930301276138618880
2369157648
1656823692213493762
1366851257239891968
1578388675230109698
1586836436925423617
1515175587760988161
1352367066507046912
1547650133218643969
1598048451983511553
1490128377776201728
1260443588464345096
1299512006198919173
1128337957289697281
1644035058863407105
1428864524673765380
1364696591416836096
1432393669324193792
850763376263299078
1346962885294096390
1612025352645230592
1163836012109299712
736016951332372481
1572370938875854848
1574856289334792192
1650675430565838849
1211851854071484416
1449963620918382594
1482815569464287236
2511662929
1122265194036715520
1519449981505126402
1639446827060588544
1477466196966576128
816082724016549888
1288279990157676544
1365471189607608323
1234663272697122816
1583540114025840660
1586211253806137344
1266557728777961473
1459161943781122048
1508645642381406217
3176409736
1652127644429832196
1196618311389384706
982070158125682688
1453014646705860631
1460376709601972225
1570995490812231680
1448399053574873093
1610822676926599169
1635801614249517057
1589732670136795138
21201150
1607787786458759168
1147972272453562369
2284156944
895544360682610688
1504102103475707904
1625935641283293184
1610382681409458176
337498265
1487968439692152833
743574020428341248
1456488997543366660
1496907884847849474
1287780767872036864
1592262480704806912
2741072065
1641173071791890435
1489989629549895685
843965625177399296
1539290146809516033
3385929795
1398983356512100359
1585136937928638464
1585948040476729347
1497013721176150019
1587548746677891072
3358485004
1481827120988966912
1597680539959427072
1119113234923970560
1412551582177169409
1551057961
361044311
1593553164980039681
1326897749036576768
1496192458811715594
3539086224
1274692457913962497
1302618300606812160
844764978
466506674
1469014330834362372
1595561145573728256
1055024723837489152
1586831742014570498
900039752979804162
788924574033379328
1638569223172808705
1649513744458760193
1467340048756613125
45010722
872259474010124289
1149074599717560323
1562896502787256323
1478177959840206848
14895030
1547976276362665984
1641769100929122306
833510865949200384
1563973035559768064
1620336857803526146
1641144560985178127
1498765882683793416
1604313277718200320
1607636906199728128
1509342101330300931
1460150176874516485
1595369968392019969
770001076582019072
351706288
1551204260318257152
1176877140563939328
1446932149148344320
1601459742450163712
1356769894461804544
1368342048491900928
1639623932444647425
1279730330
1154064432194052097
1625385696943919108
1588268284146769921
1589331157786980352
1545003141330001920
1585882952013123585
1216510540194906112
1233440695580409856
1629152100922826753
1374078679618359310
1242777671588872194
1595411707488309248
1137038394503114753
1635486231462047745
391243165
1067360089
1223419831611011072
1647331070998638594
1046366685425541122
1492235607258513408
1618626273156427776
1629119702189457412
1346643496111919105
844434316943904768
3214630234
1105065349991489540
1637507099558027267
1603191960650522624
1590676593998962691
1629417030293102595
1273598904685248514
1572903910007873539
3138347781
1325554108359696386
726864139511980032
846859247933632517
1635432270940045312
220913717
1416162307126833155
1273639475340554240
1642925801791275012
885544294081331201
1474091860025122817
1618439797273411585
1633423171096387585
1479187251984846848
1585575975013736448
1338899697310830592
1521309472513306624
1588621139273719808
993268289227780096
1176667416979365888
1528230903259996160
1433791977154400256
1635870343083720705
1590377898657157120
1262638140432568321
1080341452071284737
1536876949007646722
714661337520021505
1571261226247659523
1471726396313673730
874311923503902720
130678585
1230431996163178497
1578052916551852032
3390430893
1593623025898881026
967147536342552576
1159119212243312641
177564016
1452987513623228416
281828094
1560259510215663616
2371203368
2474749586
1500129642
1605109219438612483
1611610773393924097
1595500307374829568
1626374000069705728
1325913238479966208
1599193371582537728
3957788915
1570094164343234560
1129763878684856320
723723719869227010
1602056977164779521
1642359225903902723
1609642935292665858
1519141960371560448
1249315862059909122
1585300625553854464
1611816542261452800
20385269
1371254293391609870
191484344
1488458759135444995
1636863191601774593
1518854190579478529
1235369470656425985
982063944339615745
1621979060929798144
2901047283
1593721143910965248
548258435
1596964544370204673
1529569891686174722
1631371160637308928
93669313
1182074531298643968
1423402423423545348
1467698301189476358
1620832674452766720
815197950070714368
774005585801048065
2904467961
1578120125064126464
1466039745612500999
1605904247924604930
756544737645957120
1586855450359758848
1638709217052819456
1609116266052161538
1328809595645677570
1220840868766072832
1542250526116442113
1570507882247888896
1371473346819280898
1467323063905796097
1502320914624651274
205579364
1428464364487643147
1612134131533479938
341170330
1586661745682153472
1125026066362355712
1554118292997959681
1628072990993707013
855651281196773376
1499521056503382020
1631816775946887168
1534581074281517058
3036992935
1555953250565767168
1494270372404875269
1517169960598085632
1532468526446960654
1436424347313389568
2913923425
970431143106531333
1590407979442081796
4855736205
1295439337237159938
1316370797511020545
1595110809134403598
1602012018654969858
759938516675538945
1549273740407496705
1567243347303043074
1620439658936033281
1544408838308171776
1478503520177324035
1441971834
1469074531465711620
730329614443270144
1545238646772858880
1088945288188841985
1372900964047450112
974697609150558208
1288115904018956299
1598798067339329537
1241109933824839681
1350313671910584320
1308433994887856130
1579885886396932102
1519386009078747136
711931437746884608
2472399354
1619866389350846465
1317142166901301248
1020644338781605888
1120840017071493122
1598510696978960384
1272961221151600640
1040629068264366080
1561177309406810114
1602933518681935872
20837035
517940435
1515070660070019082
1524570593697353729
1167028576937480192
1541512312242294784
949691886280888320
1304753176759939072
1313112973909659651
1558944311797944320
17753959
1598528501790941184
1580372885859860480
1175992423
1508567562417684488
494643115
1612676091117813764
935996848267022336
1240641883
1519125425024376832
1050875642739351552
1615703774286254080
1603513284493189122
1428293763143815169
1601308451300409344
1549034855408848896
1610294476739682304
853968802043887617
1592162181134655489
1096813245141340161
1415044031491416065
861263932983357440
2755274684
1440773477040934920
1537225604554031104
1538705932799987712
1347367712058695682
1201985743729524736
313038011
1491086586720645122
1222339495422500870
3817258229
1266494656076013573
1465894553395900417
328073949
1453011038245462021
1550558690683809792
1455695830787166220
897650054022012929
2147932104
1595893971301109762
906496428234682368
2616488888
1185775316960268289
1636117926
1601977194451976192
236300369
1469368286588641285
1591458590639984645
495622908
1387061077599531019
949681961219641346
1180173696347987969
1395539616669872131
1400063644403183620
1440009878420983808
881795855916781568
1553372043579691013
1588097792081154050
736069083028852738
1207686658587537408
835078520246173696
905898956105945088
828702591878062084
1201107860920373255
448492123
1348838207123648518
1031726898
1530588941988020224
1401878274356256774
1003645782803861504
1602769952510967808
1245461251137789954
1490367362121355266
1437835591299698690
1567523263181365249
1577384131952054283
17443632
1121807798826930177
1521591449284136960
1536059784528801792
161190362
1382861912795402240
1590036175418523649
30364919
2280572664
1475179435133444098
879737457893363713
756173519545708545
1465661487557447686
1597967069798141952
1499092292153475074
1498061542813847555
1540061848862658560
1340046910992748546
968314896294215680
1548195743264960513
92849144
1292966435447218177
1589382172971921408
1495745698553290763
1439584041590616066
1600004355515711488
1598137301036580864
1542337385530376192
2970330838
1600431964997181446
1211641290812612608
1489956224179261446
1595344451030814721
940750918215069696
1584800195056844800
1294636617622265859
1487297944298696705
1375129159790428164
1593637618339745792
1532150776189046784
1473050302429507584
1112094166111215618
1581367515933966336
884526971916611589
1509987596654551040
1500376502432681993
80499062
2472108787
1589649973515354114
1537576785004462080
1600949164543721478
1395122674398081024
1598661852015300608
887264594
1482579519902998529
1587100272085565445
1403181761660588038
3241791551
1519342978988486659
2391897518
1049458666007613440
1177669933049827330
1272304420798304256
1544812854515220481
1361152402515234816
1411474170937020419
1602699500967153664
753262224983089152
1351525075812556800
1456830302572122116
1491999478320021505
918448245034102785
1926743834
15903371
1596593262080532484
720445825512521728
1545677751557971968
926329596483719168
816711080516976641
1585073549995229184
24822993
1597105297860055040
717223802
23585187
2417163270
1585890738872750082
1596738294053732353
1590033816399228929
1564052276330860545
1519832102241325057
1598977204196896768
1068210480752328705
702251637285511169
1502008244679725063
1581033789505011713
74609380
3115864453
1599194644616732676
1402816922547281925
1447958092113657858
702925186300039170
1589534041463668736
1597615659936096260
1573336541342171136
1586470030337638400
1427446266158538752
1601075536935227392
24431333
1589367037243031553
1592592299564957696
38227795
2800866414
787847062213713920
1486405806753034252
1545197623404965888
2390636869
1595610495989465088
294293982
1550415771188314113
1524504075940806660
1403620789
312847877
1597507372574019584
1049379887587450881
189870199
1362897251190910983
534023
1560350230427701249
848238340923117568
741195637090291712
1066187390178525185
1479473243425812482
1392210032343801857
1470087667245371403
202021599
1409494662667292672
1518746248995479552
2843713972
1597222211202547715
1006928094769315841
1382853996122140672
1586507627894345728
1521870690630221824
1551611292015812613
1591826287424856064
1570263541650984960
842597539991896065
1280976890
1367142333528084488
1290117756315037696
1596735640036839424
1432929289478053890
1497653513983246341
1381631987358687237
1564484075741622272
1577869048494587904
1296996709080408066
1595182217407467522
1296495416180170753
2870185546
1586078275662934016
1595686317333020673
1916487548
1595194787321241605
1584609665190662157
1148352932699525120
1369468551032008705
1251618669664354308
1467971099879219202
1576179003047792640
1478032259676573703
1592684152297603076
1529911174896177172
1564499709414326274
1118947457415680000
1326512257
757762696095862784
1559084990704631809
330390978
1310305961018617856
1569682960953257991
1577603201477611520
1520430827053756419
1065032890856210432
1482479502223626242
954124423
1576142653871177729
822299610018365440
1590248396551503873
1347313273750827011
1306226598270697472
1593658438416056322
611986351
1589776200377008129
1587810349507612673
1467669102189858816
1733467884
753347594412142592
1366602068925046784
1273312861545132034
1363568897388130307
1092606785108803584
1568670652219146240
1221441944267653120
1267372407599357952
1543425844835540992
1325533124328091654
1541924537566199809
580626670
1194010389186527233
1587657836041064448
1105579270246682624
47735010
711783702720675840
1519673084579618816
1555257556389470208
1430173834272034818
1508716254630232069
1448817356495413248
1325139129256996864
730298942
1161092556505174016
796862655017394176
1573074338542133250
1585679694715920390
1571239984425832448
1466841469134815240
220891672
93755227
4550815108
1399177060141109250
1468835109621043200
1586421283927072771
1344956684
55744877
467620549
1469760472987615242
1587400240251936768
1583955842386255874
199149601
1181947820229713922
1591840662286225410
1589396327108059137
734185690804555780
1273026620534767622
1508417063836319744
1552790609441837056
1194442867680276483
1207457008175198208
1589378900550946817
1206692460124094464
1587070469722742786
1589715794476376066
1473632037592518662
282706947
898220572856995841
1427841414814216198
980516212059856901
1551725959534895104
820711019169386498
1220629654412939264
14168372
2260351940
1589954281247055874
748919329585004544
1332685003
710972918663086080
1511682536522588169
1325992976871526401
815728164722774016
1566812354964250626
898083770087206912
1364174855227211777
1503083649130020868
1255081301499150336
1482753120937680896
1587569830823022592
1118651195919228928
1478763865471127564
726201472262664193
1159534310883516416
1331392369745408009
1435720296791695363
1184479080026128389
921206538932506631
169686021
279872903
1535281767183163394
1566014128631689217
1245437723500056578
1427383317452754948
35771941
1530643344732332032
1511354526883794948
1486064256047005701
1159540664109023233
1489353200587190282
1510657393931259916
1585085455216820224
1578151613893693440
1584828301385900032
1458221380185505798
1582693136165388289
1536796346149126144
1530538206579593216
945829087
1571215842443943938
1574573985379000328
1131983647479930888
1231641320537624576
1582816247053328384
226194552
1148009146236772352
1551797469696036864
871650706381561856
1316038736782807040
1559340212966330370
708702654583672832
491530957
1155840474588037121
1510286963835817993
1235256396695908352
1554418628933455872
1377107217292296195
1262915436531912712
1323417691185729537
1567297503816474626
337611162
1540460409190174720
873427520074461186
3161760900
122206962
1545574768765804545
2030711
903228570536996865
1247213713247162369
1053423650139828225
1347563421500248065
1451685640622460933
844018233325707264
1100495923522592768
36612159
1571770521263509505
1538288322585321472
1355573010980237314
1512456483094425603
1267930060994088961
1517637778426580993
1251642753584422912
1432192298960490500
15258619
971157641912229888
741295260081360896
1412145117083930624
736214254194417664
1634208277
278565030
1408787973617983489
777950228183977984
130537001
1503010180891615232
23962971
866005696428384256
1544891309386768385
1550682691141517312
936750410676817920
1571881405776289792
1463792158528344065
1506794828876636165
3006694185
18989355
1538099184863166465
479246462
1555274897458450432
15986949
1529951831383805952
1559598317843128322
1547326457130754048
78130788
1562767623699726339
926524341579284481
1236913072180084737
1549483028397060096
1471232930
1536125031335723008
1485996898737606663
1184210407130570753
1519801019584106498
1562640344713289729
704391334128394240
966299443401195520
1504952792351481856
1408501800702038018
1518767109295292419
1568135188907175937
1078548240239230976
1249446949331202048
758307228898254848
1201595653127843840
861520656
1384297752339701762
1298073091843567616
1536510487994638337
1566943069659865094
2322305359
1084236632864092160
1543047162031915008
3307282308
1141122344250945538
1519058890717020161
1564356711858716676
1524141462392381441
799362330672984064
1336060740
20394822
1546510237179338752
200576451
878945155335716864
1347267534182096905
1560698937492873217
1342174584594960384
1518981310529871872
1524407286910930944
1356577565050351616
1308665126892036096
1328062345256562690
2996959115
1305776784714207233
1367618153098973192
868259013301071872
1561479637
1467601810462584836
1337090273885696008
1469113380325761027
1508573794436222978
2485417855
1640555772
1358772893468012544
1259600179554025473
1311056390
47510944
1432061292471365641
1417338474382782469
1076187814855884800
1097307140690272261
1538728775877136384
993802118128693253
1280298812314128393
1547398996133568513
1162903949353111552
1278450581422686210
59043234
1420863242054864898
1427603097547952128
1109145312227217408
1270794983365201920
1548656278783901696
112684779
1519511626013020161
1496594279975768068
1360150963319943170
1545503826685444100
1536111003301203968
1082972547396919296
1481597432706252800
1501219835438460929
1024735850653986816
97999865
1507101337925861392
1221881912425353216
933721957517758464
1546704014
724870064407777280
1118289918814560256
955485791018352640
1429642725218004997
1280388893511163904
21983321
1389636365034393612
707983026383413248
1467136287287259137
1524781208663691264
3081026023
1366049467460427783
1304423180346552322
1456352281901867010
1461055693688029185
1042841352776704001
1430584098431639554
1477838811291922440
1537543398302834689
1516538817427255298
845323838581702657
45725103
1383126468339896323
1432107097034985474
1395692103410331651
867525126560112640
3214466631
2202066547
2209483106
1392274444635230214
1434198741985030147
1377414834845810688
1529860943454273537
1468334347828998144
708595485435625472
925865976
1416524284751663114
580054149
1420383811444084736
1462953141696020484
1349108560333037572
734126161
1115725873926234112
1454997524104695810
350822109
1467225797052166146
1350327387221725185
1451631040628510723
1513291379895644167
1450656984265601031
418258099
1870230860
926050173683470336
1374836717337841670
1468839885876252674
3469089194
1468054692945358848
4493052314
1347091733432078338
1468565403240890368
1357221268341223425
1525982282808541184
1519610128525574144
798669619246534657
1229630497040416769
1449725446589923329
1496248623973163009
1386642474
1275790126023499776
1395200580759429123
1268181246666039299
1282674494876917762
49540266
1141379768799178754
1528575538910138368
1255651867981307904
777338169209462786
1497300304462811144
105369170
1482201278939860993
1370317296766382082
1475534856
1476300481173417990
1220135746981580801
1353571906042040320
1090254235
1467571391104835586
1369939043589488641
1369521061243588609
1449782384925216776
19431590
1337163876572524544
953874691508310016
1240780672173633536
896390903081836545
6331792
405605548
1466920495387795459
1481399437427503104
1374860508843675652
1116766980596543488
880113655068733440
1522271298717634560
1107732377256648704
1526656954025795585
1332926739761291265
2476076964
1414972753145380880
884871410740600833
1312040356360396802
371856207
1443439238742044676
1268332976611495936
751930818897907712
1519490388612030464
936238338356404224
1380696552138739712
718303168875139072
15843664
1487173305589063680
1468355780483112963
17749697
736882687865016321
1352024062374113281
1282448615361916930
1178553106621067264
1367338556939669504
1434720042193760256
1178008077871828995
1501589343059820550
1413435124662763525
1269802080115384320
1411723858181251074
1458791175519973382
19828155
2204609910
1471664814548299782
1194266849241903105
1436186913317208064
18525771
1509310373190684676
1021596229510291456
592931843
1291479115602649088
1375204226717077508
1350047306079481858
1327003755179610113
1518926168195481600
1081033132076400645
1468121187301531649
1343150345959170048
1425206235264163842
426171392
857906139173924869
899323715225178112
1071437496024788999
18156030
1448237152475697158
2212221144
1346461844496498688
1455423918
1497307717131714562
1328473059112722437
765618069062422528
180877138
296302744
1391318852194246657
1487565423944077315
1475494481260691468
1197418511489847301
222266630
105529681
1161597044
751805533812846592
788794717806919682
1493086068421320709
1021130041
867527686691991552
1508502515985391617
799505607455809536
1279464093951447041
1440984338858905600
1439580600818708481
1298044218716205057
1274278696682168321
1480966915287928845
1019625316187295746
1158222006921441280
3228988110
968431459034841088
1502712747464794112
1498537406068318209
1375161399522033668
1516632336170950659
2288646894
162078839
1176806863872114688
917587597
1172468792544440333
1393080617349402625
1217398872445739009
1144774139896565760
1261270683285204994
294004971
1026556303
1366130381045530626
1347431595997863937
1292734098524471296
1241182970154749952
19599446
3133789828
1441087720055443464
29089797
1354821820931739661
1035721495
1422354357069127706
1333503054822469637
1155886120351100928
1428995021013934082
1442894083156893701
1530530365
1107569015030013952
1339847350173351936
184917734
710144848091860992
1270789704699596804
3536963279
986544332617347073
2672615846
1433105598485250048
1254857421891284995
1409052976770011140
1375051310731509761
1393382022492549121
989695514441633794
18643437
1274160867207032833
994290567755550721
1008746963553091584
2813957184
1279310227
1366703206009552899
1421483851256373256
1061370662525304833
1244345839922941954
1437480808605011972
1506377725451374602
1335386736243830784
1415481206192361479
1183418538285027329
1452610513200979970
1449237294435733504
1144780199873122306
229141520
1037438720847355914
1276956778782248961
1018582177381081095
191197943
1510018525900931072
1051550250568167424
1482477760765382664
1456078207178969094
1499254031851540480
937631077325262848
1467374382519664642
1458908140481695747
1249975900927430657
1137901050130784257
1053198561138167808
895485884098916352
1394767413925777412
1354084598347669504
14845555
1509012193320316933
1326951397628260353
1258435858933350402
1161546762
1502889917847945218
1498210217116459008
1348948452122759168
1493224484773548036
973332940393508864
1165803366599012352
1395333647167803395
3006547948
2407544636
958421366407155712
1403010024956440576
1415407404385292290
865852248
1011067661231550464
927657935748190208
785735158116683776
1474717591
1238320367703330816
3290152525
1463293588335333379
1069108975805714432
1486872568489381888
1481582232863227909
1397983462993272834
1307233149865394178
925210519505637376
1463601054285799424
1488255559887466504
1502851703896428546
1093297314830135296
2819882936
763399422805880832
784247858467737601
31358365
896611644842717184
1472865125694459906
1461152296729939968
992191188881960960
1427310229994164225
2562290954
1496252256898977795
1355589268094279683
1464265345976479749
1480926325091323913
931346315677593600
1404178043527208967
757338257193521152
1243692732146536450
14246109
2493204512
1126222498255781888
1483893386817986574
932099351693869056
1199436219714875397
1112003189895806976
1478478953161670660
718622742036221952
1233113216156413954
1489231662634487810
722451997421674496
1231418607344599040
1337945891722899456
586068267
4885525736
1471654537576558594
1412701271363031041
1204868621505302528
956997651177852928
966902626624323588
1145560535498285056
148934865
1468662864353415170
2340667345
1345810775433162757
1144466870898049024
1271452975714766848
715435146015473664
1386340151136329729
4782549661
1399274161944530946
17599264
810895268971479040
1384412886920056832
895333130252451844
877241678180036608
1338154796906319873
1464227414645653507
24699747
1449260697964068865
1454855262980870155
1431448384552910851
1007053249348808704
1344241350766592001
1471726409244717056
1176358999945433088
1451260712228200466
1048012125141196806
1003200942139953152
2626059063
3135666467
1356798461312520193
964814789171138561
1140227234864742400
1477054313054846976
211770278
1455553422313365506
1372252739472912388
105703845
708072367457566720
1394770481488740352
1393746643
1437419406464716804
1439432308419964930
859543544335355905
1384150270859382793
723896507259322368
1444922216244723714
186538723
1328393927020474368
1194116373661782016
880602945632575488
1176614567188684802
1345629657387782147
718600146619990017
59590288
1250871884620726272
1189164249517572101
1419301969416568836
81977862
1307889048904699904
804788113402974208
113137765
1306061191
14123310
1444273956240994307
1443933597350694914
1534763390
806262178802110464
887542732255657985
776384191739072512
890652818461294597
472447110
147857744
4330569813
1262918489251201024
1416212479865196545
492156320
44215682
792393470782636032
1256812510344368138
1451941051334283264
520445177
1411821152578818054
1467931973616386052
1468296007909879812
713377689743335424
1267980754664992769
213058411
1410183493523496960
1394773081424543754
1343438130276286466
1408600853930385414
982056590609018880
1366529249264345090
1168345920313995265
380926184
987072608645591049
1245795007421992960
952626408496488450
1359207227652009984
1430173435905388558
1370692561
910248320009981952
1276715545551831041
1461965231572209666
1451557028455923735
1456976541909504008
840017689234026496
1329693545221931008
1192471267779260416
14862190
252941954
96906231
1091738353530257411
1304152377050759169
1208386913800818688
1454527247885508611
1075211100398903296
808886173
1420901616983576578
1270817461529653248
1400158094986862593
1263984857048158208
1338945708129398784
117338050
4258453096
1249912461257392129
1364159160267530241
28527511
1341375993701945344
735024071843426304
295284470
2784804780
1054669807537156096
4891360635
46799622
1354775735081304064
1456253984096735237
1328555847002193921
55211840
468278460
547231764
19985444
880513667325931520
1390762874809761793
575938239
1359375096276688900
164928882
872571580727087104
1448475823481278466
1405230842000154624
998218376848658432
1015295486612291585
23035013
1328394459680268308
27522964
83992997
2984243591
1111757279890681856
1107793674065317888
785785782
1428646070284869636
1494648920
96039898
1029438584250617856
1895204708
19517908
1141977551755083776
23189781
1385062902311309312
1372016139044229120
4866458285
976853859703427078
1366773443023282179
856062828188487680
507405842
1009588379640528897
940124009798209536
2178012643
1114822908080283648
189631963
1393609516437102599
19997064
27766330
213559962
43005721
705144718833946625
1095735806197710851
1344104506489856000
1432382940017741826
1071585991
1388457308984799232
20825522
1161506413186822146
935349020
1383807777760440333
1186648074489339904
1275277480891310080
816566196745203712
3413276129
2715353311
905915649981108224
977081844666519552
1149164632264859648
1231793597457911809
314739157
342951419
3152608943
1245111278781243399
27012070
2827076514
1138396700
1406627080297660422
1160967592284024833
1170540489491329024
1201935772158439425
1283225777165737987
1062197256441466881
2351053826
1419725580573028352
1094978708371374085
1567184178
1615704368
3018742509
929330286609002501
741068948905578500
919520304753504256
1201178994588168193
2231109295
1126955403491676160
3081649792
422025770
17731378
1077820076
958686514678026241
4911324614
833937320797573121
1297921655575121920
1366920519589777409
579780672
1367134545745567746
857335856377364481
2959015403
1007050636733702144
744273252378382336
19213332
1398400272662208513
1298643183379849217
774346370723512320
1209964794
2610265334
1364556856262279169
3958327401
3231657095
309556475
1366150793523580930
234228196
499154896
1078620540
534437153
2511701310
136880720
1400832749607346180
845804107
1181680423652532225
1208806482604679171
1352347866480734209
2385477451
816131319033950208
1324887946395328512
13410
898823055300014080
1402735012341075968
921735019693051904
74760182
472412809
1365099828599021569
19620470
23533665
1191406287541723136
858877958089568256
2916305152
46671731
856162158845059073
1239639651859783683
1337985762239791105
4795549490
1269691445168005120
701746808045830145
1222219848425467904
854993716624449536
722163102305935360
3418210767
1290635110149169152
27778127
1405969291170746371
2653791264
1083217609821044736
1413021566145679369
1275272770407063553
2457180217
21614780
1485188648
1348635828889804804
1255455492069101571
1007403968996216833
39844876
1141267297560158210
902768303051038720
186471595
1342369769052401665
1009054861332238336
1181575746134986752
1136431895531728896
2274646646
818306045508362241
1295934798184230912
824972798678401025
1085368195568029697
2465207048
896384784
96910944
1379787075717894147
1280555976601464832
41905954
1094358237992767488
1383936507065495560
1140314513901670400
156371839
717229113132642304
1084993464750620672
1226738954340196353
1367613750308577282
1017433490
1146509923683131398
1354360896093470725
1012848315744993280
1296027291831734277
1107565758652039172
14808326
1633141729
1326229737551912960
1308549999165407233
1389441538522972162
1332525194259410944
844393170624397312
3267456386
1392908434174103552
1335237183234519040
815378555508953088
2823797730
1259953468682502146
1055481548689039360
120300336
836779281049014272
1127547875301494784
1383556210318741608
375721095
867908373966147587
30699048
1244325815610998785
1359923836356018176
20722476
1309125201767084035
9267212
106349038
1237787589052182528
1227292100531761152
1248061850387914752
901903702600146944
274567177
1250996316190191616
1084027079413415938
763508452870225920
1386433940974493697
186395658
66170511
1062430446372433923
18856867
1055966133004709889
1167787470106312704
15113324
1242375206565486592
1337151218880311298
1329118325767475208
1267213270978449408
1526643050
1387489102799376388
1360070504330199040
833658789530308612
1206100803947302912
1179396972324802561
784665469403877376
3330431235
1370586080345489408
3164867907
1329891389430243330
1054946877374951425
891098592869404673
64643056
1273377514451320832
282747242
56166281
2802570416
1225241728304787458
1165178717553004544
1172324726074560514
1382399285602480136
1239302704230531072
1018931868564180993
896158831864156160
1041835253155934208
1261678297773035528
972569324
1025255154549850113
1273953060474232833
1354542403093286914
818905354205622276
51871207
2607421675
1275075740401168387
1147294574861258754
952662875650379776
802480365386526720
998873369666904064
4659366628
192149225
32503010
1290880988420042753
1669312890
775696688489099264
1174180198721495040
825445747
1226167963
407179694
1355912282799222787
742823052354945024
1311739895787016192
1371872976077955075
1374395171366858763
1381083480658898949
63664369
1381513306280751105
752749220952625157
1327266713054941184
1257792281614200834
939647234991325184
1286486466114314240
954283519580221440
23123041
1153986138199199744
880157838
765241482974470144
2875166787
183739654
1122228935406882816
826522634405842945
1177984253650509826
1223441120308473857
1060842614
1005770663125233665
1004420067243712512
731527478
806959325365370885
890234451237773312
998528950992359424
1264199016088317953
3060230487
233209763
19527964
19205671
1167639442011643904
1085670237947813888
1106045971253719040
1248329741549146121
182524533
1160511729060786176
1020524007744032770
952637141011529728
936803388037009408
1089964276352196609
973646991099121665
992265295594049537
2472624794
517914005
1048265276104556545
1337852270873088004
1085075737907027969
109213385
1315388932469686272
327823484
1025410166483832833
1262702074120351744
1205581530858446849
1102760371495022592
211608220
1372676160610525185
1357717304931479552
381592902
1030624874388221952
1176854013964251142
16076032
1366666219768721410
1044928850
1371982883032825860
706623732186537984
1087181387914989569
771750226029907969
1367991180768772096
53979469
16253202
29453
75297669
1277292236
500204114
950904139298549761
777980351478173696
1900293397
1197542830241136640
69277202
4184121269
1110549860992929794
776882717736579072
14588916
1365855323777601539
1210323902674677760
838457598303223808
1370166966112030720
3161932205
718960320
1318848777151795200
36974428
1084835068638568448
1307793508963627008
1347218793601363969
1345458526441771008
2279505289
44494953
1327248851430989825
173294823
983143425850699777
991741610718257152
177954755
232731795
35039490
988807767031885824
795832924537032704
587232516
796194279731253249
1326060501202251776
937132610
1151365625698119680
1244427014452457477
1362751838525616143
1340745648644083712
1345531730116153344
830060117437534208
22657914
917617052457820161
1171116330591948801
1322015089818505216
800114400614957056
872473136373092352
385066883
1334180658588028932
3600140952
1359514233252233221
891015364439449600
1152269392601899008
1083416987479535616
830891475395293184
2536468422
1315173287928815616
80184608
1076891934474620934
864354979724709893
818948638890217473
1159960047918538752
1353862605220179968
1291226570
1201670995435646976
1365177174
1336072534618419202
425235183
855318254
1353040053602316289
72579376
1071213733911977984
1310972380345499653
1181470786638364672
1945678944
327800646
4239551
37863826
34759935
248045086
106213824
1080753829153566720
295218901
1328509112708198400
52944689
957307575724371973
1096489766
23240834
152454632
3128432914
227733054
952911386874646530
1329307685037240321
1091383796618784768
1082257528094904320
852531187264491521
819803779713286144
47606968
599817378
733233169
4778411172
823196977198342146
177812997
1002602140714450944
875856268056969216
175584371
198770199
1047151264432295936
295419478
750437909224910849
1237612672373248000
149681153
2565360157
2381246233
941407861
2876271945
4364595022
1077490528650973184
893600394194169861
2352629311
1812055789
364214133
1110309655186681862
1324579241430798339
795853523732799488
1325311280903675904
770619360062898176
718957416
19149039
94784682
955955001876254720
114388293
1205304676184449029
931681289614385158
3137331
196168350
1163892549393768450
962650783182331904
2791988124
1207874097251639296
1269649283952893955
388933908
1321191268375023619
241266680
35873420
1117954072642875393
116579971
373479590
1239323564098060288
1153042794375712770
971509219995262976
68599584
39078695
165039823
14288919
3259358293
12106482
1273299433783013378
802329275080708096
1187768877280825345
95994080
167115847
917284232480940032
1282037650384461825
3336693958
972654691434692609
2716396488
1145702015374438401
1067429242261172224
4205024293
1285388676751437824
41582030
49241165
92176455
2341207904
1292084110622695428
846279192643682305
2307251484
839276201139191808
140894915
2349347329
991804654991396864
106973819
91372751
824524105831612416
819201209991041024
146175576
1294875423713763328
2795274284
287985620
49697450
1170100155489640454
2383510675
3083907041
4452837442
67693241
999274189688274947
819801657957490689
1142620696054386689
807812802761158656
1213277127568609281
3579809367
1040195036
1069772905855225858
872579755442397189
2353944798
47115984
1198047302834937856
1113329037848588288
3022759141
848348952084828160
775391377798623232
510227615
1280606167144660992
105268415
19091173
791722181516374016
1110322581821771776
2751326834
900402576998400000
3054858494
373790753
319901933
795398113221611530
410598599
732649152807469056
933300638603149312
1079823731445452800
1268743880486379526
1081755014350163968
741977462028926976
4914384040
1171793868
29799997
12061032
2568108282
1249448747043393536
292634416
1232145523
52919610
383265755
1043185714437992449
1200049540545568768
1876001052
436925910
1244602357935222786
4243253295
1699016910
4288994138
964288013248450560
1659197216
1093972206655336449
1280852842862034950
153517357
1164176887712796672
117831642
1146714432803753984
25110158
1216016856852680706
224424059
1546467223
1291433392509276160
1088173458960338945
9840002
1234806024911097856
66761201
3855928109
437797630
176564530
1266356117602516995
778952476565368832
1262940008387928064
796925738968608769
1288513810358128641
1277541656821035012
858730548
23863268
739937259131174912
884455440293269505
16377628
709867563
819803899926233088
20253396
1047842156029861888
499230066
758332604999430145
2157151095
715979593090359296
43277789
69441586
1154920618653077512
1167944664076316673
257145200
1214108358292041728
1259751343
31065730
821604122801700866
951302891708583936
1270432062886096896
320370596
1020408333428318208
72998182
887434912529338375
49311558
1129587876914556928
860655841
909400019849154560
1251900966770794498
1068683987110019072
860041037590405120
1072899314941390848
896122423816314880
22716596
1123847711835471875
798207164141731840
304157472
1797991
87133189
871122099829522432
1104060854872481792
146322653
566744765
18034061
965451112395415552
161163311
264501955
819034558058229760
2933819315
981736230282055680
1216465816725737474
1098091506886471680
31047836
180613214
16073043
3474170896
2176686218
1012719733
1416161688
297655080
28746590
1116033370419544065
135929196
44196397
59687688
20579845
607239861
110835004
19879161
239005322
890634935438118912
971498870772584448
1221200733116170240
7026252
3096909473
15988710
1062007453
358545917
1290101576
912729106344579074
3295347892
170379490
1196441152486072320
2451489116
20412343
223782598
2584510387
38495835
1306199515
356408677
1248535886427377673
1961333743
475440370
719973975
198179597
1074186848069713920
902200087
15976697
48281694
4808402532
1052683985896263680
804546547979587584
873051724604334080
850806531247529984
235439732
33918450
2475878778
1170368604069597188
3426751587
305211380
2485528477
1031747223569227776
770781940341288960
65172298
894748894789115907
15757578
1194770389634895873
3407386769
1125499814936924162
1155616830469410816
783788136
883855148136763392
2525528976
35849010
2598183050
926076315597389825
2259389985
454119389
1010741056168693760
27696764
2169133040
860751908943917056
788897356624171008
22048382
1250327725
29658469
35302556
1081230450998288385
1155212191
816357733930856448
38271276
2301527762
432895323
307259829
850283221
946500085545914368
307039459
21536398
930552552302792705
1091481061253570560
423532685
16163639
78746288
261749735
348138733
3807079047
852047292
2227458877
100440715
24923175
1110434154
715331576633032704
349208364
2503068042
10904832
270412323
4291079838
1034578321391136769
216551796
18482836
434634299
252669325
819804178969030658
18604137
874310395875295232
201066140
41400048
2355254546
1560875191
2301990517
851773048973807617
139550237
741041871393153026
138504442
1554838501
2740108585
765648692099461121
1428944978
57336397
7595102
188787513
349199931
1864191372
21149655
854746255431315456
2794848564
1088129845840625664
792096589191852033
12927812
261256582
814530975350792192
960936882
10292132
586707638
2281325286
212783321
83470331
2935489123
511539750
14133760
25825267
960723539866288128
234163619
1080894931311431682
35199446
172427615
234548424
28618036
63525003
130684893
14427663
3899549477
735609553
1070013764
2993377468
248469208
391534562
15912890
880801071052062720
16989178
82113500
2554131522
3093242123
3775360879
22009023
274699227
47293791
523248016
15302774
134976379
419520517
594886554
2897965392
835002308517756929
586559221
1356030014
18244206
765255265503543296
319200437
812135885328236551
6724252
203226736
745273
241695879
22703645
2845913776
1408003598
2315698776
18266688
982675379319132160
119837703
24127811
93059852
739610364975808513
535643852
766148309274730496
35184346
2835451658
269653661
324124500
302212804
469960224
3656836876
2852597261
53606937
731625421956128768
25235151
384910109
247981000
126755086
21888595
1536600704
17995040
1383097530
18379614
57338175
466183294
54412900
16930489
1575138829
47739450
18005085
1903784376
39076082
