1446932149148344320
1200616796295847936
868578294916145152
384996625
5988062
707231479047315456
1166366182569598976
1218687933391298560
1659023450793553920
1559556660640849921
31064165
17585653
1482953932817059841
1105029164
1261270683285204994
1335132884278108161
1626294277
1593997154263105536
334715818
844434316943904768
1517417467529805826
113137765
33665720
434458299
1518981310529871872
1599510806680535042
991741610718257152
859409582426251269
209693451
1388617135526719488
1227799690579718144
54716387
1903105045
45167431
337808606
1557961082551025664
1580227667449847808
2794848564
1485689970593468416
32503010
3095130883
1116345515761909760
95092020
18643437
19211550
16989178
278145569
15207668
14344823
1131917492
1342989756611907584
1552795969959636992
56561449
1201670995435646976
216881337
1074480192
18166778
1344356576786866176
1102987848741998592
826065164504006657
19739126
1146509923683131398
19472759
1364395905210855425
1415777731535458304
534023
47253057
2393323908
29658469
1201985743729524736
402181258
1151913018936053760
110835004
108465379
1402724741333520390
226194552
588703829
902200087
333357345
25073877
550730704
1549461766983360512
1054575953169604608
22307765
1145702015374438401
3958327401
1103645596064333824
947984296224096257
19878055
1625493998
1357717304931479552
1346459979222540292
848348952084828160
137245465
1326951397628260353
749016639287414784
32281887
1332844822504226817
1251900966770794498
27522964
18856867
1041044330092195840
358545917
91882544
1096774365604130816
816609107943845888
1490815280817258496
27000730
17995040
1517655068232802306
15976697
232901331
1145866561271554048
289548939
32201297
69022849
1687460006
4765364386
4826563611
53789862
1155886120351100928
55329156
1411723858181251074
599817378
1480280540968210433
1117130540937826305
1368517291256602629
350822109
929965004446511105
1276715545551831041
1356514488451817472
2852597261
1542228578
16076032
912729106344579074
1366130381045530626
210869563
117338050
872148729184362497
1016908862136332288
479666165
621423747
131144285
793652931245383680
818948638890217473
1235610347500974081
1353040053602316289
259001548
1329891389430243330
767960339547774976
15392486
1969097227
2438831503
2945287090
765909323545513984
1151261114384171008
1009588379640528897
58579942
867639769794101248
18956212
855318254
43906698
408806531
196168350
1031747223569227776
3267456386
1367531
169686021
22703645
19599446
39344374
1153042794375712770
4432916014
2985479932
189305014
375721095
2835451658
1500129642
292929271
939091
35039490
878247600096509952
4081106480
11134252
23022687
31047836
1354228711466426369
592730371
1249078342718033923
1290635110149169152
499230066
872683897
240760644
57338175
309970677
1347632898917203970
1326229737551912960
1089308757035794432
821229143404802048
39844876
44196397
