80094297
1621687195642826753
1386549204454154240
1704521548533792768
217432070
1676048437622763521
1353040276697317378
1606715224199163906
1642620932777734144
1375231710250565633
1243601401864994819
1594003062
2535283580
749341930601844736
480955696
933457368955965440
1214744171438731264
1473447839833460737
1439528478467108865
1694465976694177792
1611870635684204553
1649512851332034561
22703645
568545739
241434351
999287089983344641
1587401050268598272
1584619112294146050
2652164834
1684782256542601216
1537654184006324224
1693537794327498752
1455604939317723145
772573801213075456
20719085
1692956606823014401
1400468001984376832
1368649823021395972
1283684087279091714
748581347116064768
1227416861588934656
562647324
767152039696723968
1261369039202418689
1517481049223217153
1685658665661931520
998629682500243456
1343918160764874753
1481547907333607427
823614431397548033
1599372744071778305
899454797551685632
1525366320035991554
1478494241584263170
1660723734989119525
1687628592648437760
1392742201906667521
1673540274956451840
1687627122905333760
1684994121184993282
1677102344058576899
1274971931247357952
4879752741
1609510857075228672
1434668622270451712
17585653
1436700034943356935
1133426799973687296
1692358155177529344
1357540543434289154
1325504894283952129
1264242881872658435
1691597773966098432
1199076384888573954
363982247
1689256305339621376
1596703483415101440
1126587813653307392
822684549461274624
1533856122498605057
1522235019820945408
1230980214739566592
1359886075754389509
1480354466285211649
1529268818329092097
1533881361135697920
1278111068540338176
25073877
1604551515523497986
1600497300471775236
1021514471850893312
1328373555541798912
996567708450918401
1234886787815833602
1098223578351390720
1333863704253792256
1022695291940679680
1156834434307563520
1689276493858304000
99003962
1503907305967992837
1114969762315083783
1647989547312226304
436337473
1647350264762859521
1637559757937557504
2943555984
1652841761150992384
777149064118951938
1477506222022701059
1247654217063510020
1240939202604412929
1601976732499824642
1434689959332622350
1054881219865952256
1687631091828412416
835535287799463936
1685548080643387392
1371829612070772739
1200670921947787264
1563643738127474689
1547582453090422784
1686228946986119168
865669226178072576
1447220566277038082
1509615013295796231
1240736923066478606
1244004843402002435
3240413036
3082463914
1176399984675024896
1361753493858619392
1130818528062398464
1059998866785910786
744260935527735296
853669285490806785
1361921560429420544
1149050598270099457
1552437761986150405
4584372448
1453507514369183747
135019364
1277399782307377152
1424850491595542535
1654279732555390977
1248247362167943168
1231672557105008640
1440131667444830209
888297597043191808
1581285961232678913
1581670020341551105
1649900684844695552
3159540132
1197304990542503938
1506731216875233281
1283954950528262144
792805122673741825
1155792303027630081
1390351144657039374
930442071357427713
952300389092790272
1570473461440462849
1509992227308773378
1676970113524977669
1619231907794780160
1386846447539208193
1490787954205286406
1245755018357112832
1083765227118911488
1587147193521213440
760610858225508352
1082959281287159809
1038506130316697603
1675997591815835649
1040631747636092929
80325566
901505468471889920
535573552
930539021268287489
1131018620983754752
124857648
3598643057
1250840900152033280
1516508531289116682
1235283359192035329
1238137884386852864
1486125403743866888
26959339
238763290
1630749714487361540
1546165465113821184
995523466962055169
1637696761132371970
321824141
956807978
1579004449649037312
1594828987544608801
1648494172519768064
1174959260804902913
1284273149832560646
1272686685348913157
1302738492288651272
990375733741711360
1669139805991518208
957796948785926144
1544035806414880768
2877229445
2945398611
98122025
1376027525650997248
844758530112471041
1547863865102196736
1560346558960386048
1616581545447260160
1661477854364696576
1545852360114716672
23207625
1165427557157822464
944614182468620288
1396371683766906880
1264753243554537474
106007776
1102712310
813496746718404608
917059970939674624
1448228813935054848
1443376229873184770
1202426101290561536
1301444846356398080
64963948
1456683109467004934
1493642429953724417
1240600812189093889
1410307824614322182
1543031151526178818
1345913370545950722
1464927179980955651
1427348190370664453
1165631504267063297
1281193839164784645
867639769794101248
1089402880774201344
1210235091244466176
1082671273124212736
1569076098775793666
749741669550096384
1246243969039773697
1603652798259789824
48215795
25139927
1519832145442656256
1653033791655485442
1311722408009637889
1631348003775586305
771417669321027584
184970791
1580227667449847808
1405362452255186944
1168943447820177408
1341853031021875201
1523593816237826050
887020303024615424
394290072
1355174427072327685
4641709514
2237865246
1637774263582089218
1555357228885999616
1054101208393117696
278752114
1296499492276109312
23373309
1567172149592395778
1509662554104246272
1540339564556034050
1626294277
226194552
84287180
755591549916893184
1200433368367845376
1612557399268663301
1263121276308271106
631305145
3272011686
1541394416421818370
1391267351534964737
1145137598379282432
25029495
1129635312
2945287090
964102623635918848
1282515339989987328
1494762591842824197
19132540
1277009141664538624
1406091398
218836446
1351644760994422784
1382157743121956864
1470105217345671176
1600777973430263808
1568155452709502976
1357100887185842177
982734068310855686
1218194619046989825
1226754555007897600
1623012730545352734
1306043787362340867
1058806757743620098
1547852696337539074
1192215542498766848
1574481830950191111
16755835
2209942813
1495614407342235649
1498780609820434440
1522795241463554049
50711434
1307687845381971968
1585313685794422786
1260784137734103040
881249004692148225
1587569333059944449
989861155899428864
1542140822891614208
193675516
1541707964972687360
1405639837647048705
1450467780126560263
1361952535372656641
1420425347905032193
1470999994358398978
2504930868
1201577247661903873
45167431
616526137
1538616146148081664
1468346617325830144
978225782475538433
129288865
1357124524005859329
3600510137
1493736144382562307
1394788976503005190
1562600309901275137
1561537936637792256
1535919680
713899045
3040105403
356321420
1300973578993774595
266135518
330262748
1028945564660977664
1528467809285586945
1536424397023633418
1444769055236399105
1552876659392774146
1209208586858983424
1447108827300630529
1086433327555448832
1295224621789319169
1171929999709888514
2918610587
1464322912979144712
1406292720696676357
1143632048197947396
1449809814943588353
1523393133106675713
1592991354866569216
2577356926
1301166753729445892
1229612455648735233
1213300770168172544
1562925475843911683
1528855074251874304
1582375542107553799
1095098242205925377
26988709
1566528368417423361
1415777731535458304
1226589491344875522
1517867044288569348
312696314
958846031030030337
3165396736
1569784880493633536
61047667
1436010218387873803
1311310137341227010
1154466362791747584
1486090872068489221
1543731293988569088
1039483384047722496
808793815507234816
1534321211118956544
1498798431728553985
459632114
3320848259
1286442938084536326
276071998
1189603513556520966
333357345
1291126861871943681
911693155694727169
1587886867613196289
1266309030
1489816671854505984
1520711170071482370
1197569180364615680
15392486
1285679632184942596
1332015089675866114
1250273588348743680
1081325245435396096
1424851561075859458
1580591966399651840
1422260803902791684
1168551555810942976
1423215268948430851
1393031993248686080
1326303580731666434
4097714001
1538999426
1128112759529406464
818548291344498689
1171102686319710209
1351348410805149697
1086396874775560195
734876346413764608
3400205309
1254847590572720132
1203861518078664704
1250229844727783424
1343599069021745154
946442056905437189
1461846351281491970
935083829672529921
31025521
1170070937435365376
1586512372382011392
109320941
33729409
1382012556106211340
1541339121204879360
1020372969464508416
1427833553707048962
1476331270107848704
1497091343008423936
1160502881176489984
356011558
1508581723314999308
1463604905789165571
1022428985240821760
156311747
1552836428215816193
1215322975341371392
934796871079305216
1527327325570088960
1548870520518709248
1291260823071936513
1517480560750387200
1528867176794365952
843187992
1283562386977370112
1569173325741703168
993821784720977920
1431128256036499459
3285705822
1520769419357691904
124542659
1303087406887981056
1549729021105246214
1580292552586141709
1254669912297136129
1378172284800794626
392946127
1179097173570441216
1174088038286336000
431571440
1293306018403954693
1339225977285529601
1401093512108515332
1371497167152615424
1389932189085618179
1428773505370411014
1003535971
1507156453961859088
980340204493066240
1425616841880244232
759921980288016386
2745692958
212630644
1474055953494519808
1356007284300775430
1462225318534594560
1179844973509906433
763487626665926660
2532266851
1250718735113035781
1159472845908512768
1233760492633698310
1423955581497450499
2926103986
338825916
56677301
1287838989223854080
1474084952497033218
1563172219551100934
1311416719139692544
1053370650285563904
1465842679011491842
219247847
1138814648017477634
1267034505191309316
1251378782470103040
991642370650333184
816961884029124609
1451744993568116737
1275216680663175173
1894679941
1086086079277600768
74224356
1254181349230927873
1152934210010845184
962554988059877378
546653684
1474839439327256578
34280613
1508276217161478147
1243196581949644800
1416117047159885825
803743619660161024
1291935759520464896
1490091824832208897
1421650540551938049
1518334727068991489
1561860332368306178
1551565299689955331
1544535001961824256
1567229593534201856
1469738636413489163
982783871736426496
1466365684137529348
1167518019184144387
1229617054904225792
1345093906527100929
891708363788210176
1497347185528254469
1056792312989343745
1260418774567661572
1027275186565988353
2704294333
986828550396366849
1531672308628172800
1481811654555824128
1268170891088801792
994314085201162241
1336086256632147976
1439014292775477253
1532634548735037440
1435346656891965445
983328900414492672
2310894524
1080971705521197056
1444003207647223810
1388041676401385472
3081672385
900213073088315394
2360369574
950553072618614784
799727394009456640
522800101
1500604027138150406
1348692080659460098
704835259
1114518387655413760
1372504203189485568
1550453125596823552
1069016898304704512
1497314546175852544
2455436378
1384899411193606145
1463311128373735424
943262570001174528
1519915162081320961
1335215485353332737
1249807613572890625
1562090491033927682
1352483566471557120
1058141426586923013
1335738921427329024
42951769
1343595694834266113
616490114
1464389932785745921
1480056234573279234
1480405673749979137
1078405448158502912
747234430549385216
2578723641
1142094869843927041
1318211839176724488
1501938072258113537
1450116867071348739
851932352301412352
1424623493052780545
1361318132460191747
1524151439760760835
1477712079213809666
734000790814232577
1109616709349060609
926553888496513025
1536818688711700489
750084568066252800
634364761
1492936428346560515
1437265133198364674
1423223302714052609
701164437810446338
1355631451295916036
1527674071936294914
1277396608188063744
178147903
2607047415
1481865426187403271
1277875456818249729
3131551078
1272584808263225344
1518397872085078022
1202892394305183744
95822423
997124571819134976
1140322016819646465
1511561036389879810
1085875479683497984
1459305423526367234
554538775
1535322976727482368
1276559273787641857
1293858166036463617
1330762734774968320
1321515508819202050
625649023
50323173
1212488241133178880
1054495593983369217
1527023175992848385
1465841679378915338
839268817620586497
1467208518465900558
1412585709240729601
974998007107260416
1383450268117786634
1198322565707636737
3300066798
1437165536895438851
1015017095296249856
17637447
1394574459823136768
22212612
1269669568609484800
2438450470
1379492318198259720
985853854234431488
2889359930
1425812775213756416
1154005279580807168
880228087300009985
827003462529474560
1337077962198425606
1138810156052111363
1456997531267833869
1118728148143738886
1363257212408332290
866953267
1143895320570585088
1109883824576577537
1065339014473895936
1230999350
1482720536853565440
1231204412875366400
1243949527276687362
339572274
1386206754963329024
1534448104774189057
1399054527479877633
1261682028715618306
1415280777991008256
1426963767884140549
2229556535
1323807911810723840
66429708
16961288
955832904
1355941548450607104
1131871078471495680
1510693037466275842
1370440738182340610
1243335600939425793
1286528043058528257
1486988196701696000
38816109
2219057712
1387784747179515908
1027041315110842368
1417898315514093571
1297308120318971911
2501945666
959519714186842112
1080613027576188928
1208896197022367745
1137337284028751872
2245770653
1086802788103962624
1212779625392160768
865925110577975296
3245735747
1089245715824631808
629132260
1413828471701311493
1144978819
1282549882503548929
1339881414221852672
2416468768
333186226
1524054598922629120
1267529493683544064
1340435874409050112
1146576605864554497
1268440086711955458
1252710518420148225
1212673984887541761
1521940486046601221
1432042267028738054
1319698245594042368
1286114471409340416
1232853006728728577
1280936273654550528
1516999976831926272
1233153821867749376
1233627876626518016
1448354871283908608
1511332984468693012
741333021979074560
1222606097334394886
1447707092995952644
25726370
576559592
566470457
193052223
1387352444494139393
25433117
3409752190
1485745182599520261
1439794529184456707
1468983460601610241
1496691251588042753
1168245284679442432
1355582258053328898
1150949836080013314
1244650235407851520
273782933
1464627022492311554
1469470823719358467
3389904874
3124168941
1395071119900782599
1432209109009383425
1127146869929410560
1455123722457829383
301770296
37840477
779561851
1336993981754957825
1391450131992662022
1376203914505289733
82251371
1397105302768549891
2418323133
2723779277
1237383273153773569
2650161528
3405473716
1334335229973196802
2736651605
1327974642653474817
1220141432440283142
796986985
279931933
994636561
1162385083673788416
1646116921
979715216249208838
1373701629594247175
1487266402834825221
1300307912179343362
232206022
1393784485058170882
851922640189128704
1129546249282215937
325054889
422604146
1006387380
1295500446115729415
1502006580098781193
1115230073588736001
1925469626
283366190
832092951782313986
2932660529
822276614067290116
1252142633599844352
868254998869803008
22679471
1710331884
1339866069293539329
1226166430606995462
1180848767861432320
1079812678837772288
1375916615020257283
1285785492357812224
1009526700798070784
238080492
1408506238535495680
965667198445522944
283829600
1170182100110196737
41597161
901947026438545408
1213878325157851138
1342483867052212224
3062037944
720012103512363010
1401431216906113024
1405852342050713605
1027651416859533312
869603054324199424
934545324923916291
966684861644902406
792157896255602689
778364754251440128
1068015929529896961
917867551891382272
3830792894
1383818557767643141
3234269639
4823157425
1166759596771467264
4778090775
1184655953817493504
1430745648845008898
481091109
1337847493103595522
1976620544
51742969
1511083214303121420
1494306534599401486
164546444
918350206344802304
1227794820459978752
1108193614100729856
1506808707337932801
1432987438750867456
1471557887537430534
1477891181124087808
1412928118680166403
1308920733947527168
1083841695442239488
1421504743101317120
361111836
1227783134298755072
1507904530645725187
34368385
2764325478
1159152420871524352
67945571
551329268
1351520813715918851
912728593872179200
1059452175682801666
1424921410527318016
1396857790589718531
905594239
1449410847948906500
1306714404747202560
1323746581489819655
609928736
749365682
1016906005018480640
947112953161179137
1115101807
1383869794290601989
30457776
1243167775515987968
1250618529230934022
1257346577401892869
4303561941
1354567877823754248
1433566613031227399
1340668244705890305
1224211327092240385
1142671460
81463414
1369064071153258496
1439660741930409991
1367213949830098944
2476202360
1459561559924035594
164698046
242341458
1364682410965745664
904463591713136640
2603950347
3288409214
1252352130595291136
877852153787842560
831121580394762240
1087501063274541056
761820714
1078765302358466560
1079373836565528577
259551083
4645914432
1515394208
1422030235290062851
1431515300198027265
1663787652
994936165252915200
219437444
71852294
44025264
2400585674
1263184642733223937
1858426538
1164418773996097536
497374572
898964088864112640
991845850107133954
1490470376006205440
335067415
1376933798525341702
743585486
175706198
465211596
2575361894
1239810177051660288
1469530149435715588
1395508904
932806108602707969
3384752489
1455023963839422464
597530947
1942485786
1458929943417548802
330823960
240568006
2975110684
1248265913415188480
353482323
44196397
1093928874205954048
1476241894921302016
311650148
1268542876339888129
921703309697830912
1363543495517044736
1068203749221572608
1183938501898887168
31574299
17912724
165162610
1009400486519345152
1423594143083909125
3175969149
1245433138328694784
775158292347809792
1216510315740962816
1403641731195850754
1224052077699260417
22910295
770754977153376257
2724669935
164486761
791727186055081984
1100918083672252416
1255981947890929671
1491894612952293388
1472005714688233474
805808224544968704
1480958750538272771
1343164342888329216
1344185655769718786
4909381427
932215862983086080
1388617135526719488
1372379058974113794
3033605050
1032006116136443904
717214239384080384
741955718815698945
634771643
548640851
1597833252
4584061401
1458010663838642178
4635358899
1338954338572656644
1071881371612790786
3383706669
3091758107
3676710918
2920230237
1139368592233914368
952285174137606145
1265668629548408836
29359583
1350172593618366465
765633144624148480
887128524892590080
1446600745248251904
1149525304127324161
1226305172286164992
1178852299780820992
1487948219942420483
329558564
1002398273292914688
770615938358112256
261436219
359396925
1488745145524699136
1034690914034233345
948432587952975873
2192297235
620431512
1282241213316231168
1108139128749731840
1118764813272924161
1271046675826704385
1329801080935309313
1404539995856244752
1199719073355051009
319821108
4882350413
1359729965353361410
1303407989379018753
1360255289845514244
1346032885870993409
824065309778841600
1405614221371523072
1292311344188858369
1144059409829642240
24125119
27866275
1476976837767139332
1125540331800473606
702228405765480448
288034078
1392787570359107588
1344023144898695168
809807296012414977
1270413565145550850
1112543410018287617
1284229852934090752
881517201085300736
1430984216410349570
1306323312771915777
1009434817870598145
1614593035
1126685905282973696
276206410
981612092007632897
250866979
1474304606935007233
1141006744069394434
1321314874711035905
632499443
1662685100
273830323
1006405780365508608
1445779526319968260
814590400316997632
2231658443
1351450253891874816
1272595774149480454
1353649817671503873
1168316396222259201
73510497
4385604202
1327367368553717762
888074000521408514
993527937474416641
522591514
1363693846685765633
968982851575336960
1324196856562245633
1141079896317419520
1388288583824515082
1433793116046340098
1103708022411575296
2424447788
77775013
1151290488072364033
723385413872705536
751835691978457089
844289244755623940
1133401307547611137
4217286494
1421192538208313344
937841708758458373
1408732077277827074
1012535706999123970
1425090493193629703
3319018261
1340105265753055234
1280944099026259968
1454574726127497223
4889550665
1157604485168017414
275916631
3304176395
4051994092
954501692132864000
226627690
1434326402636070914
1208985343363616768
1398429183177494530
30714707
1316911151003947014
1398528682415640577
99532356
29409162
438459835
1368795883949748227
1102018803981053952
1388693210449416192
1091456678359252993
938514710965751810
1367038768885215235
135290808
1397890643075256323
768497208996003841
1250095046252285954
1067115793345695745
1262623619349446658
1025407031157682176
61802423
939948898344456192
1073932874917838848
171809832
1284685562251743233
3310088125
1335892950178394112
2268186508
41310247
902989838374371329
4030251074
919996949595648001
1069437296053809152
470710594
701230980787363840
984112250142281728
1228779386289229825
1127710813765144578
1335016093518327808
1466661859
165543735
1105462932689833985
1438981208130658314
954279227443965953
1341113377712685056
1258033250213212160
1183577188156739584
1342324536830812162
170856026
1305087491448348672
1122681407200026624
1206289860354609152
1258675182241284101
627335435
1349590246355132424
2186048532
787175827347832832
1242747447945965568
1231603837997371394
1433497352741003268
1254086712512450561
1389228930729529346
1426437185088151559
181381627
346883836
1021239778988122112
1424908394394120193
3419063950
33022841
1326481744082694151
94948689
1410881132565041152
3190425912
194257013
1054554092834439168
993253415676411905
909823165894930434
3392429345
225546053
1319423743
1178484712173707270
1421251652481339394
925201163724697600
2414816617
1420130256267079685
1036488784567853056
1258998306522361857
1133542570942795777
1437397158660087808
1258175365928935425
1001948361770045446
2904532451
2569096831
1358834437526544385
1243265119758540801
1367232232360988679
1424799781772271618
2871400904
1262268448907771904
1419829759996047363
792841426870558720
779143933528080384
1402364092292251651
894617452914593792
808817646636531712
1343906549526388737
2211175653
1326642266899935233
1244844048202059777
1442347065581793287
1453727355403325450
1344188647877197825
1118176285061275648
1419454889764311047
1042755752778248192
1402949932437315590
2780481941
189470083
2345733169
753473503
1147872970859147268
2612019986
2231343324
1426932237019271173
1058747380772884480
1426034689500848128
1406193859793719296
1124066404125356032
1097992740305022978
1382436396384854016
1198449070991392768
39262408
1426191866886856706
1417590726758707207
1283244853166592007
1419447018682863617
1287725427377573888
1429352373042831360
1318625316584235011
1167879390736334848
1407764068493058052
1279341860503400448
1227244936850034689
131721039
952240898192134144
1259710444740194304
246474376
2358651235
1344046617939202048
1402095747399553026
985714352178200579
596025726
1164943448924938242
1390418149284188162
37217091
1023114178247061504
241226133
1564464954
1145134150426537986
1359603182180139009
159264593
1271832318924161024
1290066331635781632
1284664114061729793
521229344
1348999956762251264
1849170842
2877290801
2232266684
1178027039871373314
1309874398711738369
711574362
1294646397497675777
1251207638093832194
1302358927955439617
1317538143244111876
817120058556157952
1177551948314218496
1386429194456948739
4902891376
1132659001706057729
1307964225541693440
3199811338
125673729
123386119
1399537751305895940
922554456666968068
393786837
252975212
1242972550789038081
1306962312641748993
1349158153741594624
987932364
771636193054248960
808264068968677376
1375578891130073090
1135664218009722882
2993134990
879410595765813259
1061810066293223429
1098133338873888768
3045574961
1319807660682842112
1275859288389550083
1287068571294670850
1322717964391477248
1006134106508414976
1232883526975942657
823781046776799232
3536206215
1259980654504222720
768138772097732608
1304200317693698048
1378984681710964750
1232681597746458625
1165868037158973440
1401487246528860161
734557440306515972
1253714567865208834
3386551083
1273407454194384904
51363759
1312596383027941376
3311943042
854853584395042816
1146959619136221184
2872726910
325290969
3699356775
1069640412221108224
1112865624395481088
169686021
