1519465896313565184
1510971574115086339
1422519599627706400
1335237183234519040
19417492
856162158845059073
1043185714437992449
20722476
266806337
599817378
892130360888352773
1413155605989269506
15719232
1282062098571329537
2317231225
1518743888520957960
1390334020165066753
1355187612210888704
935942321756966912
1321299168464351235
739804789651963904
1367134545745567746
19878055
1552795969959636992
1207785915533479936
1680883245351591936
1397193602330251265
411283452
292929271
1421988763803152387
10904832
3003478094
1350237867751198720
31047836
1203129094700818432
455264233
1175554404637990914
1357717304931479552
2918039334
1359923836356018176
1041044330092195840
3041775900
1551693235688353792
1547375235456016385
1120076765240733703
1691015639576563712
1631158964099457024
1291128494
6811832
1636862341022363648
1689015246856298496
1207055442624548865
1234260054368342016
848348952084828160
1591964800216612866
1398991730175774724
1694586765485477888
1229193541521412097
3313785009
18584875
1558518566508531716
1551725959534895104
366953769
1046315215
50564504
980516212059856901
767960339547774976
1355575527009120259
1146509923683131398
1116345515761909760
983736940448112640
704391334128394240
1263211367030349826
889552396891766785
88935260
1125695096
814324421565566976
1485689970593468416
629698642
1230791624898146304
1128337957289697281
939647234991325184
1586036445780713473
1368406307544305665
1654821035030528001
975200486
1636180648502198274
1652040611610894344
996953143802920960
1148653581475688449
27522964
1637169684570095616
38495835
1490098783736057860
1586388120722817024
1618733078104444934
27995424
25073877
1253522750125281283
1011008340367953920
34082620
1914463982
2162812627
1399068226210910215
42786325
784665469403877376
384435691
262235174
246069564
1406451683966820352
12405612
1374515000170086402
962748039604486144
742823052354945024
1519361289830682625
1690538983057510401
1280852842862034950
1689825113665855488
1274692457913962497
1604139215406727170
2246299058
717847958432124929
1518815298299723776
1677115479670898689
1489987177031376905
40968194
604813797
1112744620247662592
1674457393600638983
937676766
846859247933632517
1432813685794381831
1153773880177287168
319901933
1524400308947853313
1586037107654533120
1159662212333674496
1536210639156305920
1242142787904114704
16193763
12344872
1400900625051815942
3267456386
1518981310529871872
4866458285
1221462414744596483
558360059
1576268089
1031747223569227776
1565754079778951168
1518784186378866689
1445807890342637574
158901399
8349572
52888397
1585644411295215617
1493694047088697349
3349303335
1522706316376092675
1612184793835343872
1903105045
968846453794799616
1645590107787874305
1234283953835642881
777980351478173696
627830911
870334888133709825
855318254
846476049747607552
984799607145291780
1164013610303016961
2863229966
1370031164627501057
118567880
1104060854872481792
45010722
117767052
1182074531298643968
116835497
1650659741788516353
469960224
6718872
256693327
1041042565267697666
1677509286
78523300
1656387836864495617
2349347329
1603156170037944323
1251900966770794498
177564016
2852597261
1560875191
1416162307126833155
1529869241691869189
18005085
1145560535498285056
1123825692297314305
606403456
3245353769
1159534310883516416
986403517081505793
1492984572795097098
903228570536996865
16138559
1446932149148344320
19562228
3418210767
1599510806680535042
1605626028356927488
2199020853
44653060
1387366965703061506
324114245
10292132
1222773302441148416
534023
196168350
1647610496927907841
90484508
466864852
1524226014271913984
1640022821945454592
1440177418824675331
1574819234726776834
2570000082
943872068117987329
1489956224179261446
1085225533623783424
18929234
822903723445731328
1500706012386390017
568408844
1666004344955863040
1216793092134723586
4081106480
19899980
897058816226844672
1427476600744988672
2327592480
535643852
38813274
1267475504480817152
1305776784714207233
1558263729913053192
51187144
1631390638712168467
1630116549758418944
2172505059
10878852
1578825536654254082
1598479878445142016
1654487467267850240
986232040021549056
63810911
2395421815
1481780764609941508
2303751216
1632778213905825793
1603997064626479104
1521299106316046337
27181289
1430871230891151361
1563617271842488320
1417313955601596416
1623233259214876672
1544391644266594306
1261270683285204994
1469849122333204483
1647011593610493952
1176026136117166080
1569155597467017217
1618512700572852224
1639093417442705410
1637507099558027267
240606503
1365393266523267073
1070691079886901249
1144014625479938050
1369617673345249280
39078695
1308549999165407233
1543535465323810817
1020045394246500352
711983840
1623459459937755136
1335579235956690944
1638707182731509760
1620203520799506432
1637190879747219458
1035469502203478017
2176343901
1606736508408549381
33517296
1633539073095655436
1575470037607108611
1367531
1483950135151366152
339627357
1454222813448085507
1521016438848376833
1630984265679634441
1612068709081702400
1616144127778750482
1609898243269472256
1598058425891659780
1428396132372205573
1469074531465711620
1524412669897457664
899364963562672128
560482445
1599357676097617920
249862904
1441525995236847620
1467644699854917637
1162517313226039296
36699408
1572408371831078913
1601290450907930624
1461055693688029185
2263501170
1623090534599229440
16639736
250532982
10252962
16424606
114927225
16640775
882972966774075394
1605387621504618496
1174708184126300160
14389923
20563513
15145138
749767814366441472
1432404703803887620
1591314108778848258
16374678
1594015404011229185
18690078
9893842
14838173
1534115916568576001
1452931731326226437
2169003205
16081037
14715573
25818922
16123423
1714376953
23517712
16247383
16241824
15922073
15391102
13918492
1543779485560053760
43930301
121802593
37155153
1270817461529653248
19778050
31746745
823282314687844354
15357578
73127403
1559556660640849921
24736682
18058293
16396368
15397175
262375914
23835669
17393196
856629731281600513
1398376668192985091
816791156143095808
16028382
1158638582
28152330
1520948157386924032
18082466
16513416
109679814
25576217
2888979918
561433398
2618807902
19757879
1610041010180046850
40296265
20535297
2067661
16102208
16469077
15145073
14897840
1599761803537514496
1293356938156290057
34280715
15741370
259506084
44426926
17141268
18149465
18086993
16894445
13000872
1575603961301651456
1442487726696108040
14592409
1451977537488306179
1597052571553759232
19430999
16989178
4170491
1518699547064774657
17348525
14790524
13001192
17469289
2197021621
1541024245412683776
1593575315191767040
756974026413731840
1403969736707391489
2474749586
17836882
1137701
1597042952597020672
900904226800513025
38271276
1591760265158094849
121217779
20562924
1588127152209367040
1438837385291239424
70378020
1118025198341541889
278350550
1585809197547261955
1509585475463356417
1498289205390323714
1579820248739598336
1455423918
1593021370060967937
860998512254701568
1455522842037063688
1581157936612536323
1451941051334283264
112684779
1577308091296911360
1549461766983360512
1580068216973541379
1275272770407063553
17278675
1573074338542133250
418478013
1089844560581275648
1079709441438695424
44196397
956795462
1576673278726311937
1487082337322029061
394525486
383903024
1553162937677844482
1300681929491058690
1540725912794042368
1266053299859587073
1552441994345168896
1433123968731521026
10722372
14976738
736625714
1288099265953366017
21782956
96857244
1559598317843128322
9692612
31046666
38259234
1400925730100314112
2584510387
1486056795051335682
1511639706
23948496
1544812854515220481
1352788023604359168
2177664673
1533091496659918853
1542158158034092032
1172324726074560514
888108375510097922
1366173808806285313
1289878296
1528834228623798272
375721095
491530957
1519078741917458433
1558748903427547139
1525532294194266114
564029630
567861291
1521878339031609344
88220573
1511357408794271754
1450656856507027459
1200626891838951425
1027672908825591809
1327023808063172608
1320786892657434624
1386614346952937472
833510865949200384
1490807539923136520
161190362
1353165999961477120
1382718944197423115
1508868349652086786
1525238777043632128
1542678197652930561
937631077325262848
415192831
109161946
1006901199633674240
1556263250005819393
1469125029971435520
1160537265770156033
1484727500345331714
1259982403512213505
1372900964047450112
1302578192616689664
1208531712193499138
1364886646487932929
1466869078765674496
1423632584400068611
1518612748011196423
788879917635112961
862748753714872320
935349020
1093352520
1535075238236389377
250918832
175484213
815655323398717440
1513880066232569864
497780279
1306697005
1001770807
1546416492949929985
818543023017623552
1416419773928325120
1549517042595909633
1532391751587188736
67525889
1422205997268049922
2362888125
805532793656713216
833584886
1524926056465047565
1431015645429313541
3093242123
1280897918178910209
1513291379895644167
1326906796926234635
2828752021
1183518457901584387
1146866197046157312
1136203371080298498
1244427014452457477
826078844801134592
1483360534858719234
1361350730427244550
16718266
24095318
3312729373
862458900
963255569636237313
1004343821000413184
1380551685072896006
1513471907345190916
1495335847721320457
1519111926214762498
1418799485296197634
1544413942008750083
1516654100414349314
1120601910451609601
1205827313906176001
1524622412700131328
984666672354209792
588679185
1480287988710060039
1533917440631001092
1541924537566199809
1414942603318005773
592931843
889947217
1513599383945633798
1417503476108648451
723794053658189824
1296996709080408066
944652911036059648
1523217834301657088
13719342
1531842510217256962
5751952
18917594
25998954
3089416398
1519150990653546497
1458355014
1102293817347268612
1550448033074118656
44114927
1283845106550951936
2413821780
1461242887333683205
1499082419965677568
1480344949380026369
3006694185
1535108163766259718
82578750
419520517
1546510237179338752
1449175247593279494
1351525075812556800
20839337
1440498136871366667
1482060473080111113
1451260712228200466
864481222579322881
21094888
1511147461057863684
1540412440734834691
1091116188283953152
1524781712839802882
2325787878
1382943064830980099
1020079327168278529
947103457931964416
827372906703360000
1316207042781081601
1118213184622596098
1273377514451320832
1268328941678444544
1508573794436222978
1917731
87241834
1541258220286738433
1395692103410331651
517763378
28614262
737293105032990720
1329891389430243330
1519079487765467136
1225239080230957057
934443084263448577
1130021685351079938
37764422
846856945919242240
1468839885876252674
1523640558874505219
1210702435435655176
1391020660542132230
1498331273617723394
19962805
3102575430
16259594
14956372
1511074777708085258
1404083065618669568
4833211485
563882719
1033088185528733697
603155306
1518767420562829312
1401291757367795720
1477319175458729991
414962189
967164447063191554
952756536786395136
1633141729
1236913072180084737
1515486577064964099
1036001567252652033
1038208115525799936
3018960919
2445134780
4865550959
1250920251887366144
1254867032035586048
1400007925
1354481
717844027828264961
455764741
7900962
337808606
1429400366819512323
1489389200445214721
209693451
16076032
1071585991
2511701310
1570180292
139550237
3412634493
990317363915579392
1426657716571971590
1326229737551912960
859409582426251269
896731633704947712
930470485221142528
1284273127934107650
1267973798625775616
32201297
23951440
32913997
1270416043572375557
15392486
380285402
1426626996784742404
1100776937004457984
18856867
1227799690579718144
1173621927937789953
858719230060929024
1290635110149169152
1931893196
1277116863411937281
19879161
1028540906037764096
1145702015374438401
487297085
1058807868
1403010024956440576
828454426088050688
1344356576786866176
58579942
523248016
1270078394026397707
56561449
18379614
3066800573
17448137
32496789
132235973
160583314
1045040003129249793
18247062
51241574
253343991
2841160223
203226736
2835451658
58875860
18342955
22703645
599110041
5402612
