60651983
522719799
189598944
53192519
624896713
900669223122472960
1506086460
1217559748557647872
1515351706246205444
1701336050633777152
1344490527081816064
1635284454003597314
528965476
261118301
929528627783331840
3127999628
1627673532296491009
1230935886617104385
1519438922815782916
1066429772241256449
17766053
1559273886012870659
818902384126685186
1267275152800260098
216881337
1640935829324398594
1193520366209122304
2523637615
17585653
1690840803784945664
4020276615
1132813856420634625
767960339547774976
34719119
2396257050
1373658852449611782
1343417675117113344
1115878912175869952
1369069310765916169
251590039
736784706486734852
1542088334125801473
66019768
1687693501499121664
1638637011979448320
2214838483
3429702552
1521294834857881603
1675896206843682817
1574453255828115463
1318003793351577600
1137622455315574784
20518710
1368447790406307842
3376321847
21609516
1305166996255002626
1909282190
17925031
146556805
3256068152
879543463657615360
4921627259
1140458581088538624
1486080940107395076
3116163379
1579314486137458695
803224919316332546
997366953571422208
17730766
1662879264901931009
3396155981
1640529514945032196
3307459262
602241077
2982376319
1586800575550611456
1325972530818150401
130956302
1648195278858776576
78239693
1453850467809759232
1648581080486641665
1276467297670983681
1326686889680625664
1328744376
1652750956558204941
1649902485069283328
1171196721621340160
1626017417607409664
1596280327772798977
1618675852589531137
2237865246
1574022996011802624
1616287305219596289
1433494222158585856
4891451439
1347259667257425922
76050550
1050599663592603648
1546035473453301760
1649282666968109056
512552018
336692633
967551011085869056
1385116747179511808
1452692071345704962
1865953536
1647769567081426944
1506386193663021062
1589675847468056577
1474091860025122817
1363552386963357699
1512682935547277319
806188673972764672
6054912
1519519170198753285
1435340411078430720
1528230903259996160
1475847998928310276
1540460409190174720
1267353104284110849
1521870690630221824
586849722
265628902
25083002
545441132
1461955797525565440
1562045125878075393
3236374214
1443200832795709441
1461055693688029185
1277116863411937281
1580085356829241346
467535591
1325150681641091072
1467698301189476358
98992586
1085225533623783424
559229566
560152955
1439444753318252548
1056332676465131520
61268745
1328990108851253253
1218687933391298560
191871143
1139217161275101184
1107807030084059137
59256307
1413164712
1552969766775787520
759660076214853632
188890285
920383931081510913
1477114926195957765
776153574841679872
1137537978681610240
1060747399084290048
794195358041653249
3765572533
1176026136117166080
18014620
37712201
1538705932799987712
1367604822367682569
1261213205835071488
534023
333357345
1408258372810461185
2359971372
816386114042793984
1043340439
236578650
147423177
1040214455525797888
627606020
830513875783139328
296406924
323729565
1451058235067273216
16984037
18225967
137962169
93885127
188443111
17918281
5943622
798716980966621186
1487506001356115975
1488584181236092938
1345199430
1467931973616386052
1326229737551912960
700487162924404736
768610766589046785
16589206
611986351
944628560760901632
23450071
1182703299058753537
1130348556
114060003
166478326
1409523241694212097
1487490666741575680
859409582426251269
34082620
53979469
266135518
226782998
1449098672252198921
3729917117
250348446
807355480188141568
1282121312
439504227
28420827
350822109
1441896527841030153
24560836
388004331
1393240605828993028
18456091
17955081
31700619
1335237183234519040
34367582
1473896814562594819
1694945473
817817720221794305
1471438603305824260
926165185638883328
1387757869932728324
1480926325091323913
106930323
3267456386
1183451054559490048
1226167963
2204609910
792393470782636032
970389424457515009
866005696428384256
854746255431315456
775361915124080640
758460365931999234
234722230
17315451
1225268269629632512
1251900966770794498
1085719806031159296
1146508215468908544
1216011416085368833
43906698
1067252168791650305
1123550158430593025
486948012
2168077735
1243459052950024192
1101980807340544000
747586040165064704
1038985700
1095284742986088448
700662218166173696
988595306303401984
1147464636242882561
1431265825453903880
1139113038
1351983417802383361
821432729527054336
208089519
32503010
28951400
1361907889292607489
60324596
998113829744758785
1470626535958892544
1354119019712950281
364323550
730121169194655748
880602945632575488
993692561863667712
332869492
1023178838
1147399805674672128
205959930
182477675
95994080
1094117044327395328
1059314543959162881
1480610842370396161
1368275929047441411
1479916797700853770
880499359883841536
1427557319500472325
1328473059112722437
1027491204
1464227414645653507
1131328319343988736
1477847046828793859
1336384768603262976
971854805340737536
1312332145520570369
1320034873864835079
1401607824950665220
1401270508105220100
1252644727146627072
1246080554807840768
1227456923827625984
1266530790051102720
1339358213653848071
709410110854934529
1415481206192361479
1084320483896643584
1255907018491269120
1617581582
1411771377603039239
1376486524624199680
1399380648641638404
945698072105046016
1325595066728132608
2968594904
1360942472621342722
1421028373942374401
1460942951455117314
3958327401
879640447915831297
1025410166483832833
873427520074461186
912729106344579074
1161261376846946305
1268032640042414080
2794848564
1009588379640528897
268629423
1179674640542769152
1470401281181331459
1476689186975629315
247676486
113982424
2795449614
1387563120613367808
3530146456
1461555237206958086
1452515220891463682
1460946872487628807
1461276388804153345
1323379894852718593
1461370092495806465
1153797862037295104
1387103497271795726
581301629
110835004
1373240119189241857
301701611
1733467884
3535655415
1409385743781355525
1462893771994062851
36905540
460415506
77386462
1350794742297206785
1437328954407403523
1394707003885432835
1181591160093065216
2903937198
1445454040880476169
202501326
332968448
1374047427880054786
1449518511374614531
218008286
1921090622
323310623
1373700236770570242
1412188907618258946
242511062
1142277188294598656
904710997
1437930654964994054
2776348114
1181967264809148416
955936165
1292012805139206146
1382353827513442310
850929205764177921
3081804955
1186514928913522688
1471023897847889921
402904739
1159403859791491072
1370440932584263685
1338234542893785089
872683897
1462759475920527362
881353142
41761871
1393172033958199298
1461457175533039616
3313079044
992143448017965057
1255347035001192448
1470157539631374339
14098533
478393628
1365814169581281283
1353040053602316289
34616510
1388745911111589889
1354258352528887808
39635217
156380837
1166366182569598976
1467546119630639104
1278090949537792002
133149977
1311847197944819713
2476054586
1469072213978591234
1443294357877051395
196256622
27749259
1217177363315863555
1302277351930241024
1458470122402861056
1371293248694546435
2874374082
777388236440305665
1422198774483628032
1295526279194828800
1461079283007471623
8338302
34556399
1467888504156082178
1353383066064936961
4917456893
1342538466224205824
1362672650867376131
1397150280555409415
1445533176676315152
1381415519727857665
1459221031164465155
1581744482
1279389388175298562
1347632898917203970
1302230772020056064
1339299462603268097
1275594104844533761
2423857764
14795451
1404830875532025861
1320397504416862208
229202773
1452350673459326978
1423074244661964801
1355708459333922817
1343023711679631360
1376926475828486144
1414948487528075271
1392426037053517824
1353266784321855493
1359923836356018176
1331041454941204486
1233669738502463488
1244556978090921984
1449071683948531712
1458280489865777152
1443742147300057089
1467325620409585667
2376662816
1361999106915373056
1461236934215286788
1399075398349058048
2532627822
1434811797807247360
1398603106691149829
1458261635949289476
1165967464297062400
44067298
3629512877
1170182990
794862993553047553
1450981378670084102
1298530699776073730
708891963278417920
1432504595951931393
961851963708096513
424739189
941832052181217285
1443074954887630849
1457061434748112898
334029147
22123529
1465561313887854595
1427167830387036166
1414477506988576769
1465461751118454789
601375494
1455722604845625346
1366824589674881025
100305712
1151288010656403456
1301192342926503943
1146121628021080064
1442827332146892803
1385470301614481412
1194772495280140290
1456330021082210307
1443371084
2885054619
1441458575688282114
21337404
110610806
1449454385222848517
1365188675680698372
1457118111560187905
918136830540869633
1390912964975161347
1090645183727730689
2414745014
35673821
1446833540205883393
741057139687362564
1364220629524783104
1386337202565693441
1429249506659426307
1256003905
4914384040
1390762874809761793
803586019966799876
1329449027419639809
1052172998181052416
170049408
1431023818882043907
1147922606508527616
1428293763143815169
1207785915533479936
3364497995
182119735
143608636
1052996972116873217
898708204951031809
457204731
1409636478414573572
1372904788631900164
1412837217211404294
1421993347627978752
1431119287280812040
1253522750125281283
1129762164
1421222297659117578
1411178371699068929
1370465259731959808
329507081
1337913087400284161
1457364855501963267
1415377609341345793
1455935373851299842
1439407385580347404
1415461288784838657
342362156
1428906974213599234
1447021432282746894
924167480108388352
79714172
361123761
1324492776575324161
14019082
20380494
553115903
935619690
1377738266284154880
1348957562184589312
113137765
7218712
215060612
1436876686767935491
981208355115974656
1453491416307585026
1253274011339014146
878690331881066496
1456450908573900800
1403637600116776960
1388786876501344256
178126274
1461129343791472641
1460699451220189200
932630991298007041
2838643627
1454139532501258245
1453614318071676928
1417511755387850753
1434146964627759111
1455702197702856710
1414740038781333528
182765735
1438219365229289473
956928223
928056163391782917
752583433491066891
1258678818190966785
1446695356322889729
1092269101521797121
1412835894352965632
1370685661649502210
72670649
200798340
1361393959273189378
1399602010824052738
1405454003039719427
912821076702388225
1431130631493144576
1445841288419430400
2649678785
1035945861841395712
945358688776159232
905124343
1414565623938572291
1358629518223769604
1333021327515475968
1442465078402437126
1355631167593193476
1456644677365600259
1452382942098034699
1140938346
980079623852773377
1366325647421952002
3899822473
1342657297689022466
262040508
1381205817299456000
1355835561253232645
1458498140085043213
80909949
1449001312738230272
1441866530250125312
1446276415595421708
1378058133541621781
1376544778620346369
1398728974042271760
1440457293187796993
2353709778
45842704
1441758910596071434
1314648113571934208
907868791354175489
129195011
231543142
470476353
1387364623574343681
823411683213225988
254511254
1121113920259780608
1395520615587586048
2595174325
1360742292424900609
895215544000851969
15239373
1363348115684814857
906990632186642432
1251467495304761344
1081300993936117761
1407888640773033984
1430594686645850121
1325308960296067078
895017130621517824
1447583401284866052
1333223373342601217
20953997
29630621
34507601
877123407426486272
857875814590758912
379614666
1367013297174716417
1215039693605265409
1316921222580654089
1370813077260800005
25527652
1339660355568607235
365169579
2175282002
257135565
1413905232149549064
17829300
30367259
98990456
763127617780346882
54317637
40044371
329964821
9897812
1432857463523528700
1432857463523528708
3141135743
254841263
18269449
1334917469602000898
563834200
1363005549382574080
162933376
913466556
877728873340956672
1451082947461664770
1432188891935694852
81263065
830964812398092289
968979897673658368
1452422647464267780
1250188391607492609
1384590977453543424
119101593
1411729093033332741
14763
552012367
1368300513041686528
1228286940488880137
3027158577
4181478136
1091779032570650625
795525007195643904
1369544794800807936
1446202448352366594
1236816022717554688
1409774226064564224
948338115244064768
1403051694410264578
1355005208259133442
878219545785372673
1420385242938892290
953893947822280704
961637747512389632
22733444
95092020
1431596110338945027
764250609402777600
1440823564999938052
1422576121242083333
1389579368683421709
1372186389719171073
27000730
1325860264407916549
1317828734913753090
216509454
16409683
1346599984528023554
4881140173
1407882026796130306
1407153364173877251
599817378
852259884175372290
546460454
1432236937549656066
1143970039592173573
2621412174
1433248943962562560
1388487332093997057
1181533421937446916
905361701603872768
110485995
258512916
629844555
1230676218770579456
24816651
2529971
3076212136
893823882
21306324
702691564011843584
369735258
846417084192055296
209320000
257051580
1444011503275810822
1364406052943323137
15814390
4508807417
57441414
1023269131
1380893516390350848
380578024
273432430
372181722
1238260133983125505
579958164
427930773
563539450
613106053
562708576
1209517997381038081
968054669879709697
18648536
1039343358236188675
3298789856
797929606078746624
1215077597798916102
1280915974317694976
22110973
15698507
11740902
1276144327694180360
1195213406984388608
26667184
1649128015
19062153
1433997706981253124
18111365
40742821
1372924009441071107
1372220379599671303
145346276
720848934663376896
1024846771204370433
178036598
1357410364355395587
1371574239115972610
1432402638868389892
1355655809435316230
1372680567112794112
1428078635861299211
1400974616785457154
999508587251748864
1428781520525742081
2872491695
1414437630037663744
1262951834412560384
777636844250902528
338410478
1425531375751421952
26377478
847882255540342784
3260096383
708749742549774336
92670272
1377243624669339652
1387663434
1137701
56000672
73159668
729548255470575616
20902138
41516710
14710235
23431833
20332925
19721574
854182476876361729
305830702
247484763
885722868
21987210
1317385210254651393
940695054343012352
32147945
42294952
18429921
1439205890817544200
1420792705806917635
107865888
1353062898419994626
1030180329053671425
1301247933732581376
214226213
1370024149070979078
866773395995807745
1372873723653591049
1346869084105936898
1375482613134151684
1224042770547073025
1400274373102030849
1387178753676218376
1362532781478326273
1053795166199238656
1364766673362841601
997715301545361408
1057660949161684992
20356963
18643437
1139574829802090496
1295221238810304514
18208354
3291830170
974676150092947457
879737099074887682
62418232
946213559213555712
980935731794403328
9445792
73379748
1351271303823585282
113393647
455340801
1286011450377547780
820252180796100608
1243493746865573889
3005650652
127646057
1415760166667145227
701756115118333952
1311393885806100481
1362443063432531968
314542577
1285314891029581826
866905964997296128
1240821234843213827
1362918850375815170
18725415
175436369
528517213
14185328
14196323
2472586358
1353582449855500288
146223193
976052023270322176
1362265690326073345
2789708203
1449307936153653249
4107711
57708338
1357812015419428870
1391917111614877696
31612773
1367723050406268929
2521790053
1320205968404287488
775343566843502592
28527667
394590995
50184013
137878848
261394659
1362289791379898370
848771051161083904
75343905
1219660354386419713
12
73353134
66590132
255188185
286792147
16496156
20736511
1396762058352439303
1354595920512311299
1258094477861892096
16817897
155688134
17064600
41609275
155844378
2433432126
139487079
2326417910
872975016828297216
795846
545136088
1391490624
1160222700104757249
1232540254457847808
618709104
1471313300
4839528448
691353
3438893417
714534276
18068353
1387081490
418803165
61417559
2577886615
21519885
2695392493
2799211554
22682896
53089954
14338147
23618940
21263333
14080479
19847181
386728215
819942536919785474
213236426
1297925400090337280
1354228711466426369
1108050829393707008
196519120
36226441
568914153
730518593004134400
3586658118
722
7646552
798206082795601926
816255358066946050
4135644558
3798122725
802133
295218901
2601630428
1431204614
2254927386
2530144410
196601199
887503187443306497
1567594741
3021837038
595628453
101318060
2178012643
64844802
1376161898
825920479055671296
2365864771
475094271
22341856
913463264264245248
14654494
9253672
2728570895
2324022344
2216302500
148243590
57689645
710463119886262272
745273
2362854624
396045469
1333467482
898917341051965441
16076032
18856867
29893444
45967905
989226435083583488
809024277748084736
901999991903977472
3194920178
1968756600
1308211178
49736166
250980843
24222556
3291691
2361631088
20884310
2263452746
2398137084
938254316648800256
3239945293
26247736
248736864
26195165
80626325
814241993928810496
720487892670410753
2555176531
790627436832579584
931273791782535168
1151261857618907136
972581811392933888
951586147611930629
574032254
830122005030694920
885444908307402752
568621669
718144701459800064
2260491445
902926941413453824
956155022957531137
877807935493033984
2207129125
14379660
16347964
976884195632001027
930490554403586048
62603893
244647486
14149992
884683091415060480
100253491
984543137363263489
1218541315274760194
339061487
2800345565
2320755170
2453385626
138513820
276271004
16461706
1399148563
66950686
269502267
938191893669691393
824634606305505280
23756134
70915740
861619895485726722
1144612974629400577
46238620
1100520274200416256
34743251
13298072
259771124
760345658
175624200
4398626122
4783690002
775195069401804800
50940456
966481145226452992
1179233381126529025
755438286110195712
28582680
23137860
1598709350
1234260054368342016
16242081
381264102
772963621206917120
1530530365
19132398
79616936
2161496719
746500986638901248
874609260121993216
1049681298233675776
2516844961
352518189
886832413
3194838079
2460502890
2478756618
40016570
2148686011
38978778
980468569975787521
893529038085599232
2846750008
378221707
1329594934542929921
875013128735649792
936842262553665538
20374262
2263437272
2263467936
183279521
1194984822
3129477561
1085762392385077249
1214622906749198337
42226885
880412538625810432
14541402
1190051
3091428844
884511390987407360
33962758
1595615893
863846150
1233162326523731974
1156297654227341312
937317022064558080
1235333758448021505
2402535456
1001490017917784064
1330110493
867408246272737280
57014028
2189541
823766058909761536
43763
1291398056857001984
710913
2298565421
1162883382700912640
1214050967986946051
1150505915059060737
1223779978459770880
1237544865216507906
1225557966142820354
826699259441328128
1236028763931947008
865963965649571840
1289151125854322688
1096456962022223872
1137038394503114753
984188226826010624
3190865591
867100084248469505
292132128
898875132864716800
1208076242366283776
4736263474
734688391942524928
895030804383969283
956336564753321984
889220685423357956
617602505
613649581
26240468
1105660673445380097
715730907362115588
820282353436200960
892945654451851265
960091531448217600
950509070682791936
1078711474393149446
961245568692502528
918695525335015424
14521044
2307692107
717926102614716417
29856819
285636352
2193616844
1022821051187822593
2561715571
385162204
3022775424
29828364
14883246
1337780902680809474
24775410
25552514
1527806202
1168028988091985920
412587524
1295428909538906115
14744734
166765173
273288231
1032339176858050560
315991624
44322763
1106232026548457472
895723521153703936
26149295
887851445982068737
15913556
2844400678
168644799
312789382
857994826230374401
804029200315334656
730298054
764488700
18469669
13418472
173271731
228839304
2432123072
808179640602939392
312681953
182006140
1044340928343953408
1169984260675186689
939222089831088129
1050009593701650439
2445396642
965994764712775683
1349478596591681536
945817135816654848
32379544
851361
905781705159606272
2272640503
14923571
538399586
918804624303382528
858758851700686848
730814414367162368
1045742192822636544
1039429642099322880
874629802422145025
864211771858591746
38266606
575818188
302505363
380546370
748483312965062656
965907870867861504
86829277
47003920
361289499
37918984
1293026362467299329
1352629113018863622
1283148610360811529
49321996
3712173020
30570632
1110877798820777986
1146058067244486656
1101264495337365504
868578294916145152
930809585832812545
1003718268484489216
1357451976
916257050
889183928053104642
970994516357472257
188369814
259999631
989912836901089282
1351968481369968643
2381420407
1297526497037545473
66106683
22258315
952169739245285376
915954364774326273
420308365
423094645
221838349
277187036
1261785578258849792
793023
1113548356188393472
2281473800
58337796
101354595
293815131
555623697
1072152565113073665
896141
1145008681676943360
34724786
2166434343
284278132
18691746
33104659
453347832
44726326
240049622
47966112
160358122
16228398
22831059
1016966986738425857
2188509068
15996668
1221441944267653120
1081694326034391041
1317568613189062656
135180235
2360241314
2902349190
873051724604334080
317521541
2587967809
4837754686
44196397
19314650
30345764
2568108282
486955518
1096845500
39357410
71876190
245157986
2455740283
161418822
394400134
1599608046
76774950
995979576
1363470846
742771496993574912
3098386328
21879024
19549550
14851635
1204592959716376577
1337791760
743662396892282881
2315444339
22873925
605974171
3952661537
47687609
78523300
15887040
1603084909
449700739
1461990014
739147608120274944
169686021
2333293982
1604315641
850806531247529984
1026447097
2434443876
51359739
1139610479607894016
2444963136
1156841049316196352
216448529
1202181314
72254901
20547245
2840393289
18344830
3252641023
913785678848188416
884828064282279944
27209623
1167196710176776193
16948493
83748727
287413569
313038011
775696688489099264
2943060805
22703645
455261114
739013222569807872
1109176345098104833
1207844856984481792
1174517985396043777
1150564556047036416
715946355185827841
1143908888942718976
1155343131501633538
66934933
