1594158395652800519
1703879668451905539
1690079682333454336
1707947579017777152
1707264630752493568
1701248860109078528
20394822
1591319198478700544
1594739633761435650
1646388470330568705
1707354749018750976
1706480562163290112
1425182981698768906
1671493745760432133
1218336944335347712
1648482732815667200
1697152764529496064
1702341096926244865
1601289244827328512
363225825
1366640936499826690
701088276
1693604216432971776
1580970503094894593
1698807158287048704
1623890986391797762
1589833881624141827
1697088636628373504
1697155047149232128
1683900926669488134
1605025502917406720
1321109094040801282
1590248396551503873
1411701265181122560
1445140705182113800
1614497438643159040
1428864524673765380
1311682723300376576
1630374860722413568
1452363629878288391
1122904904975179777
1260443588464345096
1678673110369992705
1272336039781244935
1339677466915385345
1674683690683858944
16618503
1502239861461368837
1678940381331832833
1675297129365946369
1689556067204886529
1689825113665855488
1507549123167227904
1586548910834814976
1688939302527574016
1679304958410121216
1656068415457509376
1682145502299652099
1671498005998891009
1620828935377281025
1226167963
22659569
1638225095863705610
1359941972719501314
1631526228745240576
1523626148806152192
1201595653127843840
1646661305883938817
1653553886408368130
1316627932807274496
1669845237705977856
1675378570351480832
1104050924228616194
1683968788486553600
1621448529817239553
1662176837710037000
1517566303770497024
1535094897606369285
1667684519544074243
1430495809477431299
1609908475810684930
1521345765771251712
1658528551300128789
1683480364226949123
1681313390319501313
1683090981439123457
1398020061202464770
1455249040493449224
1588229836207693824
1251642753584422912
1480414980377825283
1303774644424577025
239241169
1349160281214119937
1578345572129558528
1460195341739962369
1370766475
1456317270477660167
1640871705781600256
1509368748456787973
1125642706149994496
1617876681301331969
1214752103408820224
1289698524288806912
1679178677647732736
1167028576937480192
1127229251466326016
1445769687028011014
1385461673641664519
213058411
1338230112479657984
1272030510831845376
1641930248353886209
1124019363831529473
1589386821204512769
1496112499627741190
1654135655239221248
1560480384118407169
1541903307295207424
1567985911027097600
1489241045598621722
1665179297567457282
436463305
1594079906337619968
1674953071795765249
1678884980183662592
1545099891587928064
1263211367030349826
1635817424233611264
1599322070986416129
1593731049024110593
1526392936572895232
1147279001733308417
1574918591446765574
1480926325091323913
1542088334125801473
1670871166637191168
39592425
1525710971246878723
1366699216848842755
1509769050284511239
4281849023
1889103997
955123711262298112
754345572337790976
3944363717
1522706316376092675
1669309793213853699
1423621883333947393
1604496554278150144
1001059717253386240
1334988074883813379
1661904107509096448
1514719826773749760
1174816521320722432
749607928768917505
1641513904902901760
1055481548689039360
1640387148560957441
1603439586302107648
1559189486688522240
1608430347317907456
1581501839022997504
1912308060
1510789490163568643
1147986321618681856
1649237821121601539
1505663812267122691
1401569088724418563
1271235405380112384
1530749455485509632
1365863538393309184
3418176772
1483038381693091841
1429964893638246403
1587302381150257153
1473961632757956613
1586163244720422912
1646714741556121603
1646192564448509959
1590013021157556224
1481773144427966465
1594826437206212609
1645534443099025408
1136322174
906309636256493568
1223017792435380224
794862993553047553
1569455242475106304
1607636906199728128
1218734874540105729
1587612300319637505
1083793139922546688
1115071890597478401
1188835096570335238
1569864806697410568
805223648499859457
1640806513412395032
1547774136411254785
938160734147661825
1605709476547420160
1366619018656948227
18706305
1544828761044004864
1593041665379471360
1579597893580869636
1468069265551290368
1391619599691550720
1511423551584284674
1169500171694198784
419084104
1308138648911720450
1273604079089057792
1535738807882248192
582399581
1538705932799987712
1375588089737908233
1454741996979949576
1525476955621101571
1094534440091451393
1025767175628484608
1225547902748987392
1268032640042414080
1534275646544822281
1579301069699661826
1631658716654182403
743269869336961026
970884857126506496
1567689268843126784
79805695
1435259477532491777
1535771569896665089
1630443884445564929
1468128292029014021
1592336101598953473
1521949091311235072
261099722
1460150176874516485
1488443616528048131
1352876572798234624
2904467961
1477357410037678094
1612409645527879680
1600153913080135684
1609202129205592066
1172086334229372928
1617368665493585921
1215740037461086208
1525357235198566400
1543757737569525760
1552503948082352128
1282762748208787462
1494455311129882625
1586827594464481287
1085403425527996416
1003645782803861504
1612300916920668162
1508513036323246080
883105305722212352
1007093133341933568
4789548912
472681637
752554537391624192
1610428830547693573
1501364396903309312
1478115811197919238
1503797322878275584
1360095109870673920
1575690840936443905
1537945290388361218
1109891841552347136
1595081008964988928
365216658
1245994748004798464
1228800398913392643
1527629962013982720
1468835109621043200
1589471069794177024
1582468777270198272
1399274161944530946
1384150270859382793
1271435282106036226
1625640291213488129
1569392744241446912
1415078045787082754
1429611050366869506
2865059762
1613662447558090752
1595651287005241344
976853859703427078
1581951968263766017
20800915
1432438171699007489
1592174249602580480
1586421283927072771
2271075528
854746255431315456
1468750900332167170
3361612229
200576451
1465846962746494986
1437835591299698690
1619915451797995521
1542758807750705153
1619958076219576321
752984680765329408
3011673852
1586038313978368000
1538902786313797634
1605405291142586368
1481582232863227909
1562240993524854790
1469513953097170947
1471664814548299782
1226436350670450688
1596300590744600577
3346120463
1039969713953103872
1526568451044777998
973122455945469952
1614206234290229249
1214232737575391238
1337852270873088004
1587697283113648128
1385387445114519553
1468100244831363077
1020045752393871360
1426665482665357312
1595029598370254849
1095735806197710851
1598597127684476929
1598176077179928576
1615703774286254080
1590402361310289920
1387757869932728324
48351615
1592315872353427456
1343438130276286466
1410364747078422529
1414666657
1171776656803008517
1591500982176858112
1282791681616748547
1516575921368666119
1373521707202310148
1615814073559486486
1329943573937016832
1578522896913248258
1600670018429079552
1150996586572472321
1601062664775819265
1440980893427015682
1474455762999074820
1612175544145027072
1065324188632780800
976407655202910208
1235608350861045761
1568148595861250055
1580779454204354560
1590920329228341249
1482721834860695554
1547642541184409601
1214652046357471237
1580590700659343362
837376608033886208
1559213391364984832
904598434635587584
1520064181394972674
1484586032888750080
806917072164769792
1615801781891567620
1600075964653912064
1535141185307955200
1343935155354947584
1185273626876108800
1015295486612291585
1522220554748456960
868580828
1194116373661782016
529332061
1462921559241232385
185357281
1367262011315396609
1585845309598359554
1481328545175687170
1381631987358687237
1193541007
13748992
1082275268318953473
719745008304263168
979857262037602304
1375915101073649666
1520699948941119488
1604851852704636928
1433100936205852680
1335254696743874561
944741158353240069
4780099620
1361372751286697984
1518967643151216641
1524830226454392834
1540125095942930432
1559804367057960964
1505222807470419974
1577282631837908993
1413325489855291395
1547288279971774464
1524124324038328320
1347010013475299329
1342369769052401665
1068551685264629761
1577384131952054283
1612174500396945408
1177213504627105794
1562194618590318593
1382376686960963584
1269409632843378694
1022545380872003584
1596385436271841281
1557378141659795464
1481327082261164033
1445410611551211529
1476761967159296001
1613244867815084034
1400042479358025728
1451131758154498053
1397379770845892611
1162531268711596032
1437249391669166081
1555295878339891201
1556059004928917504
991005135768817664
1169882163673567234
43808296
920035475037048838
1586335000131248131
1587183203030388740
102919815
1298781706527350785
844434316943904768
1542610098333286401
1596875354584514561
1365086833969889283
1601533875947192320
1136301955016527874
1321203011142610945
1473733867353878536
44196397
