1706546726406901760
1474453644384870401
70648607
1708672823898882048
1707893106094256128
1595999099937079297
1093942733075607557
1707958344374214656
1696286358447198208
1708452088999747584
1708449371593875456
1626372892437929987
1686220644835549184
1175911576374849542
1707640476709351424
1343679051345645574
1708136059580608512
1705725063289290752
1676822030132342784
1706625564298088448
1705977576458493952
1655618244760182784
1708204717887639552
1707974415860879360
1701359595166236672
1707906303262146560
1705303277879910401
2165500903
4417918212
1663040305740800003
1705120708290924544
1705350638941741056
1703425756682911744
1689393275818360833
1482924751962406915
908365179225874433
1659056436058390529
1707377351758065664
1667496370998001664
3273376171
1707063966654980096
1705890595493806080
1706964987346911232
1608093395729219584
1680422674823016450
1706042842513084416
1409730129157185540
856398298307076096
1706059691384508416
1705664601453408256
1702711793959788544
1572853761898422274
1587458344897466368
1705133752014303232
1704911018281836545
1704638958494265344
1703007061355675648
1575979628480458752
1576984112757280768
1592960248620392451
1679677948226306049
1472938785935560704
1699501212444549120
1587294803053666307
1703116428008660992
1703980626011922432
251052944
1703551188895936512
1651996502108123138
1685789235474046976
1605855794037080064
1702775367650463744
1552864944034643969
1691301659878547456
1691299738400727040
1686965720335503360
1701062493496569856
539454878
1691615884475854848
1296188157487132674
1677454736834850816
1699104400168419328
1697793852256530432
1701594778369245184
1315746590087315464
1701058366980648960
1687696166262083584
1634737601297932292
1276612484573605889
1700547037131923457
1530573463290884098
1678445254830170114
1672984536957984768
345594530
1679421375461638145
1698279998908493824
1024979894
1683947233975189505
1533961268821893121
1687147137119789062
1690502614251921408
1677379735897407489
2991192881
1155537529678061568
1586145424427155456
1597072984824418304
368791859
1579006147503136768
1700769153509150721
1691563460566364161
1675356428242939904
1685862064743424000
1687263347211689985
1506112193061867524
1700703261940940800
2720231048
1686110370866360320
1693622566340997120
1477507063723040774
1481722278282993674
1586760000973819905
1698078862238769152
1583554512756809747
1692611024849899520
1676781023575814144
309348679
1670611768278941697
1102987848741998592
1581253175394373632
1380012342
1141842142115106822
1495829575418343424
1688343474616012800
25170007
1591200044023152641
1488814398793728005
1589762381441368064
1136426434807734273
1664636142254276608
1500596501793411079
1074756099973234697
256639601
1183824132141535232
1622442951891615745
1594401084218527747
4646971538
1697987057493192704
1673897037274701826
1656001729517744132
1252000012332077068
1158210993413140480
1529362086417125376
1388211538817921025
316633018
1654232542302679040
1585581239909568512
1607625497386844162
1699910027103105024
1663572859002970113
1700117682144550912
420700297
868152995640463361
1601357698385125378
1428433774891573258
1651711029741785088
1209528406607564803
4101751889
1519005650021502976
1518665963616587778
585445539
1658133690629718018
1695524464346210304
1370528151491731460
14911991
1601753690297212928
1673406852959436801
1648572136032985088
1305980526868803586
1586589205538361344
1700058008783577088
1574936360854732803
1628818357368631296
1687995113140596736
345400365
1643212639915454469
1649221484748115968
1570405479125245953
1680762105606152194
2287840886
1679188369652211712
1681313276314124288
1408898855542968329
1667935144043335680
1465838686831001606
1266279952275501056
1528959323937730560
2266196838
1694547091098628096
1640866082591309824
1649909243586199554
763410821691109376
1274989790
1697321393627738112
1694924708989521920
1694409302491209728
1602878562075189248
1324382285102227456
1587170195864428545
2526588174
1699199721670348800
1699202373082906624
1693225702915534849
1698084638596513793
1698959315158405120
1648960607780241409
1655323731575578625
1683222704785170434
1667882939009454084
26063301
771033403282063360
1582380135105417220
1639115538516557826
983854411377139712
44687046
1698393518308208640
1520619667492323329
1638967336018362368
1698085393646632960
1200542180135391233
1692008589634961408
1697977283191930880
1697907077837193216
1697863184948838400
1680707517632921603
1104313374970654720
1694918957663203328
1598083921509498880
1317505351286226946
1173457374625050625
1467546458123603977
1662060485259214849
1647617140046852096
1687983444544909312
1127275375598301185
1667520273958985730
1692357306040864768
1615834986900332579
1618251526857687040
1589383052895084549
2540743192
1380555678197104644
1669166947806658561
1609317849973006336
3680548697
1594138534533005317
1693439980369326080
1596319893779107842
1677350684671328256
1675318406092922881
1696847278785331200
1697672325582163968
1697681521266614272
1656904272632598528
1697058288309768192
1691130508854304768
1434512322832310274
1696984775901249536
1692168747530821633
1696687618820378624
1578119771119296512
1694924721698091008
1477044282271977473
1600194497895342080
1676444886315180032
1695256361724981249
1582486349910876160
1694814534954065921
1149466416967557120
1695212598327697408
1562156829299380225
1695006344397344768
1687990667774210049
1689392549776273408
1215307117386772480
1688407391589593088
1688988588594102275
1694414222183067649
1693718075705786368
1584351013443862528
1694264313199169537
1088525713655951360
1692321522642251776
1600247904320512000
1693682302491176960
1133438536441405440
1347730095541157891
1692258109517975554
33260278
1677009007716753409
1550003213390061568
1504231447107833858
1651273769292382236
1652570612144148480
1587988543405793283
1557280329739735040
1689746095659012096
1691160138852298753
746831792221601792
1585990920364855296
846331145155436545
1690516503504769025
971977533804564484
1271136049486614530
1428581101174345729
1558000409817804800
1264256390442385410
1687351445371379712
1549109432952541185
1652308182776307714
1678869517420711937
1683101990266478592
1681574848261423106
1594900010487123968
1498374756457873409
1596315981999067136
1687909398583431168
4291527016
4076154978
1679846078596755458
1688763586766639105
1600514522980261888
1682937823417040897
1586841958403944448
1378541651526889472
3318298932
1617987208803192832
1667663224173658112
1445519469435031552
1518718458556522496
1595436080433610753
1519970429925875712
1559745218076938243
1377903775101296643
1687620951062560768
1685207824387678208
1570857669598281730
895237080724459520
1640621968167952384
1688318417378373632
1687169758913810432
1688306459296329728
1687309133349814272
925507456775655424
1677061437988929542
1506722094284947466
1608011146245832708
1634933381099126786
1674587408141103110
1519451953306247168
862065266879995904
1467647879795941383
1489607993872338945
913265042090491905
1586756158454472710
52755564
1552422934546812930
1682487951660314624
1480017748788842498
1675939637666148354
1683267217583144961
1676756575845769216
1595193113705959425
1679628332034404352
1682563608629182464
1602321431995490304
1224308996045180929
1688065158281650176
1137797476101054464
1675898050118598657
1680928312074412032
1412822157835579396
1586593374005518336
1610901356667101186
1657790754276937728
1518902002796875777
1606332798100721665
1521788261437513735
1032035712391110658
2465320669
1593970176327811072
1680382071066226688
1613173386288431109
1678213431982276610
1682351241412722688
1677990837651935233
1658971292370890760
1666483922031501327
1273515602393489412
1655130676507873281
1685462510906884096
1363222541356175370
1589867155448889345
1586062213982330880
1528153865387970561
3189033559
793545643121709056
1679701352409120768
1603954602612858880
1580709868511576064
1253137288428531713
1596998605436604417
895262112
1687865800579751936
1602827452254158848
1654934650261843970
1687493398549155840
860397688533143553
1267290680252076032
1668740847448526849
1681362417652203520
1432586043954450433
1603231633007673344
773847902942887936
1688010345460256768
1204961723276509184
1678216899115581440
1664532550193143809
1486690460961804290
1348444534594703360
1679743997114212352
1682861358378004480
942409853242355712
54658408
1679620433039990785
1687965859363348481
1687707115031244800
1681467461538050054
1664827251093913600
1527313667162681344
1687731498911178752
1553768636904456192
1639509037229170689
1687688467046670336
1687687260962189314
1687348674169315328
1180268050689470465
1356405296021856258
1586031608246796289
740704117580926976
1614367660845809664
1665304594820497408
1545215785890680832
1681315338351435776
197586586
1355598961848045571
1299477655822106624
15469779
46015886
707318333050265600
1685438648114651136
1327440926126575616
1641461054
553128939
1675200508481372160
1681785745210580993
1633821070062149633
1672443081650589696
1427743762189492225
1674991401346510855
43478540
1482901583298015232
1372408736568999937
1685484184070967296
1446164719971282955
1686972421578825728
1685492570699210752
1626762954325757953
1686829825669971969
3623795001
1686681837035192320
1419168737043775492
1577094022107217924
1620677318988681216
1457078701699608579
1650415354156294146
1590796322323501123
1553924050916823040
2923254998
1683503757819015169
21745830
1466718627286208515
1648364000768409603
1531150555556773889
1679415889018404864
1586097506697547784
1553189943131906048
1429591224441212928
1674135316230295554
1157078229045448707
1573817872987602944
1638456062037872640
1684195305707962368
1684710403765350400
1419439982440243201
1585868214713597952
1530061179120279552
1684447355666575360
1449120302739308546
1561200914244960256
1674174819728781317
1684168944968519681
1008683068167684096
1654253612753883136
1125947439905742849
1681537006734655488
855483994800050177
1617932570225946625
1608604831769321473
1581066310846648322
1186404293944991744
1605764071680360450
1620094966876803081
1498681830001758213
1466202486759469059
1682673586966757376
1683414118009798656
908357585098735616
1156304217545551872
1303476690623045633
4204772182
1683504778679132161
1570869723616755713
1586913584570736640
1480601762511958021
69125314
841903392742088704
1661485929041731586
1275645979908325379
1676205327954620416
1229846086015160328
1506683794815913988
1683141119612166147
1439107493381251077
1468206100965203970
1677105946596704257
1481536864658075653
1537576368199720961
1096040707712638977
1542748694222671872
1594054052022784003
1632901553626423297
1682491602843889668
1681369494826909703
1658550722336641025
34165682
1470788693405413378
4515421095
1518690130483048448
1633471116982231041
1531763903948013571
1578985761252204545
1682345732714663937
1681527381775851521
2301428232
1679180792042340365
1674416645371211778
1682470461047726080
1655687279036203009
1680495694149197827
1538598514577620994
1681633378875916289
1528098027537326083
1680617819308949504
1674947671973568512
1468672739095592961
1666672021248286720
1437519701467336716
1663064110638985216
1399449164782706693
1680609901234515968
1681619904741474305
1675782264074977280
880833735846789120
1299608153739460609
1681510070100668416
1618088724730118146
1471567404069265412
1501981340383977472
1282719613864878082
1591388072289398784
1681124037634949120
1115411940162056193
1681123190872088577
1681102883947675650
1543321001634799617
1532470340005208064
1446590599579197442
1658651157554757632
1678999488734679041
2777174557
1680253494891098112
1647002723911360517
1680973803755651073
1188137303522365440
1676292529665220611
1600590712659140608
1556651262690660352
1552821948635402241
1603904642206896129
2588216078
1663873203918319618
1680899246344613890
1680896585310322688
911150297078054912
1680795823192276994
1616798775561060353
1488458759135444995
1494838191144288256
1641563163911938049
1658356463176237056
1312337002516357120
1631862598521044995
1468468677876006914
1228029169520533506
747870494041513984
1627167417779494912
1602028715914952707
1642987456411598849
1648717643073847296
1670197413208813568
1676013359622127616
1676012170042302465
1596685251534790656
1628564358497284096
1062474586841927685
1529273865683320848
1519276355275403264
1147660357877534720
1651719050161016832
245100801
1562889636317315072
1345301835565842432
1588577556437016576
1674826799958855681
1584961703720194074
1675949962658713600
1598138091910438913
1561159933613293580
1653444296245383169
1519656546338283524
1680195786070532096
325614513
1601798032349368320
1679681807262908417
1679739997220483073
1266523847601188865
1590911268021583873
1670261661066821636
911896968338616321
1678570452166246401
1607836503581032448
1512878333742178305
1627048423437524992
1676148574709768192
1679244310309646336
1679190518134079504
1679184909800468480
1679091064228007936
1678961432111505409
1678878741886271489
1622318481407361031
1654894699474472961
1670966906377981953
1595986927815122945
1319142307162169345
1650913399272882177
1285600536545431558
1668265572033785858
1225755860237832192
1456333572693176320
1677026489881993217
1399151821776621570
1586833279793111048
309948897
1662509965683171328
972631922894491649
1586087761718689792
1678548861013434376
1678554411545575425
16634922
1678373205365465088
1677861572520099842
1666363449859883008
1255992643701534721
1677729118635413504
1677765511592001536
1648133138802159616
4308427397
1488185624465084421
1636087997736054784
1665357914217873408
1594519238244540416
1589975819983667201
1661009873159733250
1514910392
1587073808044695552
1453911175591350272
1675393889350320130
1204014685839876096
1431087596017422342
1445125092187508736
744750770952691712
1249533145684180993
1403562324
1585999971593101313
1676957177184129025
1268663200423313412
1636786529912725504
1483992266557509633
753429340348559360
1676918827878170635
1674897942270885888
1646571074770067456
372704015
1572264001513422850
1676760987855192066
2304354099
1574818938013110272
3297090039
1209532216188891136
1570183713526525954
1676634014365659137
1675620908050927618
2752807211
1445116549174595592
1340043307079114753
1554145342895144962
1200561641105920002
1577789463673044993
1411739552755208200
1467543725899399172
1582844512837197837
1593748616249851904
1656637009195151361
1185218647117254658
1652851049361809409
1631554216971079680
1596243198560686080
1588383804078673920
1675990680114454534
1597735163592671232
1600665069201022976
1570259813346541569
1516676835492261889
1334316766269468677
1595633096761696256
1531871578832572416
1966630022
567979581
1368598350564524034
1446622011925536768
1191210152696930304
1676382468989911040
1671383977238691841
1325625823831928843
1618403586261630976
1543425844835540992
2458871201
990306702
1646396548710817792
1676345175499481088
1622619514151264256
1406087113578192904
1603933504504745984
1595503721001193476
1595500437792325632
1519057432143667202
1575982380791304203
1674830771008290843
1644340195586703363
1634255134774403097
2847853708
1661835716718895113
1067067165663203328
1644443164915187715
1461775131307610114
1668353143610957837
1448368776383275013
1444706261191245828
1670620029187141632
350153726
1448399053574873093
1586879487265865729
1578127149822869528
1661958621838581762
1649482653110771723
1674959501189869568
1675977512533340160
1595805541015527424
1612612739632955392
1674608851507888129
1566401313482629120
1675202543524167680
1484673074121293824
1627404381007093760
1674275674184638465
1587349726252236805
1598420731876052992
1621382046059991040
1445132316393811977
1229867212116283396
1617921467886313472
1674108162117337104
1617972228028596224
1673724235024412676
1647906032398774272
1640837248978386950
1659189241656774656
1496226837378310147
1196499466733412354
1442524786521870337
1527623242562912257
1347577053906956288
1390835731019538432
1603841948447608835
1351784175456555009
1633920117015732228
1672537022748307456
1585689610889269248
1672411318178000899
1586482463223816193
1671945221767135233
1595982266685165568
1300197191764639744
1621707011141566464
1671755165966163971
1671541304046518272
1085244349124919302
1516885194606743552
1671056544979628033
1414713255721799681
1670999503027990528
12641552
1170139519947067392
1633691787574353924
1105302079625547776
1468083711228870660
1530371582140596224
1670436065260318720
1598035254060716040
1347603840019943431
1667504836571430913
1669841823164923904
1669827992778842114
1595628340362240002
1485371451670732800
1519654066657411073
1669239770881433600
1669148485436821504
1519373768510091264
1117088136293752833
1528351659436408832
1650638181321015302
1518814737819176960
1656072153073356800
1668114022518996992
1667342169072627714
1667828479616851970
1629319980205604866
700201861
767960339547774976
1257975747454500865
1666902725634711565
1153679891902140421
1481060168163115008
1585852147702308864
1592580966035357696
1576330541393223680
1404560997176778752
1665291837882474498
1665526698987626496
1666584388379856897
1641489752099631127
1482065644761796619
1452183469249994768
625954889
1666255567411728385
1499126018455572480
1608116011475034115
1384187107644608517
953824025578491909
785813533
1351723900254744578
1586074090460397575
1624450105494437890
1436728202416824322
694665316924821506
1359929771443027979
1632116023028772864
1269412531656941571
1427307637243269121
1665330133522350086
1460604279266422787
1257299934065221635
1665181381759062017
1587151191712071681
1661870600124612609
336367860
1510388126245695492
1665055583609790465
1500141860014018561
1619795059632660484
1485383103300476939
149545708
1664804749198393344
1581226856300290048
1398164827
764620430430920704
1639492059118686209
1522001046637547520
1355418243473657856
1385714412632293377
1297353660356268032
1593924785364418560
1627803954372399104
776969275156209664
1468231074136403984
1475197188292722694
1595273875801112579
772978218244726785
1384597844871417857
1522190241830170624
1317121280286593024
1599669053718761472
1618195314913026048
1575550111173660673
1590153266750529543
1622688882876612613
1409981674662813698
1536299167961653248
751024282654900224
1650655332761321478
1588512837198036994
1655353145202188288
1265440994117517315
1368339491534958594
1663412658253737984
1653382377698369536
1661539184417427456
1594719436698689538
1617984889797890049
1638410930307452929
1310432034217775104
1663079520856051717
378655296
1596043515078770688
1585703408018853897
1519056169033080832
240092745
1657575715641135105
1468069686026076163
1662425166008422400
1662432391460208648
1486996392438804480
1468417977653825540
4855715399
1407321706230960133
1662045558977056775
72445899
1661121741232414721
1380510076113461249
1500160140854673409
1587094922540326913
1519526837273214977
1661534427946827777
796803503658303488
1585855514743025665
1661638020750258176
1661537586559549443
1661567092422844416
1660351653365653504
1661547867637534722
3427099624
1640410041915260929
1012333676
1661532731732525057
1594928957803360256
1522051963114131456
844674708972994560
771724389071093760
1556696589955203075
310035157
1633604566850715650
1654768892924014592
1621241060193099782
1661146869676777472
1642734995079852037
1575430414205861891
1597029117219717121
1432954837042405381
1656724636963426304
1626663450137993217
1534219415394320384
1594195527381417985
1182124465209188353
1660162545284464641
1397391709705695232
1523897464834912256
1554042517104238593
1586562328186818564
1638009983433338880
1590701444537122817
1557368840354500608
1590008218641637376
1638964123932192784
1015746977475256325
2209700817
1430618614034468866
1659316593883480064
1588790914134196225
14153459
856716103795519488
1626962457934839808
1428360828558864387
1586874505531621377
1513897925985800202
1658960376547930112
1650524817215623169
1655689303811399683
1618090324210892800
986385193
1658464970911227904
1522418698358857728
948829885371486208
1527057827256221697
1601847448443539456
1590642934046679040
1607918941585944577
981398878527291393
1590130452219805697
1389781187627950080
1586570102165704706
1656852050125410304
1517707409686376448
1600936216261758991
1535064011229868032
1329216334417289216
1595444772050698249
1598510584454168578
895720339338141696
144747082
1022343337276329984
1657499279383056384
1531574006343778304
1033834649137676289
1654154618635681794
1638697074072928256
841861291
1429739328549261313
821490699749228546
1504951280900452358
1637749377648173057
1585683731234291728
1590621001250914305
1468082138167668736
1656805551450226688
1468074109364244481
1581694157726302210
2744069213
439373269
1657479868995493888
1215130740154949632
1657054440988262404
1614359814674554884
1502223304496750596
1231777653859876865
6023442
1617908755496333313
1520919983869497344
781156999
1656729990220611584
1337176628796022787
1515109165621907457
1564953879850225666
1648245463785648130
1656324035628912640
1648301280404836352
1626855435809755136
1656170907369349120
1651478287015895040
1617383062047973378
1556301155952623618
1580428011647762433
1642253070062047233
1400146851135905810
1586904150528385030
1655610007000596480
208329688
1655484200739323905
1653789095557210114
1655332898646392833
1476707299649597441
1655394616126914561
1653606104079761410
1409060869
1460004860271771659
1562145635637141504
1514060583406288901
1585869282571083776
837723076561350657
1300694369591152641
1488775241417445378
1654632690254217218
1568111195777028097
1589793742000726017
1645719122200743936
1607020114532073473
850166340081950720
3102135505
1469502150514405379
1654272091984674816
1624947867470143492
1652190025323298817
1587245901441114112
1572185291066118144
1547498897508954112
1643436041498423296
1617922277106155520
1653174751953661953
4858970717
1542224219630489600
1650998375326658561
1591149516471865349
1283377121784500224
1145536953468760074
1585699579554631689
1651695996588441600
1602831030205153281
1651832961166090241
1557289089086496768
1519679636480958466
2891548960
1641062247328874497
1468975603302879236
1525854196427239424
1607579131621052417
888771436638326784
1598177843065896960
2673804664
1651785354788356096
1596316458283401217
1477434170628476928
1594160153787514882
1617863766213005312
1650678722133934088
707008184985083905
1586837382694899715
1101524651098992641
1601498723841974272
887235743520702464
1555378674123395072
1564429657608540160
1481492343614320641
222582311
1598709818839117824
1618008413824516106
1563661534068236288
1324583566647402501
1630983628208340996
1583808584114135042
34450953
1394090317226418185
1117739930
1005378971674951680
1632082708326170625
1650922166378962959
1253921603265519616
1603467536552452097
1648554651720237056
1519364572133695488
1518953937000357889
2397240481
1585469056257208320
1641163183455891463
1649525426883112960
1630431684318629889
1650783032721256448
1595109760566804480
1518805430046281728
1593940499307499521
1587249923531022336
1649097814620643328
1136525514364063745
1586696637744877568
1585837951090536448
2285713092
1339048778435678209
1527233993724383232
1472553683103666182
3187820639
1650243489379282944
1601224457779118081
4790055615
24783821
282918599
1647379774397091840
1640832837396955139
1648709434678321161
704079735597494272
850038790102102016
1650323889363484672
1585838784498671616
24541197
541361190
1647354969803169792
1650219344700293120
1650192571983884288
758849397740363776
854413146689216512
1639439044571709440
1521198237780164610
1595546147380142095
1648115450658660353
1503745790208061460
2392865434
1367262011315396609
1517649618435248130
785235502815404032
1346584805324988416
1458830050736943112
1461470044475605002
1466676415529684992
1525955669676806144
1594452741132148736
2290515841
1518697270480416771
1649548469739061248
1202722983447535616
1327713193326743558
1349766041774260224
1605551003519971328
1339771065405485056
1498644133472317441
4564461831
1451208665059389446
1590527217632776197
1410225006437617669
1551715014163271680
1649955194590085120
1618094565319229440
1467863062145380358
1649947821129322498
1232113417579790336
4552728017
1177853216
1586567761278509056
319490086
1618368076055216129
1468148135004356609
1519338715012902916
18517460
1519886180422139905
1295194743580831744
1585844659502600193
1110362484408344576
1518975385203003394
1234722460982923264
1586048328378494978
1585488597787869184
1465750262635769861
95664906
1537323711824646145
1258726673702440962
1372193752442413062
1603955500730953729
1281023018207076352
816347562131136512
1648089253933461507
938030749047054336
1520610376043442176
1436491127050407940
1616109799669637120
1253796707105636361
1617550995902398465
1565808276591153152
749247145342033920
1089648140188303363
1522009615034052608
1649625638662459393
984178809048936448
769666924657582080
1649474904331534341
1445111225692590086
1052648706435108864
1577797560005033985
1649241620531888128
1649286019794051073
1600182333751058432
1649260449114779651
1468992500299874317
1512111620029227008
1649226698045673473
1649237147776610304
1487666362143191042
1594122544692576262
736935927281528832
1530749455485509632
2469073824
1647765973645000707
1645456717616914433
1644042177951985666
1507846331536052229
1648517062325866499
1370198021921734658
1648410285529767937
1084153615097479168
1521387526904295424
887361512603627521
1627439871219404801
1468071735631118339
1267224919563067392
1648058907691044866
1499965008033329154
1647769750922043392
1595470060616925186
17289855
1646998833442717696
1402785621727383554
1618410150456590339
1576235370081140738
745075190695079940
1518663059706986499
1347338092819017729
1273762692
1509589350006366212
1641190461489414145
1644758047812624395
1617890833000177665
943620785352015873
721552373622026241
1515611080130809857
1591600230201380865
1379631719347859456
1436081149307015168
1209210583595257856
1595483960850747394
1596411307674128384
1646988694908198914
1568612171176714241
1343661265567285249
1271491865368580097
1579860509746159619
1247600999654731782
1468331159985999874
1646982286544449538
1370468962287431686
1612255275930583042
1460825821271273476
1299070483497775107
1624103229280903168
1268347091383975936
1646956405990084610
1128028561590370305
1468484997313175556
1440732858109231109
1031266421874012161
1646943685106343956
1432511238072844290
1595682647296167936
1618110252888608768
3254996508
1601946362505007106
1616579487121948672
1586323025573576706
1646690960980451330
846949171680739328
1585702299069988871
1597324158513205248
1589624589683785728
1623291878
1105893483242504193
1646562846984241152
1505024646265016320
274537655
446282869
1046650817019662336
1645971713073479687
1646025654704414721
1270389025749323778
1646149366388781062
1172822167295279104
1378657046564798467
1645506944235450368
1604681858603687936
1046433565339262977
1176813161091129345
1589599372685328390
1645957569209597952
1428182246578540553
1490834974244847616
1541890157187436545
827689056150618113
1267784774287896581
2322866384
1645545202973650946
1190856738003652608
1645624601823662080
1519350551749799937
1644252543315509248
1273361335410028544
1645562485863219203
1516002157480185860
1380939469201756167
1468712275313844229
9287122
1644013860112723968
1518736819730362368
1064736758418587649
1547449830582149120
979987700110340096
1585686611810873344
1591107361074053131
1644572577401286658
1329729231648124928
2244840272
1631505827503767554
1616172946505998337
1577826410143571968
794862993553047553
1597207168587120642
1591336827960627202
1278099265387200513
739662132397084672
1596917849364303880
1585703152548020226
1643681329115189248
1292282355978309632
1326339369880473601
1560165037712572417
714446259277406208
1508133916519149569
1643055401053609988
1587262969183879169
1518761051961057280
1522398300145700864
1643360971518271492
1643299637665619975
1468658937973002241
1642850746885451776
913406138393124865
1267719299470221312
1199144933153812481
1367242905048526853
1641159464584900608
1595710536850751490
1467305555689500675
1628832367518392321
1053815301035372545
1299468982081196032
901296773142122496
1600127941547024385
1642023847405711360
121324964
59001488
1585826073564295170
1589041370127388673
1275994753721683968
1482043476669833220
770049550971203584
1458628803538866176
1596176338817163264
1174924525135224833
1561520514589495301
1059809031169232897
1596001863731658756
1146509923683131398
1518737173192712192
1596013319072219137
1640917290253156352
1595482043147862017
1010149487086620673
1015159619637768192
1634956684794765319
1555039442
1250254897
1640183695687696385
1602846411082452999
1192211595138600966
1594783793331798016
1433289222425911301
340748666
1530658099018625024
1598671343909801984
1506813745183399937
2261798839
1076877018862702593
1542516643179270145
1278613838217261057
1588230947765473285
805502502028398593
1537926780182441984
1387061077599531019
1540076023940874240
1640545559357403138
1518722848730320896
1617889757677207552
1503886615512596489
992376127904677888
1613865487464648705
1634551760089157639
2226245930
1585871776558424064
1633154841068335114
1494515935817912341
1595684373805731840
1595986244990820353
1258200456372858885
1590142379192877056
1585867578488020994
1596464799516594178
1216885807
1473728239973670912
1323760965469589505
1586931598569754625
1633141977167347713
1639777878597410816
346312173
1546652920082583553
1521638856990277632
1554945905974992897
1638367532414369792
3388491268
1535099171887321089
289913907
1587161913871458306
1585737284053340160
1589590942033526788
1468068237762252802
1517887478870519811
844755859846553605
1640033335345905665
1563877248033345537
1332495262586183682
1520983322792546307
1523512846599958528
1620417068410753024
1595989904806318080
1463046498074038276
4586937621
1585740002641731584
996821830705934336
1639692801406382080
1639667846690086914
1196215190297227264
1606862612188508163
792634013634682880
1500658835232546818
236297053
1592567701557346315
987333135422640128
1566616474395054082
1535060158245576704
1639355757517758481
1599025241581359106
2742111148
1126493340097114112
1618785800308801536
1007050811489374208
797613862539448320
1509699289341116424
1401962829440339969
1583293761807081472
1628123976491798561
1122030601
1453922349435088897
1606469302005252096
1639062989037883400
943488587345129472
1639038294901096450
1158856892376125446
1524866693847130115
1638603380968022017
1586126223188496385
1469074325026205699
4319800400
1410103875294666753
1600757300209369089
1630787765087477760
1266211853203656704
1346827388827693062
1593217766017961985
1638650492199772161
1638644268238618630
1037846141121916928
821192334255624199
1616521272774590470
1164980763059806208
1496710322815524866
1634461934719213568
1311427884054085633
1135264928053563392
2655645583
1518995169131089926
1389188507172843521
375136645
1636585785859223553
1396708174644776960
715577457009496064
1588883404640206856
1638303459274260486
1156573178233147392
1630659159308771339
1339313400686522371
747681871178375168
1638029766795177985
1586571411363086337
1427369345982865411
1637902035038216194
1468834389937299467
1580826640191344640
1632562358349332480
1624858270614671361
1637431215559942144
1637352763511250944
1587679645075271680
1112491455715700737
1635433793812066305
1440244179074838536
2826677387
1291478180629536771
1554793481205420033
1637001404362682369
3152964923
1276942305862221825
1630229860714168321
1451324458782715921
1533090807288168453
1508242856267419656
764157697105072128
1600883594305708033
2986533810
1578232747767709696
1584955172983283713
1516675108521218051
1581440563597148161
1502074389923352576
1604182969819795458
1324500902527569921
1636851066254815233
878461208025862144
1636851199738609664
1635717476112531480
1589084591914098689
1566469795817848832
1517707369509113857
1595124296053305344
1592117831147061249
1605670538856185857
1047713399071752192
1575613492459343872
1636385621202849795
1617680016019542016
1469991202850287620
1635810379040260097
1294326095790178304
1585788926526119936
1120919064803708928
1299515370349441026
1588499013409673217
1595907257601912833
2912038762
1596696692274798592
1329624350392139780
361103236
1463757437664645123
591882585
1560703882447273989
1585837987656388608
1357764031960997892
753045173551112192
1372681436092858369
1145217215609942016
1423549149220380674
1325293592395591680
3113295868
1042566287291867136
621078506
1579000721445617664
1586004239733510145
1091872041404370946
1212091090083307520
1569440887033237511
1598157346739462144
789915430655782912
1518737146420604930
1372562294396293120
1610876978239864833
1469332854811377667
962011068435456000
1600962220979994624
789585971079680006
1594439910374588416
1606566133095710721
1530180763886530560
1563924238129577984
1586062913260982274
1594245656331198464
1480301523569721356
1161525992
1191226293536378880
1503140580024627202
1586744288398004225
1634025713639596034
1598029149288931330
1555601532476723200
1598798527160885249
1579326988640145409
1575469035914862595
1595997766647521280
1632921938552320000
1449919438677897218
1587466936501342210
1002599577323757568
2214558306
1609246232463003650
1620157513231482880
947677980968468480
1620477635569524736
1626838735038840832
1588171824596221953
1528041381607899138
1271911937257897984
1600712353464598529
1395745898861367296
1325645601397223425
1603902487500562433
1605711736656445440
2446183489
1629611247829241857
906563641637564416
929903511252242432
416771333
1277774249080639488
1309651875483058183
1566047852555636741
1415256278142705664
1585845670254108673
1559493466010357761
1606771564850061313
1500739124311080961
1629695530832916480
1629065795262201856
1596338736165437441
1593675484834848768
1603647533464657920
2198993678
1589611791046287360
1598094245184806918
1628157888798531584
1627396643036229633
1627949800644829184
1619754495100985344
1617865902661287937
1536340577821786114
1626020646512734209
1518737981649039360
1617236404446142467
1621664499575947266
1601533417740541952
1504447133335838730
1623852039209123841
1398301613937229826
1595494493196849159
1558876289330733061
1270003545962577920
1372410621145149445
1616366123561222145
1620478026235645952
2210058368
1617956093669552129
1510428834998353929
1596551928070144002
764285368258600960
1551328494440808450
1596523207988740096
1095024327542620163
1598120847612461056
891087683006717952
1603962451179220992
1531850594041880576
1518734946713567232
1596920054192406535
1366949916803690496
1590445790836756481
1597425365806465027
865387987168894978
1042145900913582081
1607966588187316224
1378392606476886016
1533325978151399425
1600332632268865536
1469046021137313795
1581445416691724290
1622699636405272588
1623927626174791680
1590026889967665152
1586656772877848576
1529662423380250625
1618076115787980800
1598536469274050561
1622711411209109523
1622785697756086273
1598401932862824448
1599206804092854273
1596688792542482433
1380394256657944579
1468413136827035651
825009662932160512
1591605383495294979
1622304690041135104
1621935126467723264
2901047283
1558394112478482433
1520546652657897472
2147864515
1101621399628730370
1562607559831199744
1468054294096396294
1577262224
537100752
1536522833517498368
1620937794620370944
1590120470526906368
1620218205074505734
1588671288922423296
1586002145328889857
1604334092044189696
1587675175226642432
1594306389614202882
1335040633313128449
90321910
1585845309598359554
1587198621971251201
1587462592234233856
1498034716297027590
1595618323491962884
29658469
1596981029776117760
1384975323255746565
717557857290301440
915019034231422977
1591972104358006785
1567402811335254017
1526035701250285568
1469697815341268998
1618117522473062401
1618768930780102657
1618264658372165633
1385467423533551617
1617989061641228294
1557627149879840771
1530024072112918528
1601009335320076290
1585696666106986497
1596388313401032704
1736760865
1590168486558724096
1585914614428188673
1586777366994509824
1424245369790103556
1612606345169063936
1599467997286088710
1452151098685288450
1586658373335932930
1374588966998003714
493666598
1591119276194267161
1592747575945625600
940769240243679232
1580425714855284736
1586069765386391553
1604652493027278849
1609908475810684930
1590759663439679489
1600492476699115524
1342296976260386816
1591135152989736983
1572427339551629312
1617899722299023362
1285416254346534912
1630952318
1006606693
818659129
742947121008119808
1469342679767134215
1614883055117938688
1613278975190618118
1429593798712176642
1598434433949900825
1617733732630204417
1607917812403798018
764651827
1603417564473970688
1589658549495513093
1602651139400400899
1604599679513247749
1536814470151946247
1602367362568785943
1319400309022707713
783842160374321152
1324875199544782850
1484251664064331780
1544195061784760320
1519064376120066058
1595987533053165570
1572413543089160193
1600548851450101781
906746404659515392
852091473344573440
1555691131744272384
1588269386565144578
1591326765951098880
1590429410095763456
1424509949472817153
1557457938125668354
1463341947104362496
1479537685161254913
1595484469292679194
1578082648894865418
1594037782166401024
362911509
1243674047809908737
1492962544927092736
1497001466376118276
793787414
1607894281695657987
1601369241566994439
1475475136765702144
1617902104403759108
1609426299155775488
1424568059424088073
517013865
1618049423757516800
1592577648483799040
866926971871252482
1518815025233768448
1587209702533906435
914559227670204416
1560999491708530690
1377288277758255107
1585753344164913154
1594504061319090176
1012204971960365056
1557280590134710273
1405357416040910850
1589391171930841088
1566963246367756289
1552799275037339648
2902182799
1596728215715864582
1603967747859353600
1286036221706276865
1617916035226648576
1601662273273184256
1494036732727152646
1229949968938655745
1468664604112920594
1476015450517651459
1588321801289043974
1618050468667686913
1587869098632937476
1332491735981764612
1339853320136101889
1596738020937502721
1520566798877609984
1612940361810468864
1613696808009564161
1618082398360555520
829058301912440832
1499263950504005636
1602053012708532224
1582987022947565569
1468335757047877638
1531513242245275649
1273461129621233664
1591302735865036800
1348168700977934337
1541521748557971457
1586180863569678338
1617728308124471300
1588742252687462401
1589790237382742016
1618105328184299520
977379883239305216
1349886864455512067
1519507789873303557
1591014915606732803
1579116731771019265
1594787384838725635
898784706354925568
1603285160941731841
1583612162672857088
1618094883767726080
1601473614666235905
1340031484015620096
1590082660398948354
1194621109959741441
1594195632557801474
1518715278980534272
1618093200933011456
1618092923089715201
1617966241922285569
1276289327417311232
1594422884864167936
1586584028580237312
1530475606961422337
1124085490125344768
1618083512397041664
1617889603511373828
2493929893
4500576194
993155752591265792
1590452156003385346
1230018084389343238
1586768077403918339
1322704871825547272
1586880799512502272
1601530711780958208
1618076784334864385
1588003454953332737
1618080769045561344
1380069308080869376
1618076073723588608
1596285822466244608
1503774054704205829
252327607
1593607908155162624
1599253152724930561
1578160502651453442
1591506914449448961
1587130798616059904
1603181051035140097
1396442730746851329
1617873388063854598
1234928535774646280
1590724548634193920
1500001948782661632
2924825891
1585859368343539713
1608596967273435137
1603596879710806017
21364792
1131187770033152000
1585901695380475904
1609675365714206723
1048404182900920320
1594165371367571456
1503900813382586372
1589127292340633601
1606110202973270016
1521298485122899969
1586000113192751105
1597745257759768576
1618054254773559297
1433952231817101312
1190266559291375617
1604543310089134087
958780925256654849
1408778941171650564
1474604557795840002
1315318716335185920
1592301519747039233
1472230421131935754
1595631841024901120
1602760093854040064
1553145383861248002
764298143311638528
1499188938900230146
1586575228477603841
974501423844077568
1454980602030170113
1525635717413609472
1587668725041229824
1481995342308687886
1594749680755396608
1608181242276777987
1617961128625152001
1586745784334098432
1520860749337628672
9765532
71487725
1218916198144004097
1598793165162651662
1549114087145197573
1518706081739943937
1585729773481103360
1489360972984766471
1604783150336544772
1596341998226751488
1468190595743113220
1590071606327533568
1315120166133542912
1548891051657555968
1575621052226764801
1480909177933422593
1370144350827581444
1597240289663541248
1607046834048073728
1614301038344916992
1597430320705437697
3386619826
1578981876991082497
1602064205263372289
1595671921693233152
1056316671105761280
1478117195645284353
1586003283222573057
1585845334487564288
1548982457793499137
1579136298866167809
1589685420266119168
1585842905763160066
1596736231634771968
1599836021751005195
1603587763248431105
1606162104989483009
989314779071180802
1400826138704977926
1617933200860250117
2153267569
943579920080494593
1258556508997967872
1468118137354821634
1588164393937895426
953908205922521088
1580166286503743489
1586822270735073282
1468701711942488064
1595758067681054722
1591859494044274693
1564819045098061826
1342146677365325825
1467152169937874946
1588359535672049664
1468086012203077634
1505061926358986753
1594171831816257540
1586135364447731713
1333818901004570625
1594150214784282626
1514991291016392709
1115491198880440320
970854308588802049
1589788896442945537
914250063395860480
1364312782754095106
1505976655839432707
1585836866145849345
1522369074432557057
1366789622148308996
1603957237205999618
1519816289702846471
1587537587299909636
56677301
1591704308738916352
1380010369050161153
1617230933186285568
1471734876944666625
999468575852257281
1450263440187068416
1601637551873335296
979606619557261312
1594785182267150359
1617949628330299392
1605370004236636162
1595322352899964929
3621781575
1409568171770720258
326617453
1597369968504578048
1589327542770614272
1586821222859509760
910901565694861312
1603958097478721536
1393334569303044097
1003372894833999874
1518725663284469762
1604599983893774337
116375949
1598029956377759744
1592939548870426625
1498711284233256969
1027954207146557441
1397577741294243842
1391965921653231622
2335832364
1519330783646949378
74667374
1600708834531868672
1214762081272111104
1273038657767817218
1585812821811544074
1608622885911887872
1195091627490119680
1593924568749678593
1596009369421852672
1617900132871147522
4339352654
1588576918533709830
1609261258116677632
1588899988926595072
75368724
1610699494613565441
1127965650985586688
1456638374106832896
1593455007994560512
1322060763243122689
1595983949108457472
1617927000806592512
832004643735687172
1596688403969499137
1586800366036959232
1615016957203607553
1595552239426363393
1254869052239069196
1611190577177178112
1586591559193186306
1465500379634933763
1480739500229906432
1582802101931020288
1173134946325671936
775154494782992385
1496741467192242176
1571677059432300546
1271542483491708928
1589073057137713154
1531113619068375040
1616608684838199297
1618014545976430593
1468073797425106944
1549168497359572992
1400566788635701258
1560680910600765441
1586567143973437441
1601102587444760576
1476250401389350912
1327253353
1446560778031562753
1057268742198050816
1468270691304849408
1608001935227129856
1565116143165231104
36583086
1468119886912126980
1593795856402194435
1537325495557275648
1617968183444639744
1511743429667131396
1468146147814363137
1594796532066385921
1594156683454021632
414117686
1855293787
1518680424691556352
1593371597687197697
1618008626005680128
1091931043630907392
1559880988292939784
1585822019194540033
1498109201486434312
1605618823029313536
1399124652
1614032525810188293
1303485055390580736
1600865301104558080
1604324440120107008
1595980804038983680
1595982290089304064
1595618095191576577
2265562123
1542751857214459904
1596683770177806336
1468100413471744004
1595981737758269442
1468079394102996992
1617894330869612545
1468357760849170439
1520036276757569536
2942240203
1405721032166498304
1547034118524993537
3021663385
1586792829426307074
1390440395734126596
1617912425772113921
765909323545513984
1615406304633257984
1608298757321375745
1459979541502480388
2829126378
1587517733025058822
1598772404880228352
1518769200206131200
1587210572751323136
1324119698011754496
1590475053992329217
323648210
1539142520541675522
1586756018452692994
1586842622890582019
897675682645463040
1591587035390873600
1404643086991466499
1617891963780358145
1587544783156912128
1617885824808546306
1589860775925014528
1368290427183448069
1513985405644853261
808676243096870916
1273736886301974528
1606086006628810753
1516259364969005058
1352247830501617667
1589625619998019585
1140448134268669952
1587265545044303872
1497451023270658049
1609307792351068164
1592428730605047808
1593348981081374720
1598502419918364673
1599443976355971075
1588411140664692736
1527596650000265218
1595154079218556930
1587524967188439040
1531761787124817920
1617917435046248448
1598551312815325186
1530418035390984192
1600724233184845825
1390415719670722566
1596350230135558145
1593075987532681221
1586836946319466501
1601920568135237632
1586850679091404800
1507860518710698000
1607680984371052545
2235692570
1596254435445022721
1590417593696980992
1457308459968434177
1595984435891027969
1586568068800466944
1316776620636753920
1595853455482097671
3033182024
1595075960558215169
1586932279988953089
92844900
1201985743729524736
1164007977642266624
1599986520097783808
1586592718884638720
1594484049917214722
911157448592855042
1468268961569640451
1586841297272377344
1597457570821701633
1594466896199708672
1588606667582623744
1617302612574863363
1544445713114963969
795342400239652864
1431780403485020163
1587124078632132608
1469414148467527684
1567340712550694912
1606360263493566464
1341898770380976128
919015538038398976
1617928657804091393
1586630882483351553
1579229422581792770
1597922876782280704
1088249221285859329
1600850473610780675
910785736902819840
1586018271718940672
1485858118508683267
1596347931640168450
1299280837293142017
1608131901134442499
1537617271773872129
1588955753485717504
1604485198720163841
2989441184
1418656021527007232
3051195289
1596300590744600577
1188162952299450368
1587270334268465152
1610797434396893184
1496849933898559492
4822389244
1286914890452541440
1409539327114321921
1616999151518027776
2353467961
1522190947794436096
1448143322720047112
1539159273934053376
1006702306925207553
1616130029854900246
1466132598107697157
1524292763533127681
1600565232035840006
740563817776582657
1615135393212682241
1615099115968364544
1604894159197847554
1607497923129970689
1598018061390446648
1606895996
1546871093130035207
1435805330756169734
1574960033368080384
1599160351802552320
1614376140851798017
1614168086252343297
1544817565280657409
1548567153044926469
1550990039655632897
1548326008805138433
1612888544594505728
1612579228540669954
1482846317747613699
1518429409279049729
1547320506650693633
1611752042334150656
1611731237944672257
1595652693585932289
1584553259842289665
1503091998739337225
3584031856
1594766749068627971
1593745377416683520
1520577913174773764
1113412980723601413
1551028062975827968
1545831027372920833
1435233215338397705
223928740
1606237719537090560
1574496379724087297
762167430076506112
1606865158181101574
1561448043282501632
1605667444151967744
1436596342248382464
1242537834902413317
1249113076990799872
1442626678832914438
1604898008059023376
1507509672030445568
26852272
1548770169446694912
1604457285308354560
1545501014358474755
1598803937456529421
1603893446502223872
1603878446211469314
1447135225708888067
1568804366433529857
1445827505743609857
1425955865874550784
1603047960035708930
1602424756862599168
1558175839090622464
1602184243765202945
1595555422777348096
4317644481
1509877320462618624
1601337743212175360
1500755161740083202
1600571754585407500
1545246824306466816
1504770307525128227
1467340741710163968
1436062307054936067
1468756391628316678
3422927415
1597815772197244928
1545395517378666499
1485369571255201794
1495944412492357639
1382752304814821376
1559271809198981122
1595838881513050114
1598547282198237184
1550591966190227464
706914206352678913
1432541377540333570
1596624735210725381
1530694943345451008
1575347082529050625
1596137802348912641
1483912091505512451
1528320036397809664
1546246480301887488
426094646
1558998841390776325
1594112454250106880
1596287286299267072
1514293125887533063
1559735546154475520
1595524937573359618
1514225131631087617
1594815845775048706
1530185390275055617
1594346527132098561
1587181253824024577
1585736567565451268
1590880141592465408
1593459314714361859
1593292032193216512
1580314009919754245
1593107390903173120
928800991
1564038244672716800
1592312483095650307
1534677543323934723
1482769085838594050
1518768137549799424
1465377789478158349
1563733395431120897
1591270100820164608
1557176810286243840
1591134880024363050
1590809661053075456
1425415322182561795
1513542994540040196
1507806589893451776
1500971697515737092
1590361400349794307
1348787519236800513
1405204117572706308
2889208186
1505549427062284288
1589271658430332928
1546642836187189249
1588704947524313088
1588701386837004293
1588530717633421312
25416947
1542081794891464704
1555488523481915393
1587721122258485253
1587547964708462592
1587477475373858816
1587090582056337409
1584346900127514628
1586520806712131586
1586327445107523589
1586475205978906624
1549546323031965697
1586395808982863873
1517836450473074690
1550336767563161600
1585791324380438532
1585802239259516929
1585776088835407872
1556608818150363137
1484363959914283013
1467248912562073602
1584807216967782400
1584789426751897601
1011572358413316096
1291594104908980225
1584094032061517825
1583960530305310721
1583875283110674432
1546519341872693249
1583637172024139776
1583506101181505541
1583173736450166798
1426632742746435588
223644490
1566826914538573824
1582657765310439424
1571866123645198339
831681931901296641
1582415636189384710
1582315752639500288
1582151246097616912
1509354005318754307
1582090048152928263
1531587263238443008
1270204874244984837
1538960005805776896
1457759446709542915
1581739336000851969
1581575851992301570
1145881201581776896
1537501419410006016
1290070987233427457
1581283495435014144
1581265044939087873
1581262629187846146
1451171682618597382
1581192515788603393
1581134377894887424
1581072782150012939
880078873148444672
1526923852705673216
1576023563404185600
1527604849252130817
1250947554742861827
1448203503629910018
1580377373417082880
1529489605866700800
1580230450185785344
1579970760558485504
1579952770630795264
1535572860260995078
1554969948023316482
1579171202052116482
1579145864680972289
1579133258465419265
1447303601911697410
1579076626427568134
1578781623369211909
1553896593849520129
1578896764408659969
1531660957306478593
1539426935926923264
1256329866129092611
1549514975340797955
1578215777408323584
1577846502260707329
1577830917669851136
1577721530942984201
1552050242090057730
1577590784509235203
1508902110540320776
1577459843497066496
1577280615384326144
1577277817242501121
1475724612436729863
1576949727605784584
1546407163924516864
1551879726557437955
1434674582502318081
1576276168189349890
1576204379094503426
1576203106244825089
1515685299703234569
1576167814267899904
1576103363803893760
1480346802209443840
1562204505340424194
1574193034354462722
1575995776827883522
1575959629032558592
1538932878985273344
1575910066812698624
1169484924
1575742915846230016
1533485147386953734
1015451473470152706
1342933641647828994
1165459046243061760
1575490208400756737
1423714706393546752
1514402876143321089
1449202308785614849
1574944784115974144
2853589316
1352991397637459969
1574620508024446976
1571994685823918082
1449399278208753669
1331024580555669504
1505437833951014914
1268295652636717056
1574092469314134017
1574059490953117696
1552038754151432193
1466870728138104834
1573678715749502978
1573666056467582976
1570965791369007104
1573283779464122371
1573024746916220930
1515392814716268546
1541721984714801153
1458955258479132678
1572600036168548354
1555883810725806080
1572413635904868353
1488654323500257281
1572379029440708608
1545465850949410816
1571099120290381825
1504169354300211203
1456369409027620864
1571814220022386688
1060240414488322048
1571637836289568768
1540916409601064960
293900461
1571571657176915968
1555312243234902021
1571382662551445508
1571267199905538053
1571228022698831872
1512554297615163402
1571001296450355200
1570944875679318017
1556680134316417025
1570684240026640384
1551766324187103232
1570220425577172992
1537241200620601344
1238827130982748160
1569463339516035072
1371370559850881025
1568541324311142400
1568467449820897281
1505169242374782982
4350972558
1518811600353955841
1539928151115063296
1536915244999929856
3740010676
1504858922926190597
1566443882942009348
1556260899920420865
1508858470468104194
1502747820209721352
1540510627096952832
1544494140402040833
1565404384263036934
1529867153905799169
1565108436777443330
1540090150654541824
1557365660400975876
1552059617122844672
1516717671848550405
472146770
1561578870855180288
1563600331417591808
1562638038043607040
1217316525801197568
1562271450978955264
1529974187833675817
1562013572380639232
1054165122900418561
1454502201817190402
1479200677494624256
1561349014485884936
1480826293419757568
1466514342875181065
1560482975279591424
1560448213643141122
1560384102481756160
1560065840992489472
1559809836124196865
1516057264649555972
1559021045985730562
1559070469235658752
1559055523844132865
1504825530775859203
485249105
1558466120218284033
1536382113812971521
1197607484002852864
1534660211474153472
1117141266586849280
1517768115484082176
1448136201244852227
2985624789
1548666226334892037
1522892593994121216
1408854567593316355
1078385970955862018
1530649102974853126
1555365703049351168
1555407618725875713
1555134149450764289
1430379293302009856
1449568961868140546
1553667942218612737
1553202344690651139
1466310080622567429
1552842015569858560
1447210195168362500
1552372774928322560
1552019323824197632
1525123091948609537
1496857830242107393
1551644459187707915
1550962386437300226
1323976490648821764
1535707284663324673
1482822029590274049
1549866389833383938
1549097828533796865
1548800766776905731
1548397932436529152
1548324066209124352
1501349775152664604
1540689986646790146
1547864189531656192
785856686410137600
1547688495426072580
1514285529927458818
1547647711523979267
1524119352815112195
1505330822806712321
1547171406823276544
4320639741
1547009625534263297
1489382311334449156
1546764727619026944
1396946288667766784
1022089612297039872
188006687
1457771555111706624
1544531404725395456
1535793380222898176
1544890211976355840
1490713120209260547
1460981466595221510
1490586511728791557
1544303327072092161
1544302892806463489
1544095261835890688
1544005567047516160
1543982365311176704
1529599330260230146
1373828855471935491
1523897558204043265
1539008304243933184
1535989746425597953
1514342700753080325
1541655940998520832
1541540806686818304
1541278957340790784
1495994515093655554
1540854619512913920
1484735654298849283
1505738200311992320
1540705473036521472
1438892372654374924
1521752414520549376
1521649201884635138
1528200917886984194
1431917993701826562
1449260318413127684
1434834410969321479
1494521191087837187
1538358557976023041
1278090419998461953
1530400556606447616
1531158233095712768
1537624313620312074
1533070815712919555
1537534678940499972
1537479862067204096
1446600551295225857
1449410729723957251
1530380683809632259
1536703970957205504
1510590084642488328
1494605393963720733
1536356179949010944
1535657824331743233
1529663610242342912
1535628740704755712
1535492206626324480
1512879342577139719
1483661656597090305
1506655035274534917
1535074982203637762
1534978836655489037
1534590738931011585
815426223610429440
984241927112593408
1525641173234221058
1526469157281140736
1533946559255064576
1533879523321733120
727760315421753344
1478899928659279875
1533443728295215104
1465824731119116291
16548482
1081232998048194561
1532908606944907265
1444039673689649153
1532551967607857162
1532145302462922754
1532076144496885762
1501038465944719361
1475291028408074240
1531535917105790977
1509724659960406021
550095826
1531115783228641280
1522664833447043072
1530727561122041856
1530699436996927488
1461010765926879234
1209257023050784768
1476590412873838596
1530635646984937472
1530412141798375424
1128439608491028480
1530162180565389314
1523452726247579648
1529991452419411983
1442727428850270210
1529154641577005057
1520568509482381315
1480676892508409856
1455961615732461571
1528330514297405442
1528227628771057664
1528122338289524742
1488978203251200012
1483378695586914304
1487516689482895368
1478844233918341127
1290194168661213184
1435695993723531272
1508626611528159232
1527667408579792896
1527646104212283393
1478266153910906881
1526924025368150016
1526888350044631041
258977039
1526664878135689219
1451813857014468614
1150218672822214656
1526231361861869568
1526125534299963392
1514523843775262720
1483475450718347265
1496670422804402180
1518197921866526721
1525314680289480704
1525423897830727688
4838264833
1472393651418501128
1470078019704287235
1525263159552053254
1525257681245724673
1457859664692056071
1443582418070355981
1524846726158467072
1524853533962559488
1439595942387257349
1524473393705279488
1502832036893057026
1522894745835552768
1517204599937064961
1429201377448775680
1268957247041830915
3600133455
1523046564889042944
1522981104193622017
1522891647377461248
1460467724983832577
1522784561884798977
1470926136242757632
1449587068816998406
1377458791994646529
1465863570852302853
1519667389826183168
1522004865530032128
1522173152050442240
1519781588078411777
1521864284166307841
1520969728008892416
1520840504321183744
1520835235667378176
1520803297740820481
1331768697392914435
1520537519628210176
1520403027395547137
1520333999243247616
1520151112749359104
1520112674192998400
1401485165915000833
1519631509237514240
1497770052971548675
1519156715761156096
1518570646405484544
1518427744299798528
1500585487546867713
1502491799310372866
1470552105031282692
1517182772422586370
1516817936106807299
1356342033787613184
1516253674489667592
1516085946776625154
1515624474309107719
1515892065200181248
1515818376400150532
1445728584367181824
1444358368404049923
1420892656918536193
1515589425908129792
1515530468288077830
1515511929841889280
1514907232974123014
1515191656903061505
1475990244457533447
1515007910371282946
1393013237579399168
1514659651635191811
1514462172746698755
1510999430094372865
1514320093819412487
1514238123357712385
1329182909853544449
1513779792272842752
1513610472913838083
1509320121810006018
1513574740727930884
1513524100597227531
1513445429622583300
1512960254576762888
1512903994204557312
1502430616708694019
1510980221834608645
1381050880732983296
1512324602332127234
1510878944580546563
1499473230293315590
1507168208477949961
1510046507323510789
1508301262848081921
1510369670657941504
1510293855819685901
1510136080317702147
1509845637747167239
1509316977059409924
1509188392940154883
1509164624717172740
1509035014494711809
1508479800305803266
1508271526776385546
1501691178822955011
1466088813130928128
1504712901130653696
1506986560427859974
1482856292012154880
1484687497904934918
1205306877552349184
721151164377501696
1504864279937392645
1501343490214490114
1504810441700220951
1504465992336183302
1504216536793468930
1504202892227588098
1455549030038126597
1503809000680345616
1502702671798566913
1502688267598286852
1487317208753573889
17228012
1502446206148124683
1502348132499214342
1501022654094057474
1501975391459844103
1501779148137635842
1501594292493733890
1001934659679383568
940034041138442240
1500981582408126466
1500634675370512384
1500616775880347651
1500167942381703175
1499893741246685184
1449274307519991811
1453213227005980679
1499219972689739782
1499165579990605828
1499155046877085705
1499124601422553090
1475840876194803714
1498795819906093058
1281505771683868672
1498146130412118019
1497404352549593088
1497395151932731398
1461820428662489097
1497339811400753161
1337512307853840390
1487481526229032961
1476143201555599362
1486084921718366211
1495405119109693442
1494985374413869059
1493341132952113153
1013608281103851520
1490455447517736963
1494094716153040901
806588815414542336
968968019027341313
1493731586545647620
1493396701389987848
1493338033864822790
1472659303836311557
1492938783712583686
1492849188140462083
1492704359376900104
1473354691790655489
1492490418084274181
1414518097629761540
1444929667924848648
1492155921983807488
1473772680952393738
1488786638797172738
1491846319664680965
1491344938910588929
1491235874910179332
1490761713406423042
1490617074997248005
1490500765873549314
1473007233533464589
1477776879155388417
1489389892241174535
1354116153937960963
1439106711323754500
1474585123974782977
1478884330156007435
1462642830942392320
1488387754543042560
1488326904008609794
1488234716494925827
1424528028172836875
1439180819206127617
1487636436006412288
1487509341280387074
1476992798201159688
1487417699512770568
1418129291653652483
1487372546165063682
1470107652650799105
1487283963089629187
1472944637962637319
1487233362876145664
1275728888153473033
1486719982960447506
1486635120689831938
1273101976314753026
1434713158531403776
1244337738712788992
1280210558483156999
1486404475904532480
1370929917072977922
1486280240175489028
1486263931761217539
1486141365700419590
812305430592552960
1476297898052800522
742117684813369348
1422635160869167110
1485221869800329216
1485070014868828167
1485061049371955201
1485051318532251651
1484892875909484549
1484856905067646976
1484277289202323457
1419048603130105857
2218894686
1290391059625844738
1340130997724131336
1437488385317347329
862330130626207745
1454929695708000270
1451670993458630663
1402208919741550598
1438211183581016068
1473705957175791635
1341786086536691712
1482387651600781314
1439209792006991879
1482356799760121858
1335082883409608704
1482231282251751429
1477555068106940417
1481805355977949187
1481694803351982082
1467923457514086400
1477037071176921092
1431741492779962371
1480929193680642055
1480742512398680065
1480698870933852162
1450312847439929345
1214955255059931136
1479594712575225866
1479532184507670533
1479308735470178307
1478582411042693122
1468011872347643906
1478381553436794883
1478176054942449664
1478151899794841605
1477999753472454658
1422735345834086404
1354129444223414273
1477107149906092032
1472455879039627264
1259770121347891200
1476828578205601792
1476123235968245765
1476126582380974082
1476044065238134784
1434002252210049028
1332239287639740416
1434247702108323844
1475144775628111874
1457001432654168069
1474923454407352323
1474537678846713856
1474402495183167504
928429984657616897
1421345605075587076
1452286722167955463
1461092919415349252
1473350131240124427
1459241582109016068
1472983053379198978
1364522861638123526
1462036554168238084
1472733187990167556
3185230518
1472524399572140033
1270497693492744192
1472452715787821060
1472396933130072069
1472395912202768384
793990144068091904
1472118184853577729
1470965346748092417
1471973003630202884
1471684184192151554
1465321134631624707
1423846478544527361
1471267568585424897
1434580276890505222
1470877021089812482
1369283941245583365
1470648261916692484
1439935395869962245
1418696275155984384
1470465482406850562
1220977127794802689
1352828250729426944
1421688274452615169
3078609937
1467319267662209027
1459575939214499841
1433046316796493829
702629988994932738
812825291756367872
1468077717229043713
1173063810158141440
1314100892262522881
1463930467338625034
1463898171424362502
1451402056485457954
1451933071138250754
1457469623457222660
3325108601
1466274314056048647
1448946097381052471
824463319516008448
1465641328272936968
1461444482872877061
1456442943863025668
1337828999578316801
1464778221363372032
1464769707744059394
1464751399904894985
1464632343856046080
1464561225690492940
1464386056590090244
1464346933678546949
1463929858740801537
1461439898720817154
2737922631
1180962985348612096
1231583645699334149
1077258794407727109
1462886708349784066
1462788152221908996
1413024930686504961
1412083087085867015
1429866245474725893
1462454491102461959
1462450825293348870
1462436670549204994
1462268195063148544
1462236775552856064
1462158552001388553
1461810101317255168
1461791492092141574
1461066096547663879
1256817149286461442
1012296245426171905
1460635253823971334
1451335026931429376
1460068343554187267
1339878245249019904
1459573153282371590
1366168645018206218
1452915472769249284
1433093692278063105
239699276
1458879064505204740
1296907884601716738
1296975856863240192
1452804099234279433
1455346237381791750
1458609956983394304
1458359821355425792
1458257083934126083
1419446596757032967
859528284329127936
1278776746163265537
1457422654416297992
1166616577464315904
787848957229608960
1440140719281217542
1457153490384457731
1403177599149301760
1340980407165218816
1113190190955270150
1435698691667529730
1456952906255589379
759969234461954049
1451417007857930240
1251614609607450624
1164405506368253952
1456075018149023745
1317560288451899392
1308953803069304836
1354549450593562625
1454913002914910214
1338849137643708419
1340647974158929921
1443746110913253379
1454081412760485899
1354573374278807553
1453850122882732037
1411755612506148870
1453490249456406531
1453283818329317378
1445710796978212869
1380109916447387649
1329943333154635776
1452698358926266373
1452618395824922637
1451978338776535041
1247588848479199238
1446537650064723973
1279256146709114880
1379563071555919873
1402147886851313666
1444422428818436099
1444397005929861128
1232039611687473155
1441817766508392453
620450733
1438915381591166978
1436130091910709251
1390050608690962437
1365627642725105668
1426608599686684674
1395473753442856964
1431404638411108353
1359175222130335749
1419681785554800641
1354710598739701761
1410468280737931266
1126342867188891649
1404577822593667074
918506908096622593
1209838825649799168
1401430920901529603
1219497519295627264
1398610984047161345
32730526
1400531159637975041
1333117927986442245
440575976
1311809733230174208
1264857005916897281
1399060010420903939
1329828661118189568
1312988055326855170
1299809723651436544
1290482487722831875
1396815475825278976
1252323383930499073
1281086188095451138
1060025921527115777
1323163950725263362
1377939279750557697
2491998273
1377254512973463556
1392024491052605440
1391477328396619781
1362749687279845378
902193444
1387153812872368133
1390754289010814982
1389361096088297474
1240706290197946369
1214252414619901952
996611453934362624
1386068848059863041
1321928488950091777
1368586718622982150
1291216787892310016
1374819061968830464
1363594980217008130
