86024141
1654982176298139648
1708152166462914560
1677454736834850816
1590186849984823296
1518790644440870912
1655002052915781634
1670345619427270657
1704102344298749952
4810512147
1668225153124429824
1706706141781041153
1057294310041894914
1655002995258716162
1506112193061867524
1518761051961057280
1702402115124199424
2274646646
1660147915753656320
1598094245184806918
1587232405252775936
1655003303338708993
1654987123701993472
1657071482760224769
1666798391026753536
1701936015118651393
1686381832462598144
895104322148728833
1701246029415206913
1692321522642251776
41496897
14180279
1600714467590946816
1698264907098009600
1627048423437524992
1682059918621421568
1701593961440460800
1702160330443345920
1691018627133173760
1688360673367977984
1638120214448709632
1697681521266614272
1579006147503136768
1597072984824418304
1700572515251212289
1685318444575522817
1690408462985895936
1522051963114131456
1696152047866048512
2322866384
1675318406092922881
1602304995457732608
1685994172489121792
1655323731575578625
1669641672899313664
1653529986744107013
1689508240474722304
1587544783156912128
1617863766213005312
1639115538516557826
847182128487911424
1410103875294666753
1674717157920317440
1622436236953518080
1692638198004903936
1667663224173658112
1695571408321933312
1683347188896743429
1665460374680870915
1516885194606743552
1665502087562555393
1325055715548000256
1616143751339966482
1697058288309768192
1317505351286226946
1661870600124612609
1609317849973006336
1695006344397344768
1691861410991788032
1594138534533005317
1693439980369326080
1688407391589593088
1688686440308527108
1677350684671328256
1684946958174105601
1617889757677207552
1564953879850225666
1453460349810839556
1576506741956562945
1188835096570335238
1696984775901249536
1695152118837964801
2738715843
1684202555767660546
1660682815762239488
1535732874191810561
942409853242355712
1630259451390222341
1695569122380193792
1693370957254057984
1684185343442944001
726411460226600960
1535771569896665089
1691033213639299072
1559213391364984832
1365863538393309184
1598436867757727744
1602846411082452999
1459208388743675909
1683212897571225601
1515176742322810881
1251510910390337536
519827406
1687909398583431168
1646195875587432454
1653824943249825794
1655396540
1679566136499662849
1611190577177178112
1643681329115189248
1490173403285929986
1642899735206871041
1672687901396590594
1666542179668443140
1506534777028943876
1683848862736195584
1691597773966098432
1651667063214075915
1588535869824122880
1644984261756219392
1691130508854304768
1656491421568843776
1677319931329757185
1147660357877534720
444303790
1106057400891527168
1687691027543646208
1689843912347951104
1680382071066226688
829534328
1651994653288280065
1681941953158561792
740704117580926976
1648133138802159616
1688767556696649728
1675161488485412864
1672639659221090304
4291527016
1641159464584900608
85287878
836702781788532737
2165500903
1679190518134079504
819454193752821762
1671497892127821825
1585788926526119936
1594212682693214208
1521788261437513735
1674862355065503744
1400146851135905810
1661567092422844416
1445519469435031552
1538893228602281984
1593766596677623808
1674959501189869568
1681369494826909703
1496634623866114048
1642850964846551041
1453273562903683074
1578127149822869528
1687971682210979840
1491826119334678534
2614031060
1520919983869497344
1556790956736790529
1593792322646396928
162403440
1678216899115581440
1609261258116677632
1579006958853509120
1666477216367009796
1674536031310282752
1461055693688029185
1253137288428531713
1499965008033329154
1540076023940874240
1584961703720194074
1640033335345905665
356648623
1686144537822216192
1267290680252076032
1604013160763387904
1094990051795222529
1686120718814388224
1633604566850715650
2802274855
1685462510906884096
1601071272871567363
1670660840113020928
1678980616266686464
1562145635637141504
1674174819728781317
1684572901343891458
1661138766965121026
1660351653365653504
1617989061641228294
1667565223476076548
1683504778679132161
1359521337795092480
1586005310879268867
1634255134774403097
1451713655372877830
1649548469739061248
1676493310054088706
1589084591914098689
1681527381775851521
1682470461047726080
1676217455012720641
1682361355704365060
1661547867637534722
1572853761898422274
925507456775655424
1399449164782706693
1410615130308571149
1681619904741474305
1679221556302446593
1594848827718004736
3386619826
1453821155689836548
3486419713
1625343246552518658
1679677948226306049
1601357698385125378
1614301038344916992
1586817362682007553
1670611768278941697
1586819372277825536
1635717476112531480
1679507190078382081
1679091064228007936
1537606463878615040
1467305555689500675
1675977512533340160
1599670251259678721
1675949962658713600
1624056855637917701
1659080637876170752
1661469535336005635
1599847740313313281
1617921467886313472
1226690159028011008
9287122
1655537358484172801
1671412745638494208
1400986218695954436
1361198145208729601
1648761856855801856
235564103
256639601
1649909243586199554
4721436012
1534311135272488962
1518690130483048448
1345153573722722304
1675393889350320130
1678878741886271489
1324941167197351937
1285059981218385920
1586612432013004801
1576479834712293377
210186749
1663249325231579138
439829343
1675836187188027393
1665550172754149376
1231041276583112704
1675083218490408960
1676148574709768192
1331371503951089665
1655353145202188288
1470603898784149505
1672390158640115712
1043248801144823813
362911509
1467546458123603977
1652425263664201733
1671755165966163971
1649738699431632897
1672437149902200832
1672537022748307456
1671945221767135233
1671879180626329600
1671541487249530886
1642023847405711360
1669841823164923904
1618092062691450882
1670498047946522624
1649700774656774146
1615041418443259910
1633949894120468483
1668140061370765312
1436491127050407940
1470013433127055360
868152995640463361
1456197950628155396
1257975747454500865
1262776192077193217
2285713092
1252671138
1656305757061611522
1604588462723809286
1589127292340633601
1639810277276352514
1644462490464444416
1650615983042600960
1431256099114606598
1588599067185135616
1596523207988740096
1579852860631785472
1323818456286855169
1323617875089915904
1180268050689470465
1668114022518996992
350694674
893555243715317760
1635535011964424193
1666902725634711565
1661146869676777472
1382370441801646080
1664539173674528769
1666483922031501327
1666151961953959946
1628528693827055616
1658945493995782144
1613145573246357504
1661920262294589440
1665291837882474498
1257299934065221635
1595981737758269442
1311650148729212931
1598579157507661824
1603808135373897734
1657575715641135105
1568111195777028097
1270554872077676547
1661534427946827777
1620931847634165761
1663868368925990913
1537411559588347904
1663288953691164673
967838719267848192
1518940630763720704
1661956425352986624
1657840465188618242
1586939104427745280
1662425166008422400
1475797074935521287
1651885272941084675
177461945
1585683731234291728
1444706261191245828
1550146382450802693
1655720395448913920
1577094022107217924
1509251677114839040
430150413
1642734995079852037
1656724636963426304
1656077972409860096
1608622885911887872
1196215190297227264
1658279854742163458
891876303821058049
1658960376547930112
867786354255646720
1650693777382678530
1587037500152991745
1015746977475256325
1657479868995493888
1608814672181878787
1615672215630123009
1653478965498003486
1605043250284429314
1657370310079815680
1654253612753883136
439373269
1650998375326658561
268496896
1656729990220611584
1231777653859876865
1657083149510213632
1547543657070346242
783008473
1280664623981760514
1265892402230898689
1519095160218476550
1590673957635690497
1654768892924014592
1585836608254869510
1457827533093842948
1532081734279483395
1595109760566804480
1656324035628912640
1656170907369349120
1647765973645000707
1655687279036203009
236614300
3013044055
65061164
935568851567181824
1655332898646392833
1607581855280152582
1603387499631583238
1589659563791450113
1651624729676218368
1246779481660014597
1646705087987990528
1631815513163681793
1470404355278966785
1322396912931069952
1541161729698275329
1694117064
1587486466833260545
1145536953468760074
46163403
1506386119998550017
4319800400
1433459265893715969
1618785800308801536
1597956405939552256
1654154618635681794
1653789095557210114
1654005243183779840
1653932767196098561
1578178917617352709
1646000298031448064
1598354905655279625
1586895565849329666
1653454825223225346
1653200936314208260
4425717792
1270389025749323778
1212757194984181760
1478117195645284353
837753830
1474922101912088578
1420544638289645576
63752870
1440840291527790593
1522190241830170624
382457107
1638009983433338880
254739291
1614743968381636612
1010159036552105985
1594112366152671240
1643658280479096834
1568742433802047488
1363702398074712064
53541412
739013222569807872
21923291
1652190025323298817
1636385621202849795
487422560
1477016199338758144
1649644395308654592
1476144966300626945
1278498161980571650
1651785354788356096
1651478287015895040
368791859
898231690312790021
1646002133030907906
1334316766269468677
1645382456822906880
1253921603265519616
1256789061228023809
1642883739838455808
1650510143061098498
93565843
1646988694908198914
1519404438221463552
1519088864522088448
1646998833442717696
1650652685765341189
1477669506688471046
1650143759408021505
1523512846599958528
1361476750702698496
1617550995902398465
819826204048035840
1629700487917322240
1596643956124688387
1599231607893786630
1649287096446722049
1646397356454170624
1649241620531888128
1588502083178827776
736935927281528832
1624947867470143492
1292282355978309632
1603859327240003588
1488883505555820549
1644758047812624395
1518388322502156289
1524121177349705729
1591600230201380865
1576988501589069839
1640940392601231361
1524837278215860224
1642850746885451776
1517519584991055872
1630431684318629889
1129205684405321728
1647821765731667968
1620417068410753024
1647769750922043392
1541220528689643521
52857191
1476015450517651459
1648115450658660353
1467705906318217216
4822174235
1481052271928430592
1645506944235450368
1267224919563067392
1646943685106343956
1507145386833625103
1645178485604859906
1617948369493852160
274537655
1105893483242504193
1645971713073479687
1586457015030665216
1585867578488020994
1599470690326876162
1611056206524854278
1618224234538434560
943071660818817026
1638603380968022017
1299515370349441026
1372681436092858369
865387987168894978
1586874505531621377
1424245369790103556
1500739124311080961
1617011919075811328
1585826073564295170
1309110336663027714
1598138091910438913
23563628
1639404669746249728
1618083512397041664
1603467536552452097
1592117831147061249
1640415456161873923
1326339369880473601
1278099265387200513
794862993553047553
1643055401053609988
1643299637665619975
1486996392438804480
1367242905048526853
1002599577323757568
844755859846553605
1276289327417311232
1612453982135357441
1488638184049324036
1641495380226609154
1613865487464648705
772978218244726785
1586043116871729153
1531871578832572416
709840264097992704
1445111225692590086
1140448134268669952
989312306570932224
59699238
994193357088882688
391796595
1380939469201756167
1619940948573650944
1239597535389536258
713490779247927302
1597980486793584641
1634551760089157639
1364312782754095106
1624703415203799040
1465768395547328517
1640183702557716480
1639801576469692416
1563877248033345537
1343679051345645574
1219289027788132357
1486903528345980932
1053855558330208257
1633821070062149633
1331213825325076481
1541626481146597377
1588708384756342786
1639667846690086914
1524226014271913984
1162174427641106437
1598812833164173314
1605451701313495040
270523122
1519016253154803712
1633465812278296576
1639038294901096450
1626991703361196034
1122030601
1639330446927429637
1614908789982904320
1639062989037883400
1380510076113461249
1638634932212776969
1543425844835540992
1599586303313690625
1534558128339144704
1638950186633289733
1476379324924276737
1593217766017961985
1638662577826992129
1636090236567445506
1053433710819897345
1376875141951586304
4803099133
1266383968229888001
28234624
1636795532067602439
1396708174644776960
1637902035038216194
1637749377648173057
1586779189352562689
908331095879544832
1586060873822519301
1635787924989005824
1199144933153812481
1636851199738609664
1271136049486614530
1349853209154695170
1600883594305708033
1636851066254815233
3388491268
1631906752039100417
1636585785859223553
1628791011336921088
1385016874119880705
1291478180629536771
1184511232398839808
107741138
1230274618184912897
1635433793812066305
1635566607786475526
1635810379040260097
1635740259957833758
193101438
1619331903726981122
1468068237762252802
2986533810
1614439274492854274
1524866693847130115
753045173551112192
1585837951090536448
1635338840230756354
1432511238072844290
1623638086713319424
1325293592395591680
2922181055
1634003992299683840
815668386151759873
1587804804121780227
1632562358349332480
1633737158120075265
1569440887033237511
397100896
1634538460043427841
1582809206259843078
1632581283925700608
705725475965018112
1633196350581141505
1634025713639596034
143682043
1633657813682495494
1469414148467527684
1572347633863217152
1632800733866213379
1380545754607931395
1609908385159286784
1585803103105912833
1597707231960748032
1632901553626423297
40880664
1628497559789481987
1260616853560479744
1536849188922613761
1629611247829241857
1622387135696490497
1632861395699269633
1535467070200094720
1254814432196263937
969301550978908160
1582212945169235968
1468453598933696516
1632381203159425024
1604334092044189696
1595671921693233152
1584955172983283713
1326820117594988545
1594900010487123968
1596747514924871685
1579589648875401216
801191888
1620477635569524736
1619902153883062272
1501981340383977472
1518684301931520003
1630833382409265153
1612300916920668162
991330362
1600045829414211584
1594454047599247365
1630995389628252163
1476235534481645569
1619328075690295297
1627396643036229633
766001989
1518668954243375105
1012333676
1609291205912788993
1502074389923352576
1600883623032508416
866926971871252482
1346993727370260480
1468009354502807554
1232113417579790336
1497940200126881792
1332491735981764612
1400207736072151041
1561496831757918209
1601847448443539456
1468422802063691778
1575226969741938688
1573336541342171136
1586754920207753217
866448138340626433
1521996430247743489
531477907
1596338736165437441
1175553967847292934
959193281799311363
1624554145003843584
1628157888798531584
1577319184786227208
1629065795262201856
1629744606777671680
1600876407223209985
174618314
1583452743586414593
1583499658436915200
1200406976557137920
174568617
1629691031317782528
1629678253139951617
1594245656331198464
1481838873344946178
1594122591576346624
1272597290809733122
1510966175504773120
361103236
992376127904677888
1420900535855718414
1386425701222469635
1617567819973144577
1629254036166934529
1022464887258312704
1585845670254108673
236951639
1603133415980769281
1615921667112599552
1618119470190305281
1578373332524666880
1586245582573928451
1589526104779341824
1316776620636753920
1568977597115301888
2956867562
1608285644639313920
772865328070201344
1598052343043395584
1855031917
1627723336922058754
1628123976491798561
1026534131541467138
1588458708203446272
1531513242245275649
1626340711946756099
1627872253072252931
1345607191034613761
1447522006963048448
1626932613880619008
1543345107021320193
1465899466976894981
979606619557261312
1627439871219404801
3861532393
738812093005107200
1518703764252753920
1618117375685021696
2263331184
1091872041404370946
1626762954325757953
1325625823831928843
1618082679521685505
1059883746118303745
1518787704594616320
1148699603308634112
1512763547620724745
570897640
1591891602670292992
1600703165975777280
734168839735349248
1624582129991516162
1594882522944393216
21364792
1518745597401911301
1602017431211462657
1600572868680630315
1626663450137993217
825504534
1625785300718080001
1597328079923613696
1515372727028305920
1521067146733932544
1394090317226418185
1353804491401924608
1466773883797876737
1506116753893568512
1575550111173660673
1626043585580630016
1535827632746807296
2655645583
1589624589683785728
1554911980581961730
1714485121
1167979601785708544
3044272366
828319891136638977
1494699667132715019
1617876287774949378
1264744618568093696
1597029117219717121
1625664555849502725
1585965911504199680
1436641466680500230
188411919
1380451475101474816
1512542606919708677
79805695
1519379259332173824
1253515170556473344
1527313667162681344
1563334362703073282
31735418
1474084952497033218
156005263
1378392606476886016
160892550
1505770701558493185
1371274036332888067
1577797989799976960
1598498945986076674
1598488853169348608
3243842178
1619733250188148736
1508256104253464580
803704565778497536
1518712337506594816
846949171680739328
1550112963985653760
1463206138837487620
1623927626174791680
1624390290500128770
743414325746995200
1486670783644680192
1623972232333770754
1475720450164641792
1624159115663794177
1443386373688414209
1612906327574978584
1586656772877848576
1362068392941772805
1462579501544747008
101584084
1465511046
1582844512837197837
1585889196241133569
1325049071753637889
1518684699270463488
1519621524046729216
575867747
1601946362505007106
1529662423380250625
1597578283343699969
592560599
339087500
1585872403611066368
1623403592282476549
1596378748072468481
1423549149220380674
1621252588866834432
1494515935817912341
1615406304633257984
1618082398360555520
1623267787669118976
1598401932862824448
1595682647296167936
1387909119730987010
1621122274941075456
1074450156051984385
1587897340614033408
1622785697756086273
1552195410885808129
1622711411209109523
756262555878821888
527667008
1306733414440083457
1617733147063627776
1244877624
1277273927576936448
1110362484408344576
1619950477172699136
1622089971665408002
1404643086991466499
1613299835079217160
1585924983922229251
1476932816751497244
1271491865368580097
962100116432785408
1480601762511958021
1571528396701581314
1621210031390597123
1618761531055042560
1619795059632660484
3044659986
1360051202617147393
1342479009012039681
1589362717055410176
1534795102425522177
1122343103476539392
1445162442179235842
1590426687296208896
1615418054619369486
3577877717
1617342800085004289
1621052477964681216
1498640456602857475
1595922721904463873
1596150122290765826
721889103646732288
1529638566736822272
893876009929506817
1452853346872737796
157140129
1586117057929781248
1509899108848341001
244299859
1449411277806190594
1612303517007450112
1593143967599628288
1579917132602777600
1211784762945236992
1616198329280434223
1550976884573364225
1366647271761334273
1458792188972724228
1621241060193099782
1457576025085382660
1557627149879840771
1397577741294243842
1620194094906544128
1607492614776840192
1487676647612502017
1564806739731652609
1619173445446549504
2481455030
199531970
1511743429667131396
1620533764446212096
1468064881916010497
2272448245
1620532027530399744
1385467423533551617
1137702197167239168
1586122009699753984
1587129436520022021
1265451076993646593
1620478026235645952
1617873388063854598
1602056915663593472
989877242116308995
1468126534959517696
1542081887010701313
1513897925985800202
906923326760558592
1619429478035329025
1407859801388879877
3012416954
1519818601611595777
1468611697711935488
914990650336190465
796167710291935233
1531761787124817920
1620157513231482880
1605932836757848066
1332450600554958849
1600698637813628928
1619754495100985344
1401411564259872775
1040121822333808641
1619420618742550528
1402429743043989504
1278878756434829313
1207778105487740932
1619882705315074049
1482113464881455104
1440011529768902656
262163633
601852471
1619814484318593026
1615719173207871492
1359242624922759169
752336357272326144
1603185519684362242
1402890605932343298
553572399
1425553081597669378
1570975172886425603
1564796809431683072
1611166811524841473
1462547374971265025
1588577556437016576
1569935197541629958
1224616733807300608
1495519962718519304
1524205454372470785
894421938852028420
1533964216121495552
905592959206338562
1618691637613305861
1567894504769732616
1618270489075486731
1586842622890582019
16740433
1332113491105296386
1578133048184504338
1613384454361202688
1615764565609807893
1619021222104412160
4850145802
1518973807888850944
1594484049917214722
1607652989510242305
1496950230885056512
4800791309
1617550624551489542
1362826118714322945
1618768930780102657
1257360545096830978
847651800412962816
2342944562
1604619561940439040
2600819454
1308665126892036096
1376175572
1590406607040663553
1585846565721313281
1605968440354750469
1468148135004356609
487394700
1592583883526062083
1603206809791102977
1616242943169372160
1514716300718837767
1425887757407342592
1573119837756395522
1534155871533531136
2292389298
1618428605167443972
1229241582966231040
1617697540060725251
1366584385181523968
1617969691946893312
1531763903948013571
1511405236107231238
877943407406141441
1595779292566237184
1587078863644925959
1618268106018938880
1562436469741891584
1617899722299023362
942764200849485826
1565116143165231104
1458241423522811910
61570696
1504301044582469637
1578082648894865418
1508507145934938115
1593855593248305152
1449867414972346372
1585816161358417922
1269077500841377792
1303465299107360769
1618163541084901376
1395674458829082626
1386690543162470401
1218916198144004097
16147498
2235692570
1556924219551690753
1594532472569888769
1618008626005680128
1377288277758255107
1419439982440243201
867639769794101248
1618094883767726080
1518973349162008576
1515965285169340418
236300369
1518725663284469762
1273736886301974528
1618105328184299520
1602156174140473344
1114260351212773377
213962726
1191786563954458630
1618094137688952833
1617966241922285569
900251899240210432
1489069291458768897
106040667
1611043585444413440
1593215976270712838
756063894
1617891963780358145
1617889603511373828
1618088724730118146
1339313400686522371
1596001863731658756
3051195289
1377685664410570753
1265440994117517315
1321109094040801282
1615849713307090948
559298855
1268663200423313412
1618049423757516800
1549168497359572992
1602064205263372289
1585948040476729347
1617984896521195531
1617894330869612545
1092663429175885824
1158464146595180544
1600247904320512000
2655274954
1571677059432300546
2829126378
1595703125670756354
1593331103632334851
3399067433
1617990418594930689
1600383337960394753
323648210
4652829722
1188162952299450368
1495215948323823616
1294326095790178304
1590170762270232576
1580826640191344640
1553887736985272331
36865157
2335638979
1617930250004099075
988226855273558016
1354652235427426313
1616109799669637120
1617912425772113921
1617192567711432704
1617902245739200514
993700997615833088
1599025241581359106
1562915222989336576
1617883161853136897
1362769513008279556
1582530161710448640
1325084767444848640
1611825257064632321
1224879607490449409
1617863433185300480
1093442432597966849
732916237462831104
1468672739095592961
2765894081
1607124944994828289
165365410
1522626893652049922
2165802186
1329514039374999557
1604986164456431618
1574386408529305601
1127730862441803777
1591195803024072714
2944837077
1341898770380976128
1586904150528385030
43930789
1604182969819795458
1596300590744600577
911157448592855042
1612918263834353748
1614674544589000707
1601920568135237632
1528482583792713728
1586616163395461120
1610879121151885312
1613313615192526849
1606374725948768256
1499188938900230146
1433394026133209090
1586139060560502784
1299280837293142017
1048404182900920320
1608294322054520832
1613001894854823936
1422223114038087694
1483538796129898496
781942131057422336
1547642541184409601
1612606345169063936
1481060168163115008
1612536618451361792
1535099171887321089
1009350026462728196
1575180862735392769
1610346759510786050
1612353172139278338
913265042090491905
1375051310731509761
1572241161741565952
1612382325651677184
1596043515078770688
780910074571137025
1610699494613565441
4004714428
905196573256187904
1519084587007287297
1156573178233147392
1591247393907179522
2400471508
1350152459965128704
1601533875947192320
715715858799132672
1074335374770692096
1342627652000210945
845826509587845120
3294503048
1129417636885012481
1538049892152664064
120206799
1608030513259765760
1606346839740989440
832959125390839808
1166073436940185600
986846316750778368
1609908475810684930
1586062213982330880
1601759225398661132
909277561506512896
1609351160531402752
1364823575987957761
1611921153353809924
1478813503058321411
1312433436100104195
1563661534068236288
1580397702810144770
232441379
1330684522090930177
1551715014163271680
1611853140311015435
820033022862958593
1339157935939837952
151586257
1586257264867876864
1572808159286235137
851846203318845440
2923254998
1049405706
969869150788247552
717749067145674752
122479748
1436599951950237703
3254996508
1501831540245889026
1499970169204092929
348059156
1585842905763160066
1478225435263524866
762338370
914250063395860480
1292309793093357568
1204575048071340034
1611597705050050562
1494633989503651863
751173600648925184
1393959770558636032
348729979
903813101878947840
758855512112803843
1598310171603869697
1567127655367020544
1594246064139546624
4650118641
1170139519947067392
1569940936066760705
878461208025862144
1547311945438593029
1594531897660481536
760916664443604993
1310798226
1530710530209587201
1587909813941391360
1345681742557044736
1597735163592671232
1450892835025129472
1518739654727581696
1523793603297914882
1560680910600765441
1456357686421987331
1510010076039421952
1611369055637671936
1529202848163958784
1593855361596985344
914559227670204416
32199155
1477517685445566474
795089326463852545
1242823807
1357433610454843392
1354918306801623040
1316289225881313281
1590120470526906368
1581226856300290048
1518769200206131200
1470928178705096704
1468083387055616000
1116226112286126081
1551328494440808450
1585996419239927810
1482048186848002049
1456606502681153548
1600975495725727744
213130440
765176453411446784
63914597
1577832779634589697
1528189196372004865
1610876978239864833
1221616147600150529
1591238906351075333
36031156
1588337730358050822
1561715162284949504
1585997329458397186
3430967987
1608001935227129856
1590724548634193920
1600953004626157574
1597901414743027713
1595758067681054722
1519152319094530048
887443386084577285
3073728836
1208167723710201859
1428245874413559808
1602321431995490304
1448368776383275013
1273762692
1595804687621668866
1595815653390303234
1578981876991082497
2285261162
1490889768498049025
4910178353
3040073857
1587209702533906435
1521312374749290496
2885512147
1445098348797730820
1449175247593279494
1591827670177816577
1471328798440361987
282695161
1610651872188141568
1456124314546233351
746206196
1586135364447731713
1585990998429241344
1598504116036280321
825009662932160512
1534398897312845824
1589587032732475395
1166534933093015554
1607020114532073473
1515000782860476418
1594930775798841344
1595033973079564297
1601963768040275970
1610371341919858689
1088249221285859329
1587182737936584707
1567675035355160578
1610229954595229700
1389994862582378502
1523800795157729281
1598263830416887808
1475211586780516355
2901047283
180973777
1458471500848136194
1609623689397522433
1591117777938546697
1362640994454425604
1607046834048073728
1605850624481931265
753429340348559360
1398607471585996802
1438153645791526917
1609790589209575424
434239825
1529015362930364416
1609675365714206723
1587349726252236805
1590445790836756481
1609426299155775488
24424760
1375121329997877256
1560421473659092992
1599436649263398912
1587562659154722817
1222266880519495681
1608629285799198720
1607917812403798018
1583083425065574400
1600860771654803456
909974398765092866
1586800366036959232
1602654390241861634
1519908297520054272
1606085608752939008
1442469260056432643
1601280587226046471
1607625497386844162
1538080546684805120
1156572675562778624
1608157196050747392
1100138133927022592
899803416641384448
1554793481205420033
1608956491406483458
1609246232463003650
1420544743520579584
1529809078612119557
1609207824348844034
1447813633610821633
1446974562101432323
1468992500299874317
1503577191690375169
3711950474
1201931687149670400
24229492
1401576932815351810
1252755840286765056
1543776302137806848
1585973635109601281
1598510584454168578
1557368840354500608
1066236993569546240
1463046498074038276
229647059
1586609609917308929
1608456763400921090
1563415502332260354
1588659277924909060
1474604557795840002
1594820161902608385
1519364038404231176
1030651179271737345
727593816455262208
1586225728474988546
1604681858603687936
1513895707
1397660010398683138
1608249627869941760
1478746384069283848
965493030902878208
351611639
1588003454953332737
1608680648818008066
1246153404839313410
1606708914611159041
1433843873785258022
1527091248405921792
1608596967273435137
1494838191144288256
1606057450767015937
526523658
1587537587299909636
1200542180135391233
1592915054935957504
1544195061784760320
109690965
1580145878542819329
1474151965844254722
1601255953093234690
1357897992066510848
1275821631978569729
1536988856029007873
1518685166155223041
264344431
3047983320
891087683006717952
1607894281695657987
1608313915414298625
1608300307066281984
1608298757321375745
1591732891809189889
1519816289702846471
865529502
1240131467549855745
1608011146245832708
553897103
1490834974244847616
1326182064949956609
764455694707765248
1488606805257297923
1552454486068793351
591077690
1517707369509113857
1603231374088937473
1585672452306354177
1606087310369513475
1608162543222067203
1586198062577467394
1466989007951347713
1303115891152949249
1563380488005226497
1585856784643903489
1608131901134442499
1596959141838213121
481575402
1641461054
1473001539287625743
1608093395729219584
1298474764382744576
1590911769622495232
1607680984371052545
1593847971359363072
1274321138676572160
1608039360674365441
822180858605907968
1519781032551227393
1530418035390984192
1601359745054658561
1156304217545551872
1607966588187316224
1348596720029097986
1519046409235820544
4917786088
1375175564231913472
1198557612905811968
1464697908901597185
1277696893443866628
1043939776791867392
1545197623404965888
1591515630418776064
1568903909132980224
1599529942894747648
1587643432293507075
702603072191787008
1267869607328714754
1261507327292837889
1553140247415984128
1328740884087762949
1462882881315901444
1456671317189701636
1293261725215731713
1595041084182347782
43819985
1506625716300955659
1587039643383595009
1526519354015162369
1428728933575503875
1485371451670732800
1592801295764799489
1487133119941595144
1215759455423467520
759302221
1424542624602591235
1600578629741723669
71487725
1595807203130314755
1306650096071774208
1318503000311255041
2372274475
1245957016943820800
1269386963414650883
3189033559
1472991975607619597
1594194397645651968
1585822019194540033
1578890388458176512
1209528406607564803
1566780978701508610
1562607559831199744
1408272874155122691
1587431967267721218
1253755907739127820
1586570102165704706
1539925321
1394299676673912835
1449120302739308546
1561709017671634947
1589066175887155200
2382062263
3328693278
1453764703981871120
1518737146420604930
1600182333751058432
1586062913260982274
1603417564473970688
1331658416704663557
1589406265209397252
1308967351036112898
1504003754638651392
1584039810179612672
3116102101
1531660022890975233
1588740004494319616
1594406204566278144
1452176787845357570
1586558697832071169
1176908864417140736
1489909614061645830
1589258012983689216
312844319
922959219778883584
1475662495801040897
1595251575232122881
1547682068670271490
1427752698057793538
1585119094734479360
44930067
1661131591
46460238
1607372255792664580
1183383818763419649
1371914078294269955
1596295044130021376
1586768771372531713
1524298093088366599
1211473838350880771
1536340577821786114
226297911
811291812
1150730270708027392
779372066889928704
581566691
267547748
1395745898861367296
1594838486619652096
1585948618841853954
1434170594711441409
1552436568312389632
1587506130061873152
907317532146749440
1601707121262923778
1489534117507043329
1555465111313211392
1038426517498462209
1489014038138925071
1210941881971965952
1341029734327660550
1406634757354659843
790528785548476416
1855293787
1534042866049335296
1587519998188171264
1586795619678552064
482900224
1851434622
1296616360139730947
1464632327557070856
1515490012229357569
1600332632268865536
2304872762
1097913881891086337
1254155986631344129
1585873760640442368
1553842981559586816
1375204226717077508
1410035979872878595
31114846
1595784266671132674
776969275156209664
354927113
969160655059210242
1606639365010120704
1606566133095710721
1015091410834345984
1387754862365007874
1595633096761696256
1357047592136376320
164556958
2376013568
24541197
1504178465817382915
1519878230127300608
1497421310170914819
1597669448533655560
1031266421874012161
1593359958665461767
1606981757085040642
1292267074153328642
1594316989459316736
999366395170316288
1349329809197854723
3293189236
1518967006837452800
1518756288347451395
1508521915908034561
1605677391556272130
1520983322792546307
1007455770785480705
1606771564850061313
1527931073073537024
1286415466412613632
1098002483069108224
1384946813158006786
3064156305
1431709097238405122
1605862458706448384
1589375185546891266
1560720769985937409
1562497752939909127
1606680285860487168
1604700644228550656
1492526761292308483
1273940130982760448
1430818714115461127
1597605757553459203
1577262224
1600757300209369089
769666924657582080
1201985743729524736
1595977484801122306
1606110202973270016
1602053012708532224
1606332798100721665
1606162104989483009
1578973087395094528
1128028561590370305
1606136199348879360
818659129
1195390566168707074
2493929893
1329999497238339584
1569382140059553793
1594362515554697216
1605947070065610752
816415878145339396
1462538373218942985
1321914901124689921
1603788659165171715
1225755860237832192
1591263848841240579
1589704688416481280
1605011525978161152
1605711736656445440
1503269910830628874
1517328774664097792
956747825601114112
1605670538856185857
15651986
1260538617866436610
1085973161621872640
607159536
1542166298364362755
1062206119806951424
1089547488837713920
1519332687324061696
953180196315779072
1526100794608697347
1590649702269288452
724870064407777280
1597953555046055937
1511630038864642049
1324435525894246403
1557189233038618624
1597968074442948609
1604599983893774337
1598897205833879553
1365819579335860227
414117686
1433601055078510626
1566954023294537729
1594122544692576262
567961934
1470637374971555842
1379327773328695296
1602686973197418496
2622440153
2942240203
1593370930906013697
1603079800985473025
1432878747154370560
1593166302012588032
1600720176906833920
49045011
1604485828050386948
1581694813220392960
1593879660961693696
1485858118508683267
1604835639232430080
1425619400095412225
1604623552145244162
1409981674662813698
1598698764142780418
1599498183037849600
1600090029266636800
1083456697056837633
3301154471
1563610826216337408
1518835965627748352
1596728215715864582
1604731028249006080
2384155028
1239923315935981568
1603962451179220992
1604652493027278849
1518999629836206087
1293458706324230144
1505645644320440321
1604463725146439680
1603210781314940928
1410376175860527107
1553482428689391617
1573440740935585812
1599467997286088710
1390343689709490176
1598867256817356801
1587167910627184645
1602367362568785943
1496944925602111493
1604485198720163841
1491226581553057794
1513985405644853261
517013865
46415255
1592373965783121920
1497470178791084032
1593997438595072002
1525635717413609472
1590527437149978624
893877962646458368
45114754
1585801196945956866
805261960904196096
1539142520541675522
1585984264344068096
1603903127836626944
827373421361250306
1572338169479151618
1602760093854040064
1487533119238459394
1590139604157566978
1423442172263665664
771033403282063360
1604009494526464001
1518706081739943937
1378074374197157889
1604052691071733765
1279458542613823488
759937236548722690
1468118137354821634
1343661265567285249
952999556832284672
1592301519747039233
1603777003567476738
1408898855542968329
1603980350690041856
1603594180609056770
1468399485277839366
797613862539448320
1594388716298113024
1603957237205999618
1600306547824812034
1510966977841483785
841528857341513728
1553133466933309441
1600986113031958530
1596125708253798401
1603596879710806017
1603955500730953729
1595420934113853441
1566800196998086657
1595470060616925186
1535060158245576704
1603587763248431105
1590703923337170944
1519507789873303557
1603439586302107648
1518682869757104129
1558284338957111296
1236264402120212480
1586066578507956225
549181612
1342541160624123906
1515648988602642433
1586432481112236032
1232407171360546821
1527333339790598160
1602028715914952707
1278613838217261057
2334911159
1224653499545346052
1590642934046679040
1428182246578540553
1603285160941731841
1472523782128652291
1519760825061416961
1600798433685774336
1579723865575628801
2464403533
1519348718285246466
1598421247104262149
1457514332086960132
1520998745097347072
1600708834531868672
1437206529657032706
2421179563
1253648732328824832
1453571770557124616
1261251687504699394
1104735450265092097
1630952318
1518718458556522496
1586067559987777536
1599193113947422720
756482235398754309
1586567761278509056
802302343417122816
4665604394
1602831030205153281
1469832845069893639
1550983519987347456
1586053025583566850
1422960771563089921
3637207875
1586092228618948609
1593783619989946368
1588671288922423296
4885413248
2246303052
1409961990731321347
1544039046162264064
1518995169131089926
1601637551873335296
1468664604112920594
1518902002796875777
1512316006038970368
1587965299785072640
1558876289330733061
1594903460792737793
1704785888
1595494493196849159
1601891252345135104
1569475094317264897
1596981029776117760
1599253152724930561
116384038
1473476125732917253
1585914614428188673
1599995278873993216
1593318272346226704
1575241693670014976
1594675666255249408
746831792221601792
1586145424427155456
1598947282707271681
1522682421585530880
1609575036
1601284626898485248
972631922894491649
1600712353464598529
785813533
1585686611810873344
1340268067637571586
1585867459520876545
1585729773481103360
1549114087145197573
1595684373805731840
1595444772050698249
1601009335320076290
1600962220979994624
1600724233184845825
1601102587444760576
1601057776192593920
1424509949472817153
1518816650316853248
1600850473610780675
149545708
1412522259412045825
1600865301104558080
2974330841
760175146296483840
2188820214
1589725126068736002
1439435657517035523
704079735597494272
1091705122671992832
754021168990916608
1597379828654968832
2420925066
1598120847612461056
1438534902098452480
1599170692930539522
1580428011647762433
1958266045
1479614767878733827
1598536469274050561
1598287062284771328
1600548851450101781
1600565468246458379
1600492476699115524
1454261060068913159
1599917534245003264
1478844667538063367
1600478395854266368
1600424452935778304
1586828153573580800
1590705403406475266
1586103990202339328
1189604521028313088
797110430577651712
130254817
959339849504366592
313441278
1508190491896033287
1598435158474084357
1600012885085851648
1248343496513249280
1600367775842705408
1558276223436029958
1586831742014570498
1352247830501617667
796454514282754048
1572135754507374592
1466795692450586624
1445224176151842819
1322060763243122689
896576058459168768
1582048295269957634
2851941608
87761551
1600305972307787777
1508279842298548227
1568284683363827714
1597681864696729600
489849599
1518882128943104001
771724389071093760
1519434928806629378
339023219
1590158089222852608
1283030887458680832
1596254435445022721
1586482463223816193
1594439910374588416
1311869639476080640
1600194497895342080
2240899448
1599443976355971075
1505134936285753345
1600133640125648900
1599908149007458305
1599194644616732676
1491687639694544897
1231720023057719297
1509589350006366212
1600141249578782721
1600131321543942144
1585797095155433472
1548891051657555968
1585857461952577537
1586319563330883585
110003901
1595457634202697731
1390058232048197657
425182736
1356817403980599296
1497659858039889924
1473767300683599872
1424242333726425092
1596009369421852672
18387024
827436457
711312995494723584
1513234019026194440
1585853927009968128
1483383501483347972
1532839510228213760
264740712
318750025
1427404806994505729
1247097169
1483198723752542209
1599996877457457152
1597392844318277632
1210400329
1599537119894052864
1519424936133029888
1449919438677897218
1230018084389343238
1238875810402107392
1518757602687172609
1515688005691973634
986385193
1483827653882920961
1562696887568056320
916368497747279872
389798596
1594719436698689538
382979287
1594537527267975168
1588604024382709769
1498530254603886593
1592130753063800832
1594466896199708672
1598597127684476929
1566946070269022208
1567064408702033921
4500576194
1587455197676277760
1490304004907483136
1594159943178928128
1590010357132759043
1656440820
922946072669954048
3318902369
1375070910248521747
76796039
1010147876578656256
1599669053718761472
1598879863112245248
799949976403136513
1568938182749593600
1202543449850798080
1160810187193761792
1519731147248312320
1599506731502952448
2717529713
1521212714860883974
956757925
843541768549421060
1597701989789483009
1562742419199627264
1529200095396347906
813912180
1468712275313844229
1586087761718689792
1593035933519167488
405823306
233679780
947699581
1587302858642243584
2744069213
1593905049159503873
1571272655977709568
1483038381693091841
22299835
1349701879534678016
1596252960346054658
3057790559
1599782824927793156
295964910
1592495642580029441
1339289965772103682
1474852993136836609
1573117814923313152
986785671598821377
1230542975115124741
1519885885071892485
1521346412780392450
1595168320847810566
1127965650985586688
83034380
1596939507747766275
1521387526904295424
1598141134370492416
47960642
1588539210050535429
1593634804821639176
1252945641485074432
912663139
1599206804092854273
529746441
1496111085346344963
570532711
1585688058308993024
2683511317
1438123220524314634
389550311
753993495732375552
346900648
1599822363633356801
65971271
1374434029819158547
1594452741132148736
713207338568523776
948557739285995520
874221618700185601
209171717
1323779763702534144
2182421065
1578788282011471873
1567313724616105985
1469046021137313795
1266460682175885313
1510358536185909255
1595075960558215169
2294696011
1590457558900551680
938786761018187777
1309651875483058183
1599817826763784194
4088600958
1584362464849715200
339399814
1586783535322787840
1586004239733510145
1330336174586679296
1567537517456670722
1388211538817921025
1599546535615807491
18156511
1314749995665547264
1588486101462913025
1173134946325671936
1393596437649297409
1594793886479572993
1568452309931237378
1375289769031241728
1148062750641405953
359583529
1599122093609730050
765956589392109568
1581875065829953536
1556510948059496448
1233857526665482241
524623069
1425830822540562447
1468083279664353280
221717789
2871993278
1589371082443837440
1595178622360457220
2198993678
1430679219735048194
1437184339754770439
1261399199515541507
1585942157407522816
1585798055667929088
1598123675622215681
1466858890973179907
1100669112433426432
1502223304496750596
1232497966348455939
1585401097099018241
1510380642357456901
1403476912618549250
1126493340097114112
902454526581592065
1521610488844587009
1576330541393223680
1317497153628024832
1494496139952930816
1349383622898417669
3776396177
1585844700711424000
965610340015857664
1594165297363259393
1589246563611713537
1285416254346534912
1074038717763997696
2416617241
2352957686
1590421903860178952
1593231718265257989
1598716899407417345
1591651751295336449
2885700660
407785136
1592658471475986438
1488283976200601606
2924825891
1599476497617666049
1585827435324780545
1184273725283295232
259499890
1496676675467231232
1588164393937895426
1274989790
1532117366355656714
1487113385607151618
1064703568832356354
2777174557
1056316671105761280
1589539650997215234
1118375612
1485469245236469760
1380555678197104644
1446681722079354880
1589018740934557696
1589374240247128064
967008068
1591582238906499073
1579116731771019265
897675682645463040
1598798659977715712
1518720121661014016
1518721608436752384
1443769613309804545
1594175294679777283
16634922
1440482513143558149
1483100422856486920
1586097385658269696
1466511001508106245
1597016323002957831
1585837114679181318
1587458344897466368
1590142379192877056
1581119633775816704
1595242276862705664
1552717210522730496
1599228354904866819
1587189185714290688
1480668423365578755
1335040633313128449
1596688403969499137
1596211129314942980
1573305146762616832
1594786398376235038
1589315518112169985
1587583211995004929
1504897338275512322
1588914078591975427
1599467258878754818
1572678807298969606
3258970313
1429593798712176642
1404790464730050568
1427381491055607815
1594366543890096128
1520397461835165703
1594503167831527424
907314951634800642
1599300009564012546
1594878655905247232
764911488
1599076750037815297
1515738182607937543
932437546851815424
1595135492240162833
1404560997176778752
19740500
1596742289090641920
1589640073305202689
796235650810810368
1599157567330082817
1491976443148095499
1596002540197482496
1593962765332389888
1568612171176714241
1598863423286263808
1583124626422603777
1594519238244540416
963557594639093760
1591184395548909569
1435888663414640640
2828748125
1598709818839117824
1598981638754631681
1594554087961403392
1560690974832988160
1563924238129577984
1597573985880997888
4262269034
1598936658975502336
719666779623190528
1528466710533009408
1596696692274798592
1592567701557346315
1598434433949900825
1372405727587893249
1590772342103461888
8351942
1571162298298818562
1592747575945625600
1595460281794269185
1190378416849203204
1138263331637211136
14153459
1307343316623609857
1598402298736439297
1598105924211806209
1505976655839432707
1308083835507290114
1597639190107373573
1480956444790951936
1590130899785764864
1508490356324802563
1598495463866597376
1506007772336472071
432914587
222582311
2347942554
1496675316885962752
2337521461
1512324586037198852
1254869986499334144
1550101351903920134
774914898115657728
585445539
1434293011991519241
1487180138542514179
1598176077179928576
319490086
1587363788780670977
2639781500
870453535653076992
1596982618586767360
741593360243232768
1499013138825555970
1598349663718998017
1433512215248875526
1560861325047111680
1579001858655682562
1460825821271273476
1585753344164913154
1579366821433597952
1455813197265608704
1595941870374621185
1321220672912269318
1589750628108054529
1419012402738352132
1598122616258265090
1446622011925536768
1172359942675689474
1595541695445311488
1598083921509498880
1400826138704977926
1598029956377759744
2540743192
1598029149288931330
1464458768532615173
1427413799880044548
1560165037712572417
1597633877962416128
1587471372887932930
1597922876782280704
1519338715012902916
1597451555137097728
1013497948531904512
1596464799516594178
1462549851829383177
3033182024
801308356816281600
1597695354597687296
1597688498861088773
1597369058898362370
1577308091296911360
895720339338141696
1586932279988953089
1368304902804402177
1575760101373227008
1589301702255153153
1595512162918797334
1317580625390538752
1484862868617109506
908094848749719552
1597457570821701633
1431823017152290818
1597430320705437697
1209532216188891136
1417311433742716928
1595907257601912833
1586153161303396353
580605970
1264256390442385410
1595618323491962884
1345751070861971456
1597240289663541248
1324119698011754496
1593627984145137665
1535141185307955200
1597037375951360000
1375335218
1334974038
1597066499012927490
1591513450919886850
1386759165708804097
860788165
1597058071792128002
1581440563597148161
1596540999693750272
1596999057221726208
1586093658024988673
1468291162692022273
1597010369947570178
1596341998226751488
906613405611675648
1595999099937079297
1570168223328358401
1375142066536112139
1481443120738885637
1586383796471054342
821490699749228546
1496710322815524866
1586893664990674945
1595976055914958850
1596920054192406535
56677301
1590338507415105538
431785296
1519514094511874049
1596110010081230850
809163506583011330
1436178913273782278
1586145655650664448
1428360828558864387
52990523
1596580111712657409
1596736231634771968
1408778941171650564
1314048750231318528
1587245901441114112
1596683770177806336
511329763
1586272559531687937
569482666
1595519197861273613
1552821948635402241
1028075911894196225
1596347931640168450
1596285822466244608
137551703
1588073336608792577
1186404293944991744
1430617761718280192
1585728252198653952
1586723154654887940
1076877018862702593
1595812396689489921
1256769858613792769
1596350230135558145
1206448377711468545
1518793622258339843
1585469056257208320
1410662366
1282719613864878082
1585845309598359554
1596542978847277064
1594195632557801474
1579229422581792770
1595586918611304449
1591587035390873600
1590701444537122817
1589327542770614272
1596209207279292417
36583086
1578160502651453442
1538138609257271296
1409046225383399424
1424568059424088073
919015538038398976
1481571013355782145
1519330783646949378
1515395982879596547
1461470044475605002
1400566788635701258
1588411140664692736
1596019442957225984
1319400309022707713
1516332619364929539
16146117
1595485442085998593
79007386
1594455432063782912
1595029598370254849
1595631841024901120
1483150124264136705
1581003918020075521
1523038575348101121
1596235049074057217
1595411707488309248
1212091090083307520
404392992
1145416621860765699
1346821207371476993
958780925256654849
1520036276757569536
1498034716297027590
1431328313063182340
1596176338817163264
1595997766647521280
1589860775925014528
1588182124728930304
1595482043147862017
1595984435891027969
1589599372685328390
1586016066274205696
1586571411363086337
1468119886912126980
1591302735865036800
1519582862693044224
25596959
1596033538133991424
1523453474347884544
1557627270034071552
1405582957964890112
738422594899222528
1596012723183255553
1578483256500318208
2847853708
1111629457541001217
1518700336168509440
1596012319783501824
1521638856990277632
1586027399673745409
1594583386324176900
1596002491296251904
1593795856402194435
1137797476101054464
1595987835902902273
1595484143558836224
1595986927815122945
1595982266685165568
1595556881384329218
890657236237864960
1595980804038983680
1398301613937229826
1595982290089304064
1533303219874578434
1593607908155162624
1547034118524993537
1595618095191576577
3295937120
1587249923531022336
33003719
1591135152989736983
1595853455482097671
1589110802161799168
2826677387
1595621311283355648
1595816756647366656
1595805541015527424
1468073797425106944
1594160153787514882
1589590942033526788
63001807
1586613785833476097
1589685420266119168
1590168486558724096
1593455007994560512
942121874967764992
1595556219594457094
2752807211
1586567143973437441
1595322352899964929
1530201356597862403
1191226293536378880
1595316078304894976
1590452156003385346
1207807582443917312
1355418243473657856
1588964705128906752
1590187882056228864
1594843245640503296
1014696506635571200
1458628803538866176
1564474081889718272
1585837199752278016
1586792829426307074
1533961268821893121
1586913584570736640
1587130798616059904
1593680746572652546
1585821266841423873
1447569650334646279
1570259813346541569
1496682178771439618
1445042504
1567815889071869952
1594422884864167936
1586756158454472710
1594787384838725635
1586841297272377344
1472230421131935754
1595484095198511113
1519106125475553281
1590918245355323392
1590361704310923264
1589009409870647303
1595237571654713344
32565896
1586562328186818564
1554042517104238593
1309637149994758150
1589481665700806661
1580166286503743489
1434964396938248193
15929980
1547700762649628673
1097852275
1594796532066385921
1590013021157556224
1444310116698820613
1536522833517498368
1138975605632819201
1595154079218556930
1433952231817101312
1570072473311248384
1473728239973670912
1516002157480185860
751603454217379841
2148659671
996566734512578560
1579000721445617664
1594826437206212609
1367262011315396609
1594150214784282626
1585677004803690497
898784706354925568
1216569268453756928
1587196638853988353
719142254502404096
1162823771239124993
913166816
1303485055390580736
1594794033586413568
1586658373335932930
1192968069460758528
1562864396044341254
1594156683454021632
1576235370081140738
1550349835722559488
953824025578491909
1587070469722742786
1578065763482607620
1517649618435248130
1366509523687604226
1586850679091404800
1589858385255870464
1518680424691556352
1483668115972313092
1593940499307499521
1312646862654955520
1589658549495513093
208215818
1352398569559347201
1593374948613054469
1511363468322082816
1591609278066040832
1007376683295543301
1455379287868153856
1063803849893388288
1589611791046287360
1586126223188496385
1594299396501524481
1586821222859509760
1578190732397092864
1587569333059944449
1349188997462044673
1585957997066461184
1592428730605047808
1345301835565842432
1587270334268465152
1589073057137713154
4417918212
1594155551671320576
1586645332624130052
1585941014908489728
1587294803053666307
1588955753485717504
1500001948782661632
1518734946713567232
1471734876944666625
1368339491534958594
1592651579332739075
1214762081272111104
1334336944965361665
39271126
3071232358
1594401084218527747
749770281871298560
1594266296094543873
1586486669729009664
1453872031615827972
1594216383205838848
1344764880939839488
539454878
1468268961569640451
2518210591
1591506914449448961
1521319728417058816
1591704308738916352
1568478575073923073
1593743529393750016
1593648679973490691
1594015412651442222
1317229619318300672
1518690225551253504
19569136
1588601087807967237
1503140580024627202
1082275268318953473
1582966451543089152
2290515841
1493085433068089345
2425140276
783486171598946305
2963416120
1588570073538740226
1483647523315019776
1593075987532681221
1586760000973819905
943579920080494593
1571239984425832448
776042649958637568
771722305319804929
1593253339432509442
1587675175226642432
1048846083244183552
1136525514364063745
1267046909916721153
1588898107433132032
1497451023270658049
1586018271718940672
1589397441777836032
1520566798877609984
1589453248993304576
1453744725551366149
1581694157726302210
1593675484834848768
1410988501739487233
1523627320937877504
1586745784334098432
1588269386565144578
1126336918474518528
1303774644424577025
1590402361310289920
116375949
969589061764636673
1467001441206214657
1217994889356406784
1578141325723049984
1475148543753138177
1586630882483351553
1530749455485509632
1589823814325522433
1589393291627446272
1587264799846666240
3407365450
1431980447630770176
1391619599691550720
172748442
1524830226454392834
3049460688
701088276
1369823782333018112
1581157936612536323
1589468173677600768
1542534126598852610
845017766084169731
1587151191712071681
1586077062208569347
1589871939786620929
1575690840936443905
529332061
1590907935420563457
1589387713391824897
1589381041927901185
1920274747
1587265545044303872
1575974108419960833
1322704871825547272
1586003283222573057
1590886117007626240
1567705085370679296
1587198621971251201
1138242978827374592
1423867034706882562
1590527217632776197
1456748077658906634
1525955669676806144
1588321801289043974
1385762868046467073
1586822270735073282
1591479102166425600
1586750869483167744
1590409294666776578
1591972104358006785
1332415038775316481
1587616575019958272
16932427
1591255448203628545
1523385729707126784
1574805474775420935
1588576918533709830
1340802881352589313
1554441256490745859
1588334691735769088
796151032208392192
919656924
1351576154629677058
1315318716335185920
1519490816045203456
1164007977642266624
1372562294396293120
1590071606327533568
1530475606961422337
1468270691304849408
1586575228477603841
1589788896442945537
1587476884052316160
1590072838802665472
1586593700594872320
1482043476669833220
1591062930589732864
762021248574435328
1494036732727152646
1522369074432557057
1585859368343539713
394080841
1468111950785630208
33260278
1468011560572719105
1540526109665656838
1386801811005247488
1585365215104929792
1590759663439679489
1559828655903330304
1496978284025896968
1566616474395054082
1351784175456555009
1468217977648603136
1329624350392139780
861997844730957828
1554439973599846400
1564434793370189824
1481362718359760899
52755564
1582553497417007105
1518715278980534272
1552503948082352128
1573126736895741957
1101621399628730370
1567689268843126784
1059130020990459906
1498030221609652232
1467838514083491844
1588972005986127872
1468335757047877638
1451208665059389446
1523105310042427398
112478025
4174971676
1385939709084512256
1164185015753818112
953649533782765568
1104050924228616194
18403887
1330955362216923141
1184333284961996800
771447431678615552
1256893668373348353
1396128788929519621
1329052792305168391
1296980782205022208
1345600452126236673
1115335918758453248
1123492550
1130243168958590980
776287020788293632
1234308832483917824
1043992831864516608
826625403997585409
2781222461
306542795
1143970039592173573
1075201192744153093
22039397
1255083932942508033
867282522
1270913059754700800
1278934513482174465
926977197365235712
