1597780375102803968
1620157513231482880
1706007333644455936
1669064084430487552
938109857789612033
900669223122472960
2226868675
804453900199673860
1704809192605831168
1628126255735271425
1532130621220433931
1707538671048724480
1707263793540042752
1557673585979826176
1126941492965253120
1269380361450074115
1536506471172689923
1332336473333526529
111123279
2642237249
1681685426489180161
1696886232951754752
1596891965387423744
1485285771141541892
1692686389022773248
31327282
1479549970302779393
1668258927555780615
1625143338260217858
1180225926694486016
891497542252474368
1703920201589268480
1655865560071274497
1446878450153705474
1666076981845192704
1171606690829164545
2402090216
1300840377436561409
1689394568368656385
1335599068756795394
1375109222908694529
1698819848262897666
193959663
817819357216698368
1701722833716699136
1414972753145380880
1316468026716364806
1696556675376033792
1604159399735369730
2443386011
1481827120988966912
1696906553490649088
1626368871690121218
1621735001875255303
1586820989694148608
827387304343859202
1347704593438879745
1440081955727446030
2794432004
44196397
1586148875127209984
1624220951830228992
1677243249264586753
1640022821945454592
1560480384118407169
1696620029331038208
1695453301196619777
1668578416533151744
1620826210975584282
1537542348195778560
1670881182089707520
1612673235233165312
1272975271235182592
1696633253778558977
1624282893928525825
1695835388152082432
1678536243641040897
1440012205051813893
1693895541674192896
1174517985396043777
1616905867223527424
1687263347211689985
1685093374364205056
1693447152096460800
1228189060587372544
323093666
458995698
1379973447179235329
1647772311414534146
1391904597153918977
1693254554761015296
1675378570351480832
1682651419231543296
1496985864412483585
1532509804870123521
1586817922407669760
1518924804266422274
1580918206201479170
1334988074883813379
1677388419302043648
193674517
1643113573194039296
1678149611842842624
1648517390941188097
1667640710965649418
1590834661000781824
1660047220186525697
1505957373386571778
1692372582941478912
1595650305139658752
1687261823198756864
1613651006516076544
1587625058729500673
1678626166306136066
109003713
1682184354251018240
1196241374070353920
1433060453794549773
1518744842846756865
1689825113665855488
767960339547774976
728350636757110785
1549887811964264453
14817359
1662849287884275712
2289859485
3028517983
1661313101268938754
1674975891342991360
108465379
1469993320705191937
1011312397586391040
1556244493917118465
1685849309034721281
1678730254519599105
1447720828636913668
1552969766775787520
1435729893606703104
37863826
1488560901905006594
1620691481915756544
1647803144586264580
1519133489597014016
1551655467050446849
1298593149191958530
1389781187627950080
1468988594408861699
1378284380335054850
1597707941855039488
1301750516930801665
1647981590180405248
1531568307735773184
1675506070175744000
4298237836
1673524153830330371
1555153085089071111
1622702025371975680
1599474389006835716
1648482732815667200
1581304575071485954
872683897
1237925129444716547
1559368134
1674716355621208067
1442819428991766529
3049460688
1519804753122926592
1444183545379917827
1598509415899996162
861653611150848000
1410831297442951168
1644222493203341314
1679178677647732736
1589381041927901185
1674958685121179648
1589396421341495296
2982015395
1076789110382215169
2925793055
1596667450233339904
4321833509
1680903573415272449
1517486602968354817
1020799957845102592
1551978342752067585
1594826437206212609
1369320681347768320
1671006620531269632
1454049960354361345
1602284388322086913
1572271809176735747
1683693377303490560
1273501756803162114
1614150649691742209
1662661673990123523
1683485067576852480
1270022309080969219
1609748159663861761
33665720
1513634971088564239
1518992483316912128
273432430
1670579895552860162
1676124768079327233
1611445545515491332
786790604168585216
1534892674154745856
1657962069868814338
1468139512610050052
1680312657092530176
1508464012878614533
113137765
1626968363112214529
1679603158748925952
64314890
1606713488885579778
3369873689
1028131698469363713
1656027910854135811
1679670510425178113
1531273462958157825
1513245259202895874
1675131709027676161
1640546074690572291
1517476502719369216
1617665608690155520
1675185469431185411
866005696428384256
1121865104658718720
3320162235
924362284977348608
1199919794813730816
1563875690021376000
1675297129365946369
768093332954284032
1669239404291051520
1641969261450231808
1673592048245673987
1569742982
1285971068243644416
1655169236803698688
1665095043605057536
1570857273248911360
1643032163464679424
1668358845486493696
1671302619732770816
1578345572129558528
1469008284409647109
1452987513623228416
2757137027
188034029
1380394256657944579
777159380294782976
1661231724141871105
1518847862687293440
96669191
1162208079921856515
1423057229658349572
49345931
17061895
1669063298199986176
1086337982964092930
1328744376
1351439571486183424
1468251051312627713
1529711258580070400
14965710
1662136302848950279
4421705007
1583488979630014464
1431266509251170306
2825928726
1664361266931179520
1651309164822495247
906990733047025666
217856375
1421154373477052428
1434004256336617476
1430932380018216965
896537817865703425
1550663399650074625
1590128048359235584
1587606976216805376
1289576216203153410
850871619308277760
1593737094668640257
1498830939480285196
1278363893568376837
1633242126875074561
1129174009856385027
852959498268495872
926054168753709056
1661085406769602560
1475736632019980288
1666212683039817729
1545199667088134152
468830721
1141430557173256192
1598892780574498817
1551039448078397441
1496572115297968133
1470240646346809345
1629496446595776513
1589364013791600645
2505607994
1649158131388235776
1541485059366166533
2282840634
1465625620449271811
1366550209254338561
1267512884109676545
1623836470728355844
935686177067114496
882752366109446145
1624791215462838280
893708946334023680
1598915526469861377
1282023174469750784
19092363
565179804
2317231225
1518686269580079104
1653461488248422402
1605003381931753474
1276467297670983681
1590060828832718849
30727894
1645800482345189379
1616287305219596289
1515237501342035969
1432105476905394181
1518906825432780801
1276289327417311232
1433494222158585856
21777306
1589375465923436544
1598020173738479626
1525771220838297600
1496413088958107656
870770336253358081
336692633
1562312008925450240
1530728565666373632
1468711531265224705
1527842867888070656
1632890069802442754
1519332882933850113
1400197995644264456
1649902485069283328
1599909135155445760
1602032564658753537
1586800575550611456
1640114984184061952
1519123237069893636
1476668415200874509
1636797144450334724
1523832300458450945
1050599663592603648
1629542131223109633
2408925033
1637507843275513857
1585100019627171843
1626017417607409664
1374879821830877186
512552018
1645438618658275329
1492600678010736645
43427469
1585940915151069185
71752058
1581723128010625024
1432511238072844290
20365944
1366166507055644674
1096118517932412928
856768205502722051
1553118492123176961
1649282666968109056
54666213
1452692071345704962
1328894170577178625
1498887352629878784
1188835096570335238
1523674413736022016
1550495341207855106
1593634804821639176
1419527973141508102
1546871625773105157
247358809
1554974695451021312
1550348008704815104
1607625497386844162
1061744909596704769
1453091784762998789
1647769567081426944
1058344087957487616
1587489433648963584
912101715490504705
1411533095032000512
1371581088586420229
1204902240948895746
1349479326111174666
2227817384
1588646288949755904
1322381316210462723
2553157938
1599665506323161089
1597559545051627521
149137811
197652595
1588621139273719808
1209309205947146241
16048464
104089716
16989178
1568549248202948610
1145804205795528704
1460341392354414592
1585970414991429633
161190362
1519258053530603520
867151369211457537
1511219567938482180
1598969662376665090
2914652777
1628453121876971520
1494000769162530822
1576992187791052801
1054435486666764290
935353093176295426
2463171746
776619483670671361
1594160153787514882
1585806376189984768
1597890823160569857
186464757
59011748
2568174026
1051611082391982080
1602064205263372289
1633739811101065218
1575180862735392769
1266608792680181765
1491899670565695494
947672236873232384
1426657716571971590
871902527092121600
1619025397655506969
1085225533623783424
1602440929767526402
191197943
1069819256
1272847362738786304
1514640249720385536
1459478336783241217
1638550241585537027
1367134545745567746
1001323830613368832
56064913
897650054022012929
1274692457913962497
917617052457820161
463873010
1600478395854266368
1596132788981358592
17216994
1174385598553108487
1432134887184781316
1479281700572119040
1627383229563998211
725833142
1326253860797681669
801241206554558465
1631505383742140416
21329276
1602050416908595200
1554114300024856576
82736914
721208384402264064
1525335411949768705
1433092028909322242
988655319466131456
1611443305035796503
1080588505
1432744254426779653
1540038673810350080
1608285644639313920
994013243197874177
1308852474271461384
1599285136570228737
30043878
2853461537
1603552398647107584
853477277979611137
1621448529817239553
129434729
1519078741917458433
1427322553186541574
1467900759412989962
1472257878820016130
1122447570490527745
3081147265
1434279891495575552
1627212753860435970
1586167562659926016
1542534126598852610
1356647400136351746
1587784010918498310
1611859634851135492
855820826146463744
1417700347389296648
833510865949200384
1624547406518927360
1595189616461713415
1095997454
1602166107024113666
1618761531055042560
479734375
488801904
1519166037404528642
1601738140141719555
1619852272988557312
1623811757541142531
327038544
1591153334412623872
24431333
727843496
1593478132346114048
1589362717055410176
1344034196138979329
1581120744762839041
82912382
19118802
1562240993524854790
1468051949090009093
1578347873607061504
1614910216805425156
1432723919455367177
1611032553493872643
938074577862844418
1601635018517848064
1291304899297206278
1208479533244002309
1613318936925245443
1613305177892704256
1317353498254651393
1479533655940898821
1523851200348762117
1573710710852489216
1604851852704636928
921223039756386304
1470404355278966785
1269316544951173121
1606337474741108736
3363921843
590007490
31576925
3095130883
1613217289515503619
892772654264066048
1607046834048073728
1611108378243219460
26659680
1503097690850308097
1520921932077707272
1286804802471522305
1601212126059700226
1594130414423216129
203765582
1295899834751361024
1500015917824192512
1601062664775819265
1296495416180170753
105821134
874388780614012928
260312077
1289323376595603456
953097053256716288
1381156213413453824
1067727758183342081
1388281601813991424
986750741904744448
47437112
1495771488716304388
1511003091935514629
1135183911850582016
1473767300683599872
22594853
1273085467655888897
1272356185493123074
3028493620
1511816998312886273
1401561998610124802
1569648214428778499
1248970153976619012
2295123144
1439817777720791043
1325465266487222275
21322976
1541080396837933056
954481143939661824
1594176993972690945
524758567
169797498
2908249161
1414328650011398145
169686021
1535304975298965504
1374347426559979524
1412138522149064705
1213227521392558080
1116843178655506433
1591827670177816577
1593337545731051522
1195350374909009921
1471492798348075012
1301600163190902784
1330955362216923141
15079601
1539947315749916672
1547288279971774464
1535383272
944735930862026752
1166436288
102751250
39788487
1423338554420338688
18197011
1272922807471673351
1360986857178300416
1594572831295434752
1415459864281853954
769715436879351809
1507420938048274434
714647220268744704
1310706589033086976
1539579530381254656
1236405703675265024
53979469
2835451658
1203141520838348800
264866441
94684572
1260901407856537601
2510971294
94493980
76097248
1560611334257008640
1571260501488979968
838046850238271489
22257054
1586540352982376449
1423481403614826502
1595946252960677888
1587855837330083841
1517125714893488128
852415204092542976
1496691868247150596
1595868404866506754
755096403425144832
769801768444108800
22677397
902926941413453824
1586379227435307011
1595480872563752978
1520028377457078275
1247738828619517955
1336500614302351362
1489053987202547718
834193657028820992
429426312
25474000
1594152764992634883
1379345091467350016
1158266600694460416
25073877
1589384150783508483
1359291047600218114
75343905
37260576
1593009715017289729
2986812245
1300632815177011205
835003993289969665
1330160435144912903
1576698902065053696
1337728827565469696
31624765
1537075453630066688
1573500047945252871
841309899292323840
1450080587813990405
1200616796295847936
1478256917701087235
1336898513163218944
1590731731275059200
1481756619851677698
1489140355442245637
1584976815294226433
1590183455685365760
754185362264600577
19346335
1530545827080462337
1141503605876260865
591176528
1080855923986493440
1580920855869153280
757790357614583810
709366925609066496
1271358442234679296
18846892
985385369825890304
1482775223414198273
19996935
22703645
1325201078141464576
316958473
1187381293148966918
23551268
1216126790424502272
1297990461844463617
1430177218592923653
1528430407427010560
1525141087223939073
1300070743057760256
890265732172349440
1520835505595850760
1426979944022691840
14795463
1570821993636700161
1536820137080258561
908443588555677699
1354542510
431959851
1519142888843665408
1569467812149854210
898618222043201536
1433512215248875526
60939318
1393762557224124417
1469290162270064640
943615856101163008
1297752051519168512
1459204110255726593
3124126911
1548904101785653248
8234572
348429830
1367613750308577282
2291877818
1391266456575217668
1527623242562912257
1466798841550839809
1544745125561176066
470471565
711773241874849792
948339112305668097
1468006600090664964
1564778229059256320
1124789586239131649
950888708550643713
1423940328038584320
1088695872
1158358243166568450
2854319377
787102137054482432
1332844822504226817
1455464988403920900
191167764
4032154660
1075515767943299081
919462469956972544
978624322284802049
2968012153
1105380559314997248
2988631277
566813247
77246906
27502789
1538705932799987712
788658866015784960
1365352687873757186
1482528475240091658
1415450783181594639
1541903307295207424
1349401867500007427
2874887164
4837084598
1225441173679955970
1339251500174946305
2232869809
1192939156130807809
3204729131
1240286123005444096
28965330
1471246013512003591
3145153290
2667604818
1171088778997317633
95609464
1519397652017946625
272389253
1190399796474859520
134983635
1210147232
709483444829429760
1288698933275844608
1519006664329814016
726750375101886464
1227659480784986112
1340000277471047680
1523874179032010752
794655463250006018
28635584
23164777
855658513
3238238430
730834087506640897
1267678703024091136
1192199744845692928
784451526844674048
788879917635112961
1401003449312026629
1192164820805734400
2164014553
23011359
2871296598
899391099113963521
1402708146
1514721731025506317
1476725432334487553
1746774806
1051897115360792576
2958631419
881901759916101636
1894835022
717449149810143232
1463512682204745737
1256949603724857344
973956482436919299
1172907882058113025
1465065410194284554
1491820266032451586
906237488867328000
1436422707969765378
170319593
377075561
1519051849336303617
354613510
1187238946528350208
1436401432522002447
1246831599074803712
3300378947
1279939091417763841
16008822
746540696
1518602501284667393
1517737318857252864
1481340104912347137
1519074303328747520
436291584
545992108
491875924
1318244631549792259
1394163356278280192
505698740
1100287213324193793
2280967279
1268176274780012546
244812573
43251355
1402502498401894400
803634538555404288
1526303258410729474
1505762119265968129
1118935362691391489
1455334862395674627
2412236796
1432100349838602240
1518693807839014912
1390334020165066753
750652153
1511638273
2976867205
1215102444591550470
860697966
1356685368171630592
1526888729817894919
4928512857
776042649958637568
1409877824392122369
581301629
801271604630040577
1495867750941614086
934939294120235008
1358838398837006337
1100449787667574784
961429037058023424
1365523120434475010
933558074
1334974262789218310
627707606
788983104861982720
3078456277
1479251555815759873
1270072467260952579
79896930
734819209126023168
1915887534
971460587531087872
1362258846735953920
872579755442397189
821075510935502850
934723492515377152
4314665908
1422958515082104838
927544433163341826
1347699823219142657
1412200969723592707
28891511
899323715225178112
1279162683015589888
96780118
163731271
1241106039329742853
1517497048723075081
1326877963909013504
1484586032888750080
1015295486612291585
759933090521231360
1213199590331039744
1436111470144757760
249745263
1384613126335655940
718600146619990017
1377505043419705345
213058411
724870064407777280
882718501093257217
900288476628660224
1294399168266620937
1165033332
1426444689230766086
867858949567131649
1493248740018196481
1463263439158132739
1479613989755789319
1483925931140034560
1510445794691887106
255572138
1267129445850079234
39119446
1171060303011962880
1642952826
1311713991744512007
1256287772144332800
922233583019859968
150562768
1096813245141340161
1850955356
1012369190928420864
1391927113670856707
273576650
167920318
129629925
96777267
1399529324546453506
1499939988535980037
881170537283633156
967541001202974720
150965694
1496130585730945029
1016688846
1455629994663759876
1387369591710654473
1162529178790572034
813519943660662784
863538430575353858
1463127431007522816
959978883968880640
1274885509265973250
68599693
759233898920439808
1470677116513566720
1362833672206974977
1323637520895234048
840259375952355328
1453872031615827972
1097601557120630786
3491920095
1428198467038449665
1189631139188826113
1102750090496745472
876429676566253568
2148659671
1482721834860695554
1266074345601892354
186726826
1127730862441803777
2369059295
370406988
106828741
250345172
1629046374
1396129231583825920
1272835102914084864
1133529074813538304
1047997664309272576
1326326350307799040
553572399
450487629
1496684062185967622
1226856510849871872
1380829939
1180518564723351552
1493375513854758912
745011120553988097
1256338574011596802
1365847567972634624
1386179708535152640
1409730129157185540
265779998
25294131
1184628137814122498
1364815798569734144
503915120
1410279648123043842
3254348812
288341428
1118611948856336384
1224794022318874629
44330614
1026273547730046977
896189662737420288
2245320237
997117660667129856
1454572553226305573
1089616513328242688
4857938161
1482580319870009349
1453248909434920963
893850626354020352
1362468861082271746
1403738404144226304
55797066
1470273599055413249
1474059277731958784
1366766574003183622
2591983027
1491446654519504897
29292341
1376053354946654213
607181823
1481031488548315141
15266830
1321915498800410625
853986992
15043544
163156247
1413669159485902848
1415327786806521867
3018960919
42361118
595039053
30496479
1478775315958796294
27641442
1461697859670188034
235122381
1375497251276083200
898759943393816576
1266212050738372609
985602396712767488
494396603
57603422
628762356
1458548874897866757
1256629979309277185
1440374665801723912
358645030
3000779122
861937288904880128
1323669772891049985
1294893984989327360
1461840495517175808
1349073020795629568
900920672423075840
762387776100634624
1433213106784591872
854830559020761089
1399085507875848195
1395743256877670401
1095052657025269761
1214623371759116288
176857957
1458514620604469248
292045773
1318970681619632128
29849932
1374187147926773761
499116766
1147279001733308417
1413363471555518469
583378152
1258911559335673861
1287174742047301632
908178919773401088
1345785609034420225
73299652
961134787
1439236882001317888
1440710929130291212
1323400021446926338
895937354862665729
20736511
1468712275313844229
1482567614299844612
1346964915269996545
1468669402476429321
778672758716719104
1467608055122694145
97978123
1277750398049308678
1178449301061566465
1184203194542546945
1482555674127183879
1482492278572728321
1153042794375712770
1455690365730705409
1564453280
1448693760594956289
1481327082261164033
1476310777619521536
1321984509852717059
1314572339237908481
712345632753762305
974018022
1409613596150145027
1456416830818508802
1273448313946345474
1448030936944234508
1461511400480718851
1167157808023912448
1097296764028284929
2898714738
1109366575956660224
1668798948
1434886344355024906
71625602
1433248943962562560
1436980046737063939
407866639
324560153
1474553187361304577
1356547967348539393
4250780135
1323425937262845952
58708159
1469672932406603780
838786480894013440
1328178129991569408
1378095339165585410
703372207058087936
480876388
1434926627016826886
21614780
870130776
1401885744621363200
1268569545846865920
1460345558091145216
553259733
4501390453
1191383915434520577
60128579
1042038539800731650
1383870342070890502
797827644071018497
1456253984096735237
355743468
1105805724855078912
1316898225241075718
1472512350955528194
1297686077306621952
1252658558774251521
2384155028
1392851839809359877
753361044362371072
1167028576937480192
43254347
6331792
1393219175691214852
2432896759
1311145810667745281
1122998969859108864
1013235149000060928
2614449248
38011207
1117029768208293889
353856417
1356584767622373376
1267521694580846593
1457909498337705986
211907186
1459329972653412359
1471117337084444673
19332146
800114400614957056
24029070
1384642230149861381
554697778
1363644775
1469361383200468997
1312121905151971328
1364608517617901569
1599773058
1123978193680117761
821563519208484867
153239073
92308708
1412828876493971465
1467919679444377600
1171010790138220544
1143550593325080576
266173732
1026190333208457216
1335136703418339328
1458878759554232333
2996797754
22659569
1341922278242660352
1385849712339734531
1371967666081136640
1273026620534767622
1134282287477067776
910915506491871234
1424268995876646920
1375782267734257668
2386998684
1110936848031977477
1462859541347913728
1453505186647789570
1385859307602915335
548258435
1456764779285172230
4896137876
77379071
1368301519221751814
1029465832781492226
2784335164
1345458526441771008
108490185
30858943
1459938631414697994
1413727257542029312
888886080379944960
1432550797024403456
19251120
1350989448998219786
1458126736059731968
1409731902093803522
1456317270477660167
1424458805606223872
915189088902373376
2209700817
11515812
1679362640
1244415315183894528
176899646
366443472
871971830889926656
1438152792733011968
2413474266
24503209
1402982485198135300
264957174
1023295921130369024
4403872692
15139258
2891537955
1090941924792590336
235430607
79053827
230045952
130289637
2166101695
1235994048160075777
1284527520428314625
3198299461
1051129297514172416
228201449
1366496142683369474
1376697770191552514
1292861149382422530
1332773864
945708906256486401
1272517309937090560
1354214101212405764
1274497529258733568
1389397561514078213
461806000
71529671
85453660
981662716686405633
936084439
1425906952941576199
712111991595249664
1259676449293901824
1543721646
1317623668592300033
911364752344997888
2371428542
1413066247
1325200759147782144
825088639956836352
1244434404916654085
509384598
1422440246571061259
4645487113
1301929441707216896
961570344225079296
1224828272422391809
89330745
1382741578117120002
1353380641794998272
1325544265041256448
434436794
1318685504
529554508
1409608317110951936
24705074
28865213
3303312051
838017068
19933846
339680885
1346926038995980290
1215408369735028737
1336183227187224576
1416533195072364549
1251642753584422912
4498776677
1432757279468638208
3393521
1445112382460547075
801104688028467200
39844876
245850555
1335159980207579136
3972215427
1307129325548974080
1293039197226442758
1413213371101548553
1095790874947141632
20031359
1429511671031152651
952756536786395136
403274132
705965094933557248
860373421909090305
1430616435584212995
1283450112799387648
962124188466253824
246039557
1380162551258972170
53746806
1317239145715142658
465557388
33068703
868580828
1114658130816794626
1208257451285524480
1076985997454442503
956810950333685760
1404952786190602240
853075660885172224
26956404
757159999
940069106115420160
1291347136026759168
1367562856460394500
26755296
1021130041
12323342
783479225282101248
821466972646998022
1365086833969889283
3353554618
384599899
14966324
1299528498516840448
1015795214227820544
1194401462585102336
883065986
1188122656186556416
3002408579
814104893501935616
118199397
1346979198938869762
825027635163959296
1384937665561341953
1348305277368610825
1001670572386988033
811926834
895095916301918208
450369483
1101315010180071425
1162034274847137792
370455011
975321056356519936
1411321590671892480
28734175
1053288268182089730
192996893
825045682637664260
506559160
71857191
994366216029454336
1399129452253224965
1198586353
1141173745928888320
1187772776939212800
2216951250
3551827156
2214558306
7622102
966373802862104576
1258510312568913927
1121360228
1251761897558417408
1245497722888650754
261340424
24962792
3365083340
756945394978787328
1048605511648653312
1394697605859381257
1395079580365598728
1375565561581731841
1207951662553477121
260904887
1346254675289362433
952058498644287488
1336500407858851840
104170082
1126855475125866497
256804632
857232147626721282
1071209718331437061
893545198885711872
799900703917543424
976972086647324677
249661746
1244325815610998785
75769827
1307153489332596736
71384704
2436321511
1242217315606786049
1311548753929592840
1115335918758453248
56879907
1260579863741763589
1186516851439931392
1343920158637756419
17926360
114125432
1277835595029426181
365319416
803349699491049472
1324088403818926083
2379182562
775276850843123712
12955552
1190869383809290240
1324394934649147392
1047863118284693505
2761234928
1311137493358608384
1898295032
388647780
936624373192151040
1266419818653237249
1156654603028586496
1347267534182096905
1097772101128343553
835300519384055808
963254235029786624
1071768756626571267
1065324188632780800
964262834849841153
1128950490719490049
1373014288445673472
2815850322
711640369134497792
1371540575665684482
1290264620184330241
230867960
1058063368806838273
1128871598
891830581599891458
1347324013727641601
338426064
234619642
4419658655
1584035035
1222027854109663237
2440127498
1268306100337569792
260284383
1368594236543762433
1254939598112927744
1368693922495664132
509331424
256426166
447280926
4155673949
2779896032
856684007584485376
954021544308690947
412833880
819365727299862528
1358105401292587008
710681931000651776
880541152218419205
873926472863432704
580398317
1299181042792882177
784089439760973824
1069665864352452611
1180510286584913920
1337999055914491905
845853967393456128
43496488
955177491861295106
2712978653
914211127021641728
1347677764401455105
993178621668937734
204823164
357084940
1338707865318662145
1188698047670341632
1285999398246326275
1278698967052713984
1075780163680428034
1136150643070996480
1035694787150704640
865095797431427075
3776062282
4890087124
512711779
1253833857285193728
114342340
1151676636825313280
75184478
24222232
887179847277187074
24265290
863437711
232880029
1035389658052481024
33666920
517901851
1056033851544350720
1110845932608856064
274644175
789419896169955328
551496947
801225653907505152
764245447661740032
894065720128135168
1120690717054128128
384953110
739610364975808513
1310599231766433793
1187483654315900928
777950228183977984
1239742919583686660
1180460202815938561
1240773763592904704
220235149
1312250344680767490
904377342818123776
1308624750252564480
3060473583
19852289
767775566909014017
3603840433
1153441182313308161
323963398
1159905984837488640
1238231237816397825
1031732939955023872
146303896
1059303506522320897
1228069941787512832
96121078
1286647218842238989
1276458995423703040
338291677
1407855932
1302356247925137409
1638480757
1181469874398400512
32891358
955968365562028032
53544165
814966575161810945
33110762
1267887568286289925
999414888270319623
24082975
835970679069605889
2157854408
944942729238212608
713387449
24275154
243786482
2411508091
2306593063
1298034866055819271
320319435
2243556022
1242717135115190272
894661013987086337
1143945821240492034
1288158396135247872
1275232337844826112
2541187717
776952072495259648
785310468260921345
13693262
1047690136211935232
1175406585994194944
1090075611521941509
546673808
1047675419858817024
1078740550268928001
43448611
844072058044604416
29160247
850573811443314690
276911103
108410407
1095607314
354468522
1282920297784434689
3450627195
1203448778948317184
239557942
20394822
46238620
1417831705
1219693921023987712
3102537224
944909653
1260044198851612673
208215818
840021985
936679192485228544
4508367106
782367417938747392
845465500398338051
5970302
1286866071283093504
1242075774540296198
4192179905
146258696
735319175690878976
1253236700
963916778308022272
394218577
1018661647525793792
274518275
1269752153922551810
3588756259
1269348875070066689
2202279520
1152697504036769792
1048765165339070465
1267910873202528260
2306442428
966189706873659392
23693061
16913193
728945540
925875607
972972614523158528
1199576418595721216
796079743275831298
1123402212678492165
24749742
990043728344748036
1241793178065424384
1137963146386108416
853443305593614337
2185879788
767543023681040384
1250073733227843585
881488341912346624
1150012520163188741
1211010212649304064
1203366190946508800
710901403343056896
18768937
839191533937053697
1117977131982704640
14116588
960616596099121152
1170376061319811072
1242288602932887552
1455620113
1236771875172343809
1031931210086461440
63257516
1167036287435575297
36458871
1429502875
1049417383390003201
3323847303
931713696337944576
312477483
1028709919602696192
1218336944335347712
3298490606
13796312
276088865
1209303953898450944
1004941619655737348
1226960868132286464
797586696984522752
1075572239242813440
1222392268205838339
1195390566168707074
1221995649308061698
839186735548489732
1226995513129611264
1226744019075682307
1225610576107204608
4491301093
780515679887724544
1603727436
1237098402
1076218961405071361
2260324245
901944113771274240
2782468024
914890931488227328
468934502
177426669
881682608698032128
2836630828
1205890371986841602
3691536800
34263051
951382338
3349572312
15227278
825606755895934976
4635078983
1208582306509836289
897956568
1262818375
2809256199
443388787
833085666615439361
3167930971
16106484
888432049920626688
1115594813749911552
3269306047
3301531449
738158175749341184
1081371932
1129255159362654208
166444780
326932615
1196878545433313280
1145429843401695233
1087528984831770624
366198598
1189985772482510850
375970444
231894461
452524592
1105191187844079616
46112016
755827357911552000
141681670
946392244579389440
1175513612816977925
1012795873942757377
755208809333882881
907760571461849088
60355726
23000204
2189697402
996190793315516416
938994922547421189
1190015021692014592
3990022881
44595784
1148938355943661569
1091103098876186624
1096652448503087105
1031735446546538496
1112018017943080960
1962979080
905828472777572353
795662610708369408
1184570418511917057
730064022716993537
988535662973411328
1646300622
1170143727576342528
1179085067122929669
872889308
820333986534793216
1172663976670502912
718537258534461442
1022861444
1074756099973234697
184545819
884014777990864896
1162695048028446720
92771077
788537929593421824
83189866
1127960424102735872
750399018
4827531214
995431365888929792
1090663381923758080
1152610161166573569
1012776873925992450
820313327242866688
989347624246427649
132417377
1145964776096501761
3219093568
1150978953487761409
37949533
971498870772584448
2327176585
864940972152688642
790419999101825024
1147200661819396097
1107934593779490816
1094336853434687489
1116606295086211072
758307228898254848
1072342620024815622
59777118
1075489685034725376
615460209
865223780502732800
884428714196467713
92695303
1140639051860664322
895118556504797185
2885830039
1074854063202807808
1129858010346659840
2652869926
712976695
2311008710
960880673430130688
838421517880950785
1101055409337462784
325979892
713349508134936576
703268755133100032
747930487885279232
1112990088089071616
3185403493
1036920023111979008
2328224209
970261376571793409
329143901
1130891582482276352
1103944164817854464
1125768868377636864
3442977677
135376922
2347645945
59956080
1269955592
3123219290
2713421296
3698097080
1092953179917033472
1126979073895469056
153963541
1101000636512886785
1066999792402722816
1024595859697266688
708827623154028545
755602366062133248
323008016
340064536
2999909453
62409662
828976794002931712
390779926
1124118804127207425
190807924
1123640097717485568
102150010
1121405495833759744
745670006424338432
3041137959
878973020794109954
571032079
1122965830348701696
2585573688
934841731123695617
1047556683000700928
33236909
1120769983418646529
1036026416201003008
880502015096492032
786188574810968064
991625866705850370
35437789
2470392667
334679438
849229357386047489
1189304569
948599888962572289
107905668
925095464290041858
1115172167312744448
178555145
908337552914042880
922163414390181889
900105178254368768
2938701128
107157598
744508624735604744
311903342
39017735
2246299058
1111813560492060678
2897234008
1694947778
865225293841158145
160559960
3177515983
1111207326667718656
868570375268913153
106250866
754749470
4865594137
1045049396289785861
787343758660608000
399062048
71063553
67453149
862365271415111680
273764553
207612822
157492140
921923245
2849022456
732705417793429505
289600935
952817900301172738
943908147537895424
696852410602369025
704124038835212288
3479268617
40939309
1100597038633418752
966836251402866694
887724725572698112
74389807
969586812
817379985455345664
817508345775067137
814730968682680320
939677877330677761
1096189997370298368
1156970700
3277735788
823886686220382208
47947858
807049310
1285816494
804517574578962432
1034611569601200129
1187661398
723539075697926144
2168348689
2616207265
779692213970178048
824354561095847938
927334998859907072
532602984
2547873956
953792215326785536
1406382151
840795009309794304
719899306602455041
1101211744586874881
82397508
4168430639
1045515617787232258
14800131
536065674
14703583
3171211230
1050186119520931846
1084835764255555586
1032297978940346368
1084911963317112832
510454988
2958091627
1720414320
794862993553047553
946500085545914368
703738292290887682
798754988
43091076
2257558088
160541914
4375340800
2250094752
780493799671812096
1518490466
48114116
226413309
474468460
736348827138002944
398539457
709973837
859387057
261864009
21380658
87761551
38731505
1063603025913307136
989211257520775168
3100650265
1090422420106870784
1026005243602063363
2965129619
1087417364424073216
2296977576
212302405
22663306
782176268892549120
773498208
2624704023
1534962612
1053652925996765184
63690441
917849702
1041722085373038592
1129147332
2817108419
275221156
4863621565
2218437631
483478741
1084433104708780033
948391038242164737
3190067616
201671003
781915888563859456
779850331131777024
890630951100792832
32663555
4086750921
1081965063664209921
2882717190
151505229
82933172
1078490433473470464
1077419713087582208
2287174852
3074941626
827657976
746851057725210625
248232279
2544906864
35937256
2317810249
1058493108621590529
935876628323950592
45744410
742004149177438209
1071863105599221760
2607290564
3003581225
20404334
17790116
872773916519018496
2284614762
1063233654971756545
914406954226855937
14512842
213072536
22095918
1039571718480818177
979700483853029377
1621053060
864630988562935808
737925001
968731672169590787
1069422303816138752
245641059
1069720356552916996
757709612422303744
1064650195131076608
948600743849639936
988526672742830080
2334020290
1025214767865253888
458720364
779437137879982081
50397179
17016864
3948409287
22875765
880208209750970369
1015957168313417728
25172565
494109515
711244036368048128
1012271287
3486419713
397001858
1065464553901883392
980087338423541761
1175697056
1023237049044873216
1480945086
1564327968
899121284
1379501748
821070953933312001
791096589712523264
3276085620
3447710843
818467075
3400588109
2506105998
818085929747353600
56167041
847815279715512320
373495753
946148928470347776
872837836160020481
1120481726
1952294502
229240058
2484821442
568679268
2382281029
780819939284221952
781435925595353088
1395766692
4002396939
2569098660
213283300
15528000
824883552349147136
705924930618200064
823261267175555073
3355547532
3086540090
759159420970422272
889582208557731840
800761640
437523126
2385841031
1585580743
787243415708823552
2860819347
822375006
993728773483827201
824342652443193345
1375629385
62749239
621266002
2691420037
723297972885291010
26146368
901860458734514177
220898101
15891455
25123197
788131075318910976
423498559
864606266286628865
1632426716
801496513126006785
1050430066214297600
30917412
946674980
771007943051476993
868436205121163264
135251922
2241666690
817442159381069824
818856331096498176
834879092801560577
102024184
2995412232
787376392333844480
931935264154554368
914251379643961345
2780122695
3106194677
28578720
971509219995262976
1052679324808167429
1851479112
1137331460
859829724163567616
2792180157
1072056308
18408561
18989862
14262228
819196040024879104
344510772
544528318
84572885
955260756521562112
726716786427727872
2482854690
261228391
280181205
53335311
836740363494752256
978299227439882240
467208252
1052930009403445248
887227062389493760
1033841680523264000
3915420798
4516171573
169385200
2973647745
219406771
2401215575
847675222169800704
18856867
763513600929521665
213002883
1016203122
959553390480048128
30638650
2495611032
394806633
824898129631727622
1426593697
346501227
4837039042
1014624624
716656332384964608
413573569
3020230232
234156628
2808426647
38565703
788717662088159236
107369075
1017520400438317056
4521330855
891750143392743424
2294762225
588805592
558874669
2991909932
33611318
385119466
1512119299
3283725121
1028698475876122625
1511063588
3547767016
327659422
435377536
47267129
193050521
459127508
76003533
751784319442644992
717882725479407616
4318722635
135058233
1487762204
826801253925650433
3240170970
1046935582239145985
2384070577
529977327
356603227
827062154327101440
2259421699
17749386
4871096265
63323801
3419315413
1045852675068350471
754373634320310272
874971917735915520
17404887
4513847959
1639064071
1045381238347853825
233698683
33198161
259495006
18070661
3084808950
2337255468
17921653
706362246683734016
865756871692570629
129741541
455881009
922465270949646336
822499242338095108
22048382
825805951487733760
3168470535
179227646
31063584
145650202
970284021346373632
998094623913361408
227125339
411437818
16798086
3139716841
1674467389
949994087008129024
1037276719
877241659
798004232288956416
2711923696
1737298574
993344382769152000
1040995964612272130
434573147
325152462
4638036023
968297744480681985
4257634992
723981330929721345
2926988390
2975906151
1037111155297316864
2377539780
972979942081351681
487838342
1513374212
66837921
934443084263448577
855096086
19019018
795337060785631232
805431320448860160
724086194
2314144465
2981722035
982884842
766382211167821825
18248170
732795673
2872639048
266294331
900628651867160576
3820556896
2451596880
97483082
18964256
1032378691165282304
614800638
70178057
916873716713193472
899287816454103041
2335805793
988611729553846272
20929393
34251471
73399838
816434155605164032
1030168392995618817
125346989
976558392570507265
3287012310
1961269710
984442789093093377
1022224921076805632
762882690886447104
172373546
2623640399
1026142277033492480
2221734764
954614844
296150557
756646335248470017
204265518
117235113
820043661463453697
1044638659620810752
1470825192
563946002
3171419449
2169974792
984808125193687042
2185783205
2535064021
922612885553065984
823915874612629506
1485146197
564464047
96082963
846992959350476800
861381115
971967083687784448
1039613623876952064
128651191
309959659
84846698
468918857
874685227
19544418
489020222
828054799610437632
342011546
1012562952
942296491242037248
384939701
2878707997
803333155084124160
935365484718931969
889993526427123713
20436543
28101276
430393594
2527212882
541551391
756672399689519105
991997852141441024
466822109
1139276808
264035321
792906569310670848
4493409281
2565527365
875043431508303877
2553408986
2971378187
201989602
1066299410
882864377468260352
258546551
45968339
888240451
282191384
954890127905644545
1123712497
1044636610615218176
725860118097698816
900049151991459840
893606232002412544
758790435917615104
2537405465
2952909383
971540501089234944
328440716
385178828
799875319670964224
296108274
186954290
15799237
2737439639
24282590
582258616
244035861
44431902
823479672797274114
1013736150996013058
35567713
1013266149826531330
9376622
951510496221499393
420128051
898823055300014080
64749038
33513219
1042153125468024832
1020668344175923202
872217036738502656
270633735
702330854
990970566013210625
203172176
2494049731
1040085744633700352
957630142607708160
960971835755114496
703710223945613312
3317982962
3100089282
31046750
186570712
961889905092845568
838444107571859456
2816449607
1392951560
705494417465999360
314548237
1039651024095666177
778175941910601728
3073937430
14604938
797161046150549505
2298722492
50948136
243087831
862789836469555200
246446375
1688309131
633299317
815891575859462144
19670084
19479214
3434430759
1572884653
1242591
27878996
845466153761685505
733964028
497382276
1035208933240008704
976152536200761344
768281802767147008
4476673513
201737749
943273399513575424
2273656190
926729971858595841
3078942992
532046218
3761046317
772544935346176001
986969288266436610
41093722
867922154259656704
925779741340327936
867245421256749057
757763541738790912
94362332
789655192358625280
926586493644128256
943716203385761792
4427112040
763462543306129408
3433483923
3168663944
2749837045
349294002
105670601
598839302
2371289456
378961257
219432936
365621693
953333224654094336
883545671688527876
1029950004029353985
97925525
988538886610739201
204003411
3226081491
730141801881853952
883670126289190913
530994160
119771879
67948510
898083124034158592
1032070851099865089
263259788
1424615312
808057238581612544
172852209
775167048057888769
2521949855
21506324
570867466
832248890955091969
21564446
829587313403559937
926414306257747968
1002665862841733120
1017916772354351104
116634902
984353483263479808
556025162
45774895
724755506137563137
1028376320076591105
925172567404621825
1016260688
805490995081187328
19785168
2944999052
1009683475471843328
758118360353734656
2968144156
118236353
737474932607614977
379082219
526431505
4737965237
903396856776011779
1030779086853963776
805400955009241088
1010147876578656256
95188073
602041535
549722094
2547796205
974485797419343872
2177395602
2597034542
2500157240
3641968099
718167540
71095237
842950469483872257
373697982
916955203668271104
23683237
898601947376254978
789670318579351552
1374960906
1446819578
34973241
529589786
465854208
398735467
1559227633
3225776802
225818379
1347336002
17145475
15498851
816246432
904768582105653250
1011019441725898752
389589178
493609382
38113282
1943076944
946385979966816257
1238883301
48231615
981322999855857664
44868806
849814187702452224
17926495
1032183776393216000
4297338075
107495715
3260049157
97381268
1003123692698767360
923329144947200000
940793971982438401
860181553607053316
728466144173031424
381814625
16664512
720052030
996206171273990146
42935247
946480707836182528
16999554
856406161
161644944
786277726923530240
941922400748343296
905146660321406976
2460123559
951203090006290432
404340373
722905651349852160
815221899483451392
730074470010982402
26444321
940907257029693440
3146634482
1023655429514190848
832693445697212418
1273049221
939328213490077696
199805985
543787174
846595152
1442360178
931296693567533058
1012391840467779584
854390772
356199275
731649894805463040
21360280
286293850
887892684
3025079236
2419007594
901928416487686144
956538886456520705
128669762
884805792
918628111272546304
1074529698
213346399
825332512532475904
45759801
996255640451301376
30462034
2601445215
2151070835
433933134
415349205
880474475829055489
22768457
183520216
101395252
29082715
1841366402
28448570
198125236
36959772
55083909
968602437509578752
53332427
936629768744615936
790629748024029184
3249282368
1013570288242581512
731128170414546944
15668317
239996007
365777366
1851962017
2729773861
873156342063796224
23553877
260837279
20281328
1514294240
2282457000
2353937130
977695071096262658
2869686073
60629480
826612819315548161
776634607982764032
998764606481936384
421613307
893863539697373184
447200783
43753976
696081776184205312
922924610600951813
14280977
836338548924002304
901176328984158208
842124835245416452
761604743827365888
1011831596314386432
972315792074330112
930445050
802298213642317824
2230946606
17558880
889855602612219904
18224041
470270097
902057142
482030273
256543090
2355613906
20216723
807727243179032576
1620456367
4311330863
3051101934
1891778234
802042941959045120
1024832168768483328
195891213
960398836245114880
954529598112399364
266731539
80152815
2288782318
110776519
32584923
979401788
819216620321206272
1022901001337024512
794857530111442944
1018687970
407223771
854121167405371392
742369903500361732
89258328
142339174
2208055124
94384054
3018227468
819494468
84788121
954425333532381185
860923356366766080
48076581
987328261
920027058310221824
958805877817069570
16573724
1026494297112236033
1837143518
70591148
972637334775582720
909200696154537985
1430508206
706541040556220416
2253409152
290654084
446132609
824801229930954754
173609155
953111414801141762
779563097237303296
354593834
822231398111006720
764261361044037632
751281974
3122332185
1008384135575023616
1000759300074061824
18256926
498504028
983753228
916373857044398080
318177415
27094620
2391884046
432856706
925039786343256064
58137241
758821530180608000
822276097014460416
951078925056307200
801240103
973138098161819648
976145657844129798
1040359292
984154248433762304
820363149073416193
829018756441632771
399070679
57797961
144169432
2465418073
899552364
992161664114999298
979508219868573697
2948979533
817737923307118592
100631362
60696995
1014779621571690497
4371416542
872782286
2772915855
830424165236822016
739762692
931668199
749250326
953778082531495937
62513435
785529636935512066
783959197788450816
903313767596822528
2412051059
831365195205324800
175922375
1022501982773243906
262929981
1009588379640528897
617062703
950437412701982721
88457457
778590987169910786
937370671100956678
971157641912229888
3189093031
196432217
70594393
57066215
4258194688
389416399
2776821780
711920732691931136
2453037228
82541664
613285699
1007627559532720130
302720798
1005263108032507905
57768381
818236421831938049
344373492
24346022
429866189
806628036997062656
42921306
781182627663360000
1011244485500645377
341564968
940970246856421378
2707566722
85594357
898245806985170944
998666125369016320
337113210
457649299
3315464599
3438614458
921942782
106927772
519587089
3950834446
4160794887
2227159730
3119845417
378605251
1894605319
219803781
755425272795652097
90294470
2302541540
2416597188
344381160
839131344
1434677276
871620130425491456
3553641629
972654691434692609
2673939073
2580947641
528999980
767391688708988928
3385499955
3092479845
919323850126405632
4313790879
49738212
988644297586151424
1285967594
861629573284347904
45895231
58112623
530935695
4399418536
976428672411488256
2743077318
48606399
971517074215456768
419789125
84219973
105568150
16841073
3282973915
3381571155
850888344888377344
908148518350737408
1563063560
945160927745396736
891151336904900609
146894218
101971722
1000441838
40608361
1903979034
63312404
961118954742861824
2437126400
903101966540255233
880611732133171201
463336176
1880221788
875030293333372929
882746427658575872
849858096012906496
3063990535
792502038131245056
18826975
1572145735
4745217187
924236569577271296
2504132706
311165745
1058515482
1018253189160886274
2634489965
737281302639022080
140526538
264321594
1915465831
2989281194
986987816
28273116
830739417258192897
560864344
817882305549242369
451585191
526000287
802939940220846080
21374227
1017457885763141632
2215324533
231086774
714099594813181952
784934719871815680
991839553555181568
34373064
822519807648075777
119295989
709412284335005696
822649128782102530
18927448
325593192
123724211
179756722
372091441
3073312782
126786334
339964462
29595190
263520606
16210895
810629004998963201
3289944369
938131338690887680
3226812121
813473555572670464
634070870
781570994599231492
809532486728486912
816171858546393093
149433931
94635442
892834273211949062
330711686
853856892
138252648
961440121
989133270087491584
22734996
472132412
712821527310442496
916078850127175680
961357741586558977
347514320
229654047
836757182737678340
806347865073315844
2184606588
247596099
791105348421709824
2292880440
2165896891
719773125819412480
1402978555
383125195
937639603468754945
992878608405250048
782302527412801536
532358773
735982393
808660508169699328
264314347
956476459
496275821
1013285413098868737
808637789776515072
994248527281770497
25201622
833492796107481090
387278657
402836420
937360179925884928
1013107787402969088
955079599104430081
1629244514
2832326409
241124893
967205378759864320
133135716
997503485707943937
821154909072527360
891594624
760293057929420803
435099091
2771654616
606403456
27831941
724538493624414209
3190385861
882714227248680961
1011896409153523712
1011113083144691713
1491745206
53762268
710820197934870528
426749455
1000005190995599360
792236584808681472
1009274285142179841
985704732189712384
796910319591428096
476255114
332852165
2335700454
827606368219779079
165869956
868307989379170304
859960983367946240
1009916540815278080
283855010
225439058
3863499922
84894878
567961934
206003710
28954644
2828927212
1005181884064829441
992523354694475776
2885866624
747056589488553984
2856933754
414725701
953473425732812801
328731996
1007302196801785856
978819724086824961
989975907023536128
946476448373645312
106041193
527121800
822508745028673536
825155070920531968
810177238645800960
3068837529
884103148067057664
2944864794
928996263957352448
890622323593588736
19955430
18460100
14137084
41967688
399086001
1732089247
606034920
23409239
997478653155045377
1362666067
27164642
53825882
524176313
32931732
807018192606494720
40056432
249918934
863727973039472640
820028642893897728
792053667004383232
963789929179467777
181362647
373806014
481807928
603556573
871554669629276164
565564688
1046948570
996762951112675332
944302712
398027257
814159584030052354
2242008119
2273841218
269149295
1381206212
356369748
937850410529783808
928107532861755393
952704410051805185
998275672756846592
542849497
824298458861412352
480428249
726769869782437888
820174013867720704
2470463042
23675978
4075648563
1390776902
22062522
864825685185089536
1727668796
2760339423
518074227
2223820139
129308833
934131601771986944
1323339048
557359031
1004386700116799489
63193918
224760385
981385694676385799
3427962981
3788718433
894190837185224704
454513795
822967841561382912
1040078713
2340815592
2953614213
100030534
248213023
366930788
3994162392
1000730914236743680
3261962041
163305275
810767070
1003653904842846211
100109651
17906606
511108114
752225202583461888
963198152353439744
1491139050
799416577
2474174204
40153378
1000141948269678592
914590137174167552
976926866178281473
958776527994400769
3074885050
758139361070227456
985084435216429056
959505157095673856
555648745
129037428
4793894052
33048690
275228730
4815903695
45971460
78690358
823750919468810245
792069467878588416
957943895345811456
818612851392679938
3311989105
1102259054
16494054
2280987522
2248147020
970713428296810501
959882849267736577
768937834421981184
600640132
838132337950875648
543772522
774700237558546435
27136159
769291590862905344
985596480374431744
995851864578052096
764211127
947211055922581505
1966084694
953041281520779264
4730243538
26270947
5474222
2151601592
333790862
41940890
573714001
828373879181676545
473439817
990078319965057024
166855904
751701858
1263202135
195260651
789588391448940544
373540433
842504776688549892
17489653
111596475
29244926
1107466603
929871882567995392
863912208
345257544
3240318743
36373566
4052930832
819990286956986368
22264384
825140400780431360
832336297641512960
67700346
90724832
885297007308414976
940523494286045184
922672479755165696
632265288
924200250956484608
553440611
11454572
799111347111751680
1276652162
903752441706844160
83190828
800095074319147008
2205862450
615370696
207175934
887835609796050944
247268878
759921606655299584
121299797
131946141
384237928
841075560319086592
617832072
413443904
94951953
958620739057299457
950073754000003073
2878478922
890566819
40625585
552362937
990572791677276160
903374506596507649
756001892405170176
2861543046
739113144761651200
2742001128
3180036562
467863687
980049145741312000
988190144799825921
2277971352
885933012
32646466
54800309
962054752526675968
871528267563585538
2240681928
940295677283680258
765648732507471872
588676346
843174535453057024
871065092049207296
2999297760
1520532516
41677388
882683012747362306
2736663346
785812924321247232
78078663
912870225716109312
2989082161
137286931
928660866
3198097682
875145677491359749
756888781051920386
717927628242444288
418777242
16496518
849428058901811202
718396304
274347607
27784580
33692477
769100666698657793
848499162052259841
988618563157151745
985580779
57520203
934899790386794496
2652807043
908412746
3045049099
84489844
521733249
2854117936
599804637
988463808644513793
824636766116335617
2801629168
828066182209085440
136095678
1475843268
822957032932249600
913969762996166656
4406212280
390430596
868419680389791744
843509945551134720
792419333603459072
4718047119
3403637675
189287622
804468998003916800
913164343692345344
959117706258796545
4556567547
973353095366287360
983483059428261889
2934786987
3182205378
31619354
894988135985172480
2941870487
381031095
793990183775596544
20754230
861643178
29554231
1050057278
540819525
3445648231
883370717412298752
1599141961
952116686819295232
234578556
950085547610988544
28934569
842725171597336576
191441975
304123273
930467156373815296
93401077
2525262385
41609396
890942730381148162
165203100
950214773454487552
880937559169392642
940762073335828481
3517612832
985125233408512000
40740639
972341977407569920
451273982
863100389947736065
3432851884
717529891680313345
799392706883633152
948688862
433504804
191310975
2890965594
4060755724
56864112
181841655
4831095244
90684259
718171019534409728
102808414
37144164
899048989835706368
250477443
747513995096055808
751798226
838203047104765952
3289838898
27752212
26876136
492991594
2187248892
36266913
768199352196005888
854106105282269185
799674011546357761
715354484403253248
1942539883
1465576646
948011364639010816
249508009
437658863
397465217
908167165571768320
4913810798
111383010
394349504
184907477
980982389944942592
934629142452211712
826129656856207360
2535321252
238015192
876656678
25445304
193533914
786653916951900160
637377175
29615853
2587709263
67749415
3072815488
2660094344
886810743127060480
22901723
548525022
803999437
739086194244497408
1024184989
781001334
22551209
51333535
3140800256
955592287131758593
36612159
198227892
953335816012656643
702269689628590081
375916477
759847041396645888
931615306396692480
130535195
897793497016795136
100594799
2408676823
830911224854425600
2991660165
1161525486
4408837702
827570782083567616
842378744
40587059
36087877
35268920
18087450
932223205875449857
707625222141181952
834180519143362560
30080685
823841989267312644
94132483
823992597228244995
704458428438208513
3296012598
3128434338
53704305
818817845475835904
2423313283
812743255167270917
428395688
3115778042
758830577663418372
865236475100704768
794170152
1008847868
882648784622235650
946845681230237699
762050459779465216
208732393
4064093608
788143044121899008
808491850407493632
479156428
929000438162214913
3090520865
15693450
141832651
746367431388585984
2941174578
895286614431346688
900967873
704707055190282240
955940127817195520
972265598813061121
2339677490
140454427
1029962912
2471135371
945660918872068098
248631084
44532808
870908840
1607390360
466883028
1642907485
562516758
414486149
923670084308094976
36735694
447419609
20592886
708789388969259008
197996907
896907721676541952
85106402
443924415
973396999646208000
181385962
25975551
352429706
4056983819
940430173517811714
972681114295898113
2372229353
1033883772
946442993208299522
4503119260
774631928745951232
785626002474930176
1306618429
941133568931012608
549372027
2345891011
92284042
57949883
22409500
869976631280099329
970884857126506496
860835528328880128
100744598
2573729642
4906180313
2935987799
954548276140953600
865217586132332544
807399219862458368
3304499628
265776670
740889146378625024
4120443976
67519589
25169797
979448671
41778460
985931431
3937940121
1235422453
2984880114
901897162232971264
827944764062445570
944623948750311425
846481482206076933
962025118259208192
38244798
114185479
14246913
776392704146214914
3017752532
882046183580893184
966491835802832896
928094831875952640
960326981224161280
955155203413569536
575712361
2947516651
259495952
4818277768
784878537794809860
386447982
18851351
3482966654
28817454
904304628
281373704
947244260214046720
949092599796711425
1397458164
309558781
10039022
959632069805527040
845683527836487680
758135077406662656
3080315105
3402488595
184583809
88210310
200358420
939301086934061057
802623208704741376
480070774
810989712143810560
22545083
1283445542
33332251
1344387942
932821070285103105
774893842780696577
2475024848
4922329698
21656178
954243197684932608
115450078
405172788
177258200
191213034
763208946249113600
3345484813
3296504462
788747866042994688
323293230
30604083
932358848492589056
275138361
972241176278503424
830600523430629376
796545492599586816
914890855604989953
955615868771356672
895636674440343552
2948721975
16106016
393903843
594990097
127004293
915591758007894016
971771840304701440
1961754469
179280878
2801634728
4767621552
17702970
963969214984937473
816690756769480705
68731210
698552537155248129
904353523663503360
104883690
2918587456
277534750
956373821786935302
1471766216
28152896
709430994
19816887
856437206
2613859704
2972957083
949035848858677248
2302608836
235021932
406483952
2618671912
832361611
43873770
1923996253
198512092
844253741620457472
960723539866288128
786121001901789185
32400683
921510933410787328
870767375146033153
816849300969885696
2943351271
967451771563053056
461780457
2863716447
830328267055968257
2176950588
969318211
940667507349716992
102275449
941866898672799746
1717324226
3951563303
927689830732984320
309109852
833771176300277761
955809216152920065
1023649345
956815969
822462665910063105
3001575177
812130883020800001
875257867829354496
838910896151937024
849456212
959280361061498882
795356046059601920
862465856240050176
19290986
350109509
556969755
34409451
906942091
317373578
893180875009142784
872603695732674565
943914025695481856
4197137284
2821296191
792413003312279552
1905419828
966493493282533377
370505597
2351934614
1609564021
799287737388072960
541352156
1674142795
764919311219646464
821541662677667840
2963995962
965449397717749760
911779843070558208
20791516
880814133721128960
839099917121511425
1714004610
56261173
873470130558308353
35215486
954179273157369856
745696520666812417
2857313947
957096646038511616
863693749
115427443
940711985989275648
82699282
4880610373
796102407252037634
924349063117520896
707147983415025664
2579834408
52612163
59141515
720846643726131200
925155270115954690
716109156126593024
927993754841178112
494395760
42930536
28102676
931959488487104512
931376700629196800
94336415
551922664
912058970340196352
2203224031
3055633561
860729324
964574522513829888
953780887908487169
965693540150988805
144705238
787280636230897664
243082212
244383132
840710502
330507831
882281863196405760
105355215
358508008
195002700
919952269721792512
966315374542192640
525636026
20430112
1906951
3302109098
3828340992
908740727336660992
785101109371113473
707334661316345860
4498577661
710659733233905664
1409084934
10259352
1220041100
818417228
966446051652718592
4064326155
907092403445571585
946910718879662080
822126555296100353
3267456386
44232915
954238223433306112
408299234
60931748
852699769164058624
4880823175
957343018855649281
882274284428816384
547143716
805224049
32646616
203112207
36206194
733315234820063232
21116709
2335860865
546194861
788421996916903940
742953715418730496
920006546829975553
907432893676273664
120935923
264544779
913539750149070849
796326509170475008
21398494
880581415238332417
2251622563
47725219
821690284874547201
224311930
878454395037462529
2298194564
928032200234221568
964889394850119680
926158148053893120
550653398
885208683352817664
735133260
299216519
4700226811
22261699
840259644350185472
41884868
765206378063466497
1368012684
889222072001597440
2697051646
4855731869
818161552150958080
952721619344134144
1216957579
929111392980033536
26241427
1084468364
70189800
16325218
869052222759424000
605802201
759257609434202112
4925156092
27114965
59736485
744005895340752896
19204459
705204981645725698
14317519
37351017
12648862
386092701
596032264
831636585884033025
757446816870830080
1393642958
728831600985673728
285799638
3002000970
2631156490
801445743454289920
1387798632
803424755382681600
283549956
289326592
283215530
801806997884702721
2323913196
883063103809781760
924717082951999488
243464401
822947066229846017
496299440
928380340812513280
134564198
456104558
829833949711052805
31136655
786801979053924352
26643629
3260399730
937039518795829248
727660295812845568
829855370021576704
2873973494
538588302
783548518476705792
3554529315
1344409772
2396790271
927850291969642496
809560867125788672
421324707
869176992
4076789116
846278138
42936725
761618247431118848
823368303259226112
34768611
29981528
896216453526896640
728443205557964800
435958880
382301240
797228771619336192
637158833
18392243
868234545337745408
10770212
48439637
1864823586
714479834
719207931691012096
1173135816
27800134
3315840117
816736590412337158
2523232337
3892911012
243084105
1365122491
823238304183283712
326462385
370182558
703342708258152448
4860773571
4357732275
952083659682562048
531574692
3408782411
3266526451
938406632312197120
703724985215356928
823839719335161856
46900014
113092693
3306173819
894450550032519170
738875921093042176
720692363539165184
1429245848
831752260921200641
3772561752
2638470127
705549297
827886950199750656
216920220
830970238317498368
865397624525815809
927005934462758912
928734780731953153
826888311176364032
726981445034586112
23765391
809634353391271936
845070010720542720
758062091878227968
885981226120732672
192230195
952588737791262720
21814410
3995778614
405066164
3091382410
952672248896212992
950901781541695488
861387236
785982771944525825
249452591
850531677231345664
333631672
18047064
2184099044
16253962
2567499386
3304598014
240219514
125113433
806249173532217344
621521119
21791956
856257435622834179
951408606624153601
876558726769123329
24311148
14684198
1414554811
941354604008177666
782620709977661440
1360629762
3456496461
142377625
38442614
2842299381
4860451825
705958891
808152564
781579885387124736
24526612
174470829
21904231
2371172754
815599477524336640
748685003165306880
2937701728
3131208287
905193713181138944
713706813762498560
4023977073
3422474392
2954349753
40860503
23263297
2279892463
24096383
2763048042
730678050
399820283
30400682
130973079
785761046803849216
42228475
918035388
457289069
728343454829428738
190304736
443705175
1293101156
1074614652
839968879543791616
37187233
31136691
3284548350
4322771235
762081700671348740
359689769
789106472558796800
18483520
789598704831377408
2222819749
46161518
26701846
823202325615542276
747851191439089664
788497984170385411
894570912686776321
2162078011
882644467253211136
123406938
929404930175258625
3239079940
2596305751
22460413
249435235
900380055343431680
880818095786524673
731608385645318144
3608555297
281273951
879096970777722885
53921894
881566776554926080
22183443
742443614404550657
823196977198342146
856142669021536256
889918140162994177
327016681
3386153530
4833242072
854387522604060673
815426916572340224
41707222
728194663656591360
3425187802
1711286238
789139435036213250
4184470696
757960353925898240
259453542
82277883
929726934350565378
4924505753
2353380708
378099605
823218895045722112
824075101729652736
336202987
133793052
26183714
4417202416
777938681902489601
15574374
2327685612
323085742
791760354162466816
14296591
872433747752366080
2355325101
36675035
32684219
4064513057
270217431
4903606601
465346193
725588574
2300230563
708168355488731136
393375338
1098361754
336561046
932291572271419392
735633664696946689
553224712
3310111235
3291733369
790248865240788992
883746240827183104
323223149
816791351404724228
893458146
488706702
19308590
2872539789
789209147560648704
981922410
721283840
746158854212198402
37324587
835676806455832576
49160033
331726239
807812802761158656
815388229893378048
1344977262
1663990394
921797934567395328
89277004
1239514435
952270340
467502833
3435940588
39378570
2364896664
904169786694934529
85718957
3020425427
394279338
806674508396589056
946700348147855360
817758728443359232
912013058209349632
869389322855878658
715651113941397504
4384680093
290651250
785867439275905025
823205020728524800
3256625160
384291112
946367344158285834
34191291
887014646703509504
44527814
3253946096
734904411256848384
4853905414
199739590
18203813
2815394001
4263007693
715194876963528704
714114690989694976
4328241917
30122242
951302891708583936
185713842
22686961
3538092137
937728906248953856
713535791419559940
925080878895812608
924388223555575808
948692376675147776
196769365
824096965273063425
4894936756
433901612
800488640149221376
2240056305
3765585021
2791889327
2309297431
726133104251928576
2328694391
900285366573387777
140188243
50913224
2836861970
365011029
823274042094391298
706578898851483648
2244845930
3172425005
76805973
886563704615182336
1418329327
42901906
3047505972
919270709217714176
2691660611
881436007144448000
900751120846512129
861840789416095744
117546934
815988156461969408
921792357741289472
14828860
3152281247
20334113
853498653968916481
759824352288309248
747276462101667840
870202804417122305
809756104506773504
1609546459
471566775
50862498
867100233699913728
316752119
708095138879422465
742378435381583874
845981399203098624
15350736
1452668023
896784699762278400
60651759
1627096298
827875687335878656
880786874792411137
928285588565893121
2922635805
62627825
2660660057
789512359693938688
14826029
1177089950
823616461440774145
746180217232711681
54769979
2765614937
4765089165
16512565
702518278468427779
798677572875878400
1143615414
299753790
910274156666769417
863195213950570496
17586038
21254619
933800810
3956878215
2974665983
17609723
2267739140
627396526
516145848
2255086447
773224756971577344
386028702
896093449455366144
161846252
771148244432719872
372436704
71728178
202643969
931190828948738049
937273391635189760
331448152
1952086878
466369111
3277865125
783430922746138624
4884657635
789562427406966784
887412057871597568
1000147832
55252238
39753444
21384930
2372361066
3408665147
788453654
39750025
23769223
174484681
881733457067552769
4129586118
921140147193860096
9175692
3229298986
709184227632402437
85012519
2233659691
39007389
869072395222515712
2977474367
4810512147
894818261576986624
1370971824
724306762203979776
135189186
709451112739262465
872836573129318401
1462966447
905837182916505605
15281435
2397100808
22817956
2393417394
792425445929078788
889255875294121984
795415153474932736
323929754
143586150
826754061127000064
387568886
1435037204
787318013817155584
936775674785705984
54938044
4563974475
917442861200760834
711623702853656576
3578955793
802309708493230080
317954067
2817768074
63485337
21622754
914615288901054464
728255524303740928
2906834681
284887266
169322668
2782847563
728280361667600384
800582840
2215680066
858034207708381185
2957862936
758889095468756993
2512639418
255659359
2962317671
587960552
905070888516820992
705972993747501056
3483430823
720927815206641664
77126471
384094961
789882933192556544
846454950737707008
251878368
871826997818925056
619376498
1403077680
34936059
4789842975
892458929929760768
845552517169795072
904919273952436224
4718260708
831320691580497920
823899195295801345
292519466
66879648
20439040
253169452
763935668284239872
290469264
321325044
1330248956
47354540
872939959547600896
617361371
24910927
77674335
1247454686
825141198989905920
70488785
922908201175183368
2612834000
802894928086966272
3191320373
119596028
700661366064095232
3006600919
368984859
306252540
821362524410945536
20467227
107122961
3400737969
22377058
333634862
894465693755637760
316788214
522008588
928361240245698560
8393412
20124194
1931084401
2723265539
247374262
826104850194653186
346333096
917894388705120256
61309849
370804914
892092496637022210
1049426468
429679519
800034715810099204
395305395
2923596620
371554493
754090444234055680
838044051626737665
1447375976
28657994
757731953281904640
883978542396186628
830668783681310720
84000687
921592240820035589
877738987225583616
924462918988632064
33372511
912064087676383233
910922022108237824
2925571539
2204609910
15502219
2787387945
763796708665032704
1473143833
2371001427
13590092
823685076
50072011
832731697628082176
4083165995
951008132
3781643233
788096451658313728
709686812
924369656
912587139187073025
3316268159
2349012840
925532952796237824
920423744492965889
805552999
2458531
82995030
917410092106076161
1077724290
83484465
736989573201301504
895347487233462272
480091009
3367760296
819201209991041024
14334545
761334964772143104
2888208616
764478075400654848
323859058
825121934522347520
390997354
2278864232
827726809357639680
3308399474
3106787658
892417674071986176
1356092868
61814644
905484867915223041
281092277
810895268971479040
446228264
866854766067933184
787321641823068161
788794717806919682
870682708992823296
754718927310163968
514485691
906558286627004416
49529600
4054927997
885794670
866095105106685952
2201831058
2866374017
3006015921
905375019672506368
3385804573
4608142273
3345688035
738911954413162496
58560915
799162642774560768
712690051201695744
3347119809
614441215
2532127677
432000357
820516959351689216
758412843582578689
3333664234
3291405826
886610195698171904
2764631099
1494005965
31010765
218131992
396942719
36316589
3394847123
54271220
347313041
240527570
846204140384587776
397032044
2257946473
874419002818400256
148915233
392992201
853406058269691904
413312369
808648679645069312
19307127
1123325898
388122292
2278261956
794560230805950464
719273408438083586
330509973
383353522
708633916526170113
4916793849
209327080
30643395
1202169954
2201951496
2366238589
24439723
522599996
237752107
785600290422681600
847265874134179840
743326943689375744
2761577487
3142367997
17719592
841705337115856896
82541470
49293276
2212839048
908174596381265920
3181345668
812746157722046464
886027090973384705
798803639967977473
916820672738770944
911954076480475136
163215904
492558482
749701873
108869149
822955499377332224
783110356109365248
2269418875
477898426
84515445
806122520202055681
896138694754795520
55121922
2307195656
717862238565101568
1902620107
914121044822130688
911459524669669377
2735071723
780887802720292864
19642069
552821881
227843713
1976138702
2614244476
772578616093749248
914035754476515328
47748198
2366286200
741416954846674945
197667898
4501279092
345562309
49670763
914207514933284869
218795383
755889405362049024
862943093116383232
21337173
889229895360028674
3276528481
838920373156610048
913251631268904960
859915567574245378
711484120640167936
897977803144142849
2227540266
74751527
30405799
22649795
1942253473
301053894
891739600842096641
28170108
23475979
2608820132
825186316157591552
600492949
2686632686
735595781739151360
562255311
94436427
2784632127
4154730436
3826890322
252939486
247164424
791764764481490944
2531519882
2732637112
709623799465938944
4823631647
490961344
336820875
2864224116
75911818
427863125
894897464787869697
1420565124
745081868207415296
251161396
497360396
18844876
853377089181020160
907430687795544065
800297706316959744
824647777191919616
738171927974449152
900708343328714752
18948611
819300896228147204
30505804
90915144
4923699439
758332364715986944
817791898412847104
438668235
2581170316
4851276082
5514192
344653134
888878499414585344
822982329123700736
729317762758225921
63832120
315142269
820808196956655616
30238204
222678864
38570287
149289118
904841357247881216
724402534144696321
711372385
189186078
165887314
720707740578881536
253352891
2855022438
33239986
772838599024750594
878122951
217072021
442771752
336145241
822590518819520517
2334540781
900865178899816458
718748352997777408
71036272
501358969
939968239
85155978
134891802
50324720
50506021
197962615
25573530
76992333
102301998
58007320
10773962
379487229
271957908
208275450
897500676615491584
368497942
722994185171816448
4855019266
828711871658205184
14979777
96838658
881521390817603584
182563991
779413113154207744
785100254303707136
810537088097677312
19498498
157564072
69469543
788631727023525888
2488123544
774699551764525056
827251780295684097
861439853774458880
756913511591251969
27290233
19850687
233000889
2831804001
40753111
1455540942
38338168
23181999
2921008274
1458287863
772026852
15268664
825775501277020161
4850531673
881178127631888385
775078546289164289
211345057
938019073
790701890073989121
100781049
33667397
22375830
3301171864
708039673684295680
3309278052
859299041582166017
28693889
722786529886625796
388621558
717338356590321664
3171051036
14299885
333539988
722448953359212544
49097621
842217397
4294284615
825349534419034114
794288317378367488
130755880
742018530674151424
254690767
3327552484
894436309
141294576
817950287486861317
757364653014016000
832972496395784192
792474881531211776
2286794948
715718165397942272
60429771
1208688576
4851440002
2338255549
883765605773582336
745717336334807040
2886685873
823223934812196864
882885963130818561
593704681
3919356437
889947284
2175089487
777898547903692800
17907090
515782631
4868504555
761584848330948608
4702128469
194693285
778313656563937280
4921372709
4214995979
926624462
797948544376328192
4703755045
2397787244
544834467
1955132936
372449148
4182380774
31393803
754051244600152064
3006943505
2322841139
2748582465
827149582198927360
815434692
789456763695271936
2157806131
4720059672
29853517
861846090508890112
2866584083
871650279065882624
25753034
881768710477926400
4332143482
2338759344
745115840547164160
131877932
799981531317968897
885558710571061254
3551446154
1029877729
1299803965
14609143
60164572
4858811129
16585184
887174932781772800
598816699
3107961830
277355403
709116264019402752
769270192622927873
828039713902583808
781147905541476352
866981923091906560
86214516
1234512097
779691335125045248
330317386
882979087714844675
276242243
149430843
4231094266
706937034779312128
479651841
763792180964012032
297457814
315994858
842791941649633281
1088019679
727921540122161152
109441206
458214340
53669477
827011794644242433
3077955628
752555380325113856
4853599251
102758365
288454094
34528592
58601939
788270724
778293671682646017
716322408496365569
59875712
748370723949903873
822980822328283137
61079268
169285948
4893637685
2391877741
842759492412542976
789979383704358912
249189175
3960338835
785906855121817600
803251820869009408
876634770918309888
512677279
826690345
705405812
69665543
716562521260314624
791445473424998400
356434482
860631911047323652
451491354
796591369275879425
2857949698
4200373047
782737922638295040
849145190128295936
30441143
2376185485
2780416996
830658083273601024
2316239479
441063307
758121612814057472
4376959595
14861314
802454179163897856
870599665934381056
126848897
827637705827876864
3418042011
743574020428341248
19102612
54336446
22138672
1578095880
785777476974759936
733874944673615872
60807337
42721187
748557859
870550315
2232401629
15305635
793872409002553344
376748053
2545087130
48961308
1689378834
469857505
817589280016973824
705229345745276928
3609762852
815266632373182464
101868096
142331406
4039410737
868681737722777600
813162341269471232
877267355453280256
461407034
3431961790
27453762
61810582
858066056786694144
284513272
69739698
772126238420774912
821331656023805953
431785296
53813160
40908010
785540197534404608
131042563
55385462
2723392119
821732097144590336
817203546126852096
519407518
944145019
531861596
161239359
739018956145631232
879723169032134659
709136368413200384
3048118189
1103509376
49136127
805635385296494593
18063275
826471917473366016
1609527824
724297255943970817
709217682508226560
81948149
114658821
703970735421792256
804521838281826304
832484948644802567
866708194512556032
703014623067308032
323241601
825894473297252352
870090351628791809
463216196
748594513384452096
735172303076634625
884828832
1608751616
770289270
2256965582
583252309
4480906040
39609592
389750766
820887194369802240
2999324461
870687858402578432
1007288292
31934987
58852029
629565974
711752522898264064
262424642
806205345462964224
337679240
871868565552586755
721245434354745344
810698204375293953
18126301
4848238043
52152144
461730416
710663022109401088
274093451
876232119734996993
16482165
2368624716
2321127874
587910270
870538209083740160
876114443758862337
872755492069797888
717070921689927680
554511972
2876531499
875777331587158017
1930980487
863708190
825125197955080192
553991829
3354292601
2942884615
874879270644060161
470226132
1634175757
63219728
2150978990
713031225141669889
797304071648583680
873459874381918209
38917331
166343485
787283152800780289
741977462028926976
59033797
701251180010283009
704181782921486336
79468315
860552470837297153
986001007
2985335882
14986598
98941260
3101985905
4257467001
4889714145
817452386234994689
1570180292
3342957033
705663280673591296
778631461834489856
866097403933278208
3436939335
14637033
3018810600
776069621732478976
2243716134
3075793968
709485595014221825
2930463238
734116403339493380
711693653954015232
750143782625112064
3411170483
14966118
48485615
601535938
1119926929
547969112
1385192168
1114631166
719848910026616833
294852352
872070708578443264
846408660
220769252
461522834
16488971
871504454654332931
827630287265812480
3645029299
765306808978202626
3223025919
778370456046833664
15210670
3011719098
364841269
8150772
4898734692
2152381201
908405550
321121989
353423287
400364870
456179788
846152197
853496307155181568
801679291335528448
884304968
215196363
74460309
3379679237
41843185
2881449669
754185648
1297451766
75112589
22115443
1648486994
868912155080478720
3313059731
731539042416889856
865293524098576385
292867827
814722753538457600
34663425
833033483488468992
4852587215
2233502186
732429326285705216
702524531412488193
860499839993266177
1866727674
98193357
774315058172223488
503563971
4499382678
3086835320
755477663028875264
2180762000
128091413
404293410
817954059357458432
2798656723
840653032601849856
1244965662
946401182
14502281
867133761800085505
29862576
139499789
631781675
3178519633
746824668720488448
58459311
3264454478
436967939
748608249910419457
116384038
2325070239
831968752468185088
798760993580924929
847804409044099074
815597690675490816
476562608
253543242
858707664905306114
514446718
1668546120
162301746
745591364
86378821
154663998
825729786500755461
1423636093
2431306084
3247169083
249724468
224183827
20826129
858861190390448128
478367964
787334338169999362
818590551016689664
1068741247
415017384
832733391082565633
820937411572154370
273251790
2460166128
4921306731
75081190
16813900
2675687528
931208300
39369267
4372521681
814191982805389313
253755555
32172005
131157205
3771775759
2975936339
776823134
837527413181468673
750502962385063937
812498553423745024
785707539342254080
2649204961
522585544
4320809783
844649002360590337
822868989378514944
739536307295158272
316227187
828947055603220480
4225860012
43302184
1179843871
808776625445883904
864606638594023424
727497112896851968
824052243553026048
867467498
817604146333249536
1070242490
183786336
154350597
758076703730049024
187059363
756470495256584192
835127348693504000
418390111
29045665
705498638395506688
341685001
717151314828898306
33541227
45285656
746345581120004096
16689075
155128548
833683192225882113
23948939
705442898188210177
42158021
485373368
845030431288414208
858592577661968384
2905642010
146856971
93371375
800051773931134976
4422110719
29197538
128370270
789564449665548288
77285641
3020510002
16163824
710492944151801856
807003788338937858
562372370
789151567710711809
4904690978
17677016
620339539
740416304155332612
301857046
2183073840
44542844
1417793336
2987613632
3001472723
834766257039822848
3413276129
3083325002
73570962
830087202092744707
834840973624561664
34756550
3754203439
2966215144
2558835048
218946709
89414621
751896280021032964
1531974344
740874799
4328252848
1717464030
251052944
16134535
1069137992
442426470
719976227637829632
731533639691964416
32921811
1195745490
723603674841382913
909429824
820009377780420608
18672969
829861615793270784
776904883781984256
231547812
758883354640945152
846603663141416960
30925817
563136381
779138331846250499
2208817489
826528133650190337
2273693463
263608284
31246318
288466758
2968346243
786220750034337792
2177956740
2868426580
720205156357267458
86868062
299357728
854963364719509508
814293126336626688
165039823
19236097
3032515050
34428229
111412750
829416377161285632
4186025902
78572702
329820358
49262454
858351556319686656
4703418720
764819464848367616
351976618
148830421
791495458095071232
3184384026
828383025897410560
859354882087632897
3846172739
394043912
829841295292133376
815488657540792320
830706461156061184
4559413831
2674565779
493637469
735498205052297216
49239992
847995566244077568
1114955359
746357153271812097
614080498
2481478610
15149210
750700196
822475816088895489
1117383192
3218191185
741352884516716545
2797144105
534903573
75329060
3093551696
1561122720
211782456
4105765714
16642248
3071995464
529746441
1849938847
304972793
21978839
795020884167770112
321233780
470744587
147058193
513700646
2530913162
852693670616858624
1618350332
175694185
2714517152
93297122
776995693965692928
737291162222923776
2240598758
158436870
3702234197
763126172
68345439
845501731
849632709995630592
852091473344573440
2771503019
88222637
4303384695
72276309
956128010
786298499235192832
16335102
741670274723151872
867908994
740927718653583361
146456142
725654281605492736
2629964759
27256698
2705305118
831544759248441344
185944702
1309242992
305202222
1629035310
838964916388249600
3615921133
526537146
2428558627
812753104621944832
30482403
582754107
2279056670
465896543
770190922512535552
790945674049286144
26324044
39165207
772498983201550336
606722269
838932232505028608
18653708
19164958
2798085656
2697757255
38214128
394045210
841039711678418945
791062131512709120
2335955898
274796392
714524166553268225
798681172519899136
4883801255
779348995068100608
2438831503
735789963086815232
731286051596050432
257271636
1143934963
747291540
55113653
83696994
847986879748161536
703159573411028992
23580800
3195852355
703998439416147968
357029197
125471278
3830912607
2595851454
2596413645
24673899
715028636018024449
909145771
733202968581808128
561654065
22568294
2588329891
49135240
117440808
1553356248
194663746
74672763
805337878398115841
771711514495610880
32656047
106143948
185635130
1972231922
22872173
1023562501
1190530476
3092076227
846896614073556992
113490696
24307642
837907565929365504
251732375
733828747690811392
4519638443
747279236
414289920
465762697
786656240445161472
360656254
1942265899
81018286
792100655443894273
836231821503381504
847226236552085511
787902439433175040
823277621890977792
17109615
65600958
236104601
36715753
61336376
739126652161007616
396806454
3343777197
56918276
32348376
3096707241
3018742509
4897039492
1564676498
4917803218
794652195484565504
3410689588
3313329508
2773918108
4847548282
3809379317
4853549680
805223648499859457
97793731
4860935829
4703317886
805215523940208640
340298107
59241915
940368062
797596428403175424
72882689
499230066
313038011
937732080
582135529
4917714133
2801177472
1171793868
2209106522
1861357040
759709242
2629547791
1393134764
4184457737
63003206
193015501
809118636732547072
50364331
844434316943904768
2456819246
734194808600727552
4165642155
896258742
186395658
704034081898668032
284276437
832397935568642049
787044668102045696
763789779775344640
1226167963
2691820789
789556300938117120
848575436254842884
4735176079
810959469832179713
3306629815
783509913246904321
764322548754550784
774074669230071809
617761919
399745111
190230042
2255931307
748505470810230784
2848613219
828590416027004928
252566795
27202607
4856996010
18706305
3940815679
789458742194556928
47806130
759871291
786237703675269120
783374230444400640
3145474467
1641929978
66833170
42227444
713533069056016384
47522283
25214559
2299826742
3407135421
3260503620
1871926728
789162313911668736
3544638504
32973978
219983463
999453985
261749735
36417257
371286510
2888841418
3036851629
14709515
745713509342666753
4884762153
4835333710
824414860591112192
1239742202
742749379623165955
411380833
368481845
19189255
14338727
4851732400
548136534
262903423
2509340357
832353969334808577
558182738
15379902
761104861396021250
38976017
20897273
102268811
23703559
274891222
931286316
1065869268
33611715
16710420
732980827
18545481
1368478189
2217039596
10207502
857001662
3234318278
79218153
747225300732350464
341392535
4335525913
705441494698762240
98077722
282741821
423839876
3279027992
152007388
28611453
23919418
3308456234
90408018
314243234
27789999
22099720
29548812
2438986164
15669672
3950481494
3990358228
3939294374
4306263074
2865078826
431917957
3419210573
942868836
707040264725131268
1042375320
713091070666493953
738386800452853760
424927514
1433427858
3271255423
714246104955551750
825501626
4547869279
16206579
33529092
1494835716
2859269159
2565881196
291874773
4833211485
703201930823258112
578180494
1963411928
275276082
705047741911736320
71545482
