1699665446017085440
737807005172125700
1223802128961024000
1861917216
1387501944063811585
1611178228093276160
1671157918585229316
1686373243463286784
1686005739561922560
1698939273817255936
1591274757487755264
1491299570692726784
711824168132743168
1708407709739982848
134355564
1595574481019457536
1340499988166668289
997818470334124032
1547887446230044673
1708312915827097600
1688716217933074433
1338949436756484096
1654978221664874496
1600076359719698432
1627022274875506688
1706593250600194048
1261251687504699394
1481243379359174661
1702853878587469824
1671025177893928960
1707566787238244353
1663697175401082884
1707617376848723968
1519078050264190978
188450632
1158796001844633601
1707584281579606016
1555508402557800448
1964547240
1544281422
1706006461527273472
1707820886894546944
1159048755296923648
1654292293481009152
1678199281642078208
1601153784192897026
1602330597636046848
1473752808696557572
1039611517
1668358845486493696
51814545
383903024
1678071059759726592
916460267772489730
897675682645463040
1675140327521304577
1186392399049908230
1602430701651087361
1654215688632823809
1593374948613054469
2601279960
1235384625075236865
1167886623884881920
1474108191394959364
1497713481495240707
712449505006886912
1521788261437513735
1324017987016417281
1008141607282118656
483735148
1366786961147645957
1705303277879910401
1705889225659359232
337611162
1678906523475484674
1706246087219322880
3354617452
1669532245474910208
1439989899579596802
1647766732847603713
4012995493
984272082790789120
221964797
1655010147641737216
780573523
1335633186345414658
1678840771745832960
1607071684493819904
1448368776383275013
1597328079923613696
277643922
1685281140305760256
1597100477191159809
1675793880678105088
1590060283955138560
1646353998054604800
854019583
826078844801134592
524074576
1598798067339329537
1951095218
917364594246594560
1271220475591634945
1522429721224482816
1591468161853001729
3977210839
1618269173200592896
1498875012
1653667986899705858
1670690349352726528
1435950748060110848
1634211320273805314
1697012143760060416
1110840494714556422
1640724625138266112
1589471160298782726
1384150270859382793
1558935710945742851
1571121263757692929
1703038106310447104
1703038781467795456
838438590124187648
1589805791078391809
1663001109609193472
1702719627304828933
284438685
1572058449139339264
1183529141867614210
1652171122199400449
1439747307759616007
872773054543409152
1519356923228864512
1610161741362503685
1656423385566703616
1659675951440052224
1493477647661285377
722635145224855556
1702456958194761728
1675458782111883264
2743284672
1271003173
1379294724989845504
1228444833267798016
1695839902536175616
180254680
1701775245474938880
4274211433
1702064206869118976
1646195875587432454
4836694432
1412459415047917569
1300070743057760256
710819373586456577
1701493569243029504
759493648270684161
58486345
479779597
1083416987479535616
1645939600928432128
1215793751605567489
1595922721904463873
1079570160887881728
1691356661858922496
1592612662550085637
961079500636172288
1670479832893865984
414952995
1424405492990980096
964920337656885250
1465124468200820741
1419095181207375877
1650232181879459842
1273710838097096712
188489996
1698378359506632704
3291545402
1639402703058087937
1689338603854249984
822926272024182784
1540715210637316098
1609045143558004736
1559658062842982401
747123793882034176
1493536890393448452
785125127897821184
1605379442838507520
331790745
1449281735280238593
1469032667656118278
1677036010155171840
1627431383273734144
1669558810623500288
1108450441094795264
1418324974025252870
1223026659621851136
1469113380325761027
1520092257759625217
1679939813951111168
1254421182658609153
1568111195777028097
1655198724459470851
1653656135142891520
1572241161741565952
1683746347478917120
930860497150402560
44784881
1641416843121311744
1634680164868304897
1586477465127485444
34340093
1637458647235133441
1672391728647610368
1522305996684681216
360153986
1699227975982731264
1603211000190312449
1689801873102864387
1645590107787874305
1668760272222158852
1185998301360988161
1163154405241307137
1543173708860329987
1236688957603287040
1472344338675945481
1634318177436934145
1608452753214283776
487011623
94456747
1599836021751005195
1571857726522654721
1679834896741564416
1687275644185370624
1669081210705043456
2944405016
3314567382
254559585
829221728828153856
513705535
880171905894031361
1005822277647257601
1602875632555212801
3126599062
717199543180328960
1511256000547934213
1461086447713333249
1599501620412387328
1333829090994958337
1498861161500053510
1693284142174158848
2673939073
1593640770866659329
2977151434
1633612212156735488
1586071548858966017
882431126773649408
1248895287147577344
390490583
1427726485347979266
1586699363329392640
3226628539
1269230531612459008
1527253716012871680
1666941671689400322
141050592
3250701518
1606300690489528324
1592190141669310464
1263079313177444353
906222267989987329
1683465054962831360
971687476296380416
321145200
1518906397089574921
1518981310529871872
195563269
1664846480644136961
1471922488099721222
924361908907515904
1267356728208830465
1489750325242183682
901659221959299072
1697674726741532672
1133752372927377408
1640871705781600256
14637033
1259571970326364162
1496944925602111493
920847202859266049
1433810380195835912
979587084
1490873210400878594
1675707385808076802
1243943147744436225
1507989170765144070
31161403
1072161165889933313
1054982344652800000
1681075154007334914
1287371702754783233
252142613
537546394
623921437
1351269368848658435
1428128527694585857
984466773083869186
1586117455474311171
1500577467853066240
4253723625
1518992941460697095
1446835995458953216
1527602033045360641
955361437
1471254639412539396
614106092
2578557632
1300516216029753344
1427334334713778183
1633154841068335114
1380729716248698880
1522664420895301632
1646580724894498823
1621764742195945472
1522227671941402625
1281068231122247681
1147986321618681856
1468731927402364928
1674933424602206208
1523761607079247872
1579262968482742278
1453714390021074951
1674699244140126208
1640917425917919233
1478545197432807429
4668835348
478939459
3185869767
762382695062237184
1692520102221025280
1369946602710966272
1182482861934276609
1325072809870192641
539901556
1597899147298099200
1457404195020042244
1459375428972519424
844976020126142465
1471897111239147522
1231111273074446336
1518069258097463296
978649707986776064
1523540489848377345
872859096025837570
1492853714339651586
1671768936566890497
1675499506190647296
1503444401808412676
1508533371097526278
96113628
1583891418380177408
1535218819903668225
1695609560310988800
78353574
1588278099594051588
952474769101873153
397985628
2179594409
75860135
1213208546138939392
19585870
870995687961489408
1629222308089933826
1427556325555376129
1651187274539995136
1640542418700230657
1245722985559920640
3548303543
1125767625143877632
3280132735
1323808543963815938
1375070910248521747
1186905530570330112
996463744120111104
1595008771759214593
138252228
1498401844758196225
1674986657601167362
1390867766
1519875548000157696
1440984229865721859
1313208057854386176
1430319858839851011
19513245
72755154
1099563929548832769
1167470574282727424
1594979006851547136
1586326087151280135
1492322275332444166
1666413405853319171
1518848141054906368
1400155243506245636
1571681784995414016
865314335119130625
2996797754
264782657
1649911226770628623
938541828885712896
884506091920478210
1584663944664612864
1277952018137538560
1654502248691408897
1494339080263376908
1684990261221306383
1105579270246682624
1350274252075778051
1474688019621982209
349140151
2917813010
36727317
1694868090826477568
1675428717106188289
3366947174
1647278552134438917
1370519236158820354
1638728597971279874
1678926345768771584
281176293
1269613263026880512
1543347395945275394
1624129197580103680
1404116266382659586
1228492263946244096
1254827182716792834
955208485783965696
1594383011654471681
1553064106038542337
786737931314728960
1518764855523639296
1540830825448706051
1577218107675910144
32586203
73635972
846005659
1616313555598327808
1694613311281938432
1694612362979160064
810836591111503877
1695009193131200512
1689300888106741760
1678860432642039812
1463318422385614855
4085288662
1586036728955027457
1469502150514405379
1512695932957077507
1376758235865174018
1519545498193076224
1677145907089793026
1695251858636349441
1650259373271203840
1318992886776606723
1436641466680500230
1680552194880200705
1695684804820295680
725955748275064832
1496941134211432453
1554146152949448704
1602293509855264768
1196124538217664515
1437503461
1663345190893912064
1585749346812919810
4889714145
1588359466163937280
1674922008663191552
724999210827939840
2877597801
1586263787933519872
255156642
1690234056880099328
1586044165850267650
1097893322562117633
1681759026055376897
1676483277719207937
1488372407387762688
1650913399272882177
1694792362550071296
1366942474040733698
1674840306200596487
1338873470277574657
1051888598612680704
902733974111444992
1686038618446417921
1296725412664545280
1270027223236440069
2210609214
1629173557451186185
1498040608744689670
1587278377
1644692996976156673
1604956291008385024
1679888216810307584
3266478590
64921376
1630066650790633479
1411755794794696715
410248145
1589762381441368064
1667175518544748553
1494468782705844225
1672766328661327874
1200480276431945734
1606169344945360896
1602080730573586433
1691543408140013569
1340799906697637890
1638874998830972929
319207782
1430847155154083841
1415398197388890113
1481030011863941126
1669320332619001857
1694679284160573440
1643416938528350209
1404958494105690112
1470547842569809921
1454931371663765505
1618119470190305281
1697155047149232128
1693263938266316800
911604952409264129
1530727585885442049
1589327756990504970
1095753230947094533
1680131953369165825
1636008017807257600
1449177533510033408
1616177889040285703
1694355660182282240
2255898620
71575560
948599229483769857
1645933241226887168
1445144590349127683
83397922
1683186437938610177
1279557804769017856
17229014
1584388266303832065
1496190037083439105
1670728978678841344
1682426141850718208
1515401879563481091
1500700230626742274
1700112219860819968
845830985719595008
1698822096598790144
1622703384527601669
1675180411540979716
1656904272632598528
1448475823481278466
1577476337631055872
1698733636504170496
1698667875882377216
1250645118
1593737601525043202
105691970
1612882284402860038
1688656593196560385
1463938612546850819
1664817980058877953
1662462233333342209
1373952263442501635
1698416945631019008
1686218990958583809
1645506944235450368
1655323731575578625
1653948740309327872
1697731123411881984
1696258179338784769
1689746095659012096
1581876939291209729
1691546826048929792
1673921097258115077
1654321798270398466
1687978027202859008
1691092189214904320
1671258075729149953
1672575929845940225
1645178485604859906
1351314582187466753
1691904252816535552
1692638198004903936
1664920789664030720
1113595702293291008
1662534650714284032
1595101593971879936
1602043281608679424
1678381180628893696
1644923002734166016
1670760423291748352
2334361722
1681580728029421570
1520850000070295555
1686032219670786048
1694474753426210816
1668525995039809537
832389000065212416
600079491
1678498177798774786
721275402
1695244484332982273
787579742346174464
1123331172870819840
1695233228607479808
1535108163766259718
1693822282509295616
1458248469030789123
1544408838308171776
1517573677662965760
1691550721085243392
827311837842649088
1686220644835549184
1692884828142571520
2297154008
1693002372010688512
1694162322724474880
852738178876186625
189189986
1114973019255050240
1499961981708779520
1169779048681222144
1663477329455185921
1260299718032121861
1474411411015147529
1540347049551478785
1540846509931089921
192316264
1666128813481238528
1690676514545627136
1661976744612581378
814222060440391680
2471403160
1393787484589281286
1690794838302523392
1691890422992510976
2516725510
1677475057738608641
1682913513889513472
1107390807324196870
1504949722754265089
727952249822052353
1468365807801741319
1329310129
1603518289698648064
1669189683975430144
1301288683656617984
1322646907483803648
1615396047592751122
2972335899
1530517253132804100
1470591475188703234
832685441753051136
1680388215998496771
1364609020494049285
2808957630
4274337857
42463851
1274321138676572160
1690431500330631168
1679772925581312000
1586104776139350017
1654486392137736194
957895561339863041
1512453012677173257
1033449967636172802
3435976791
405728388
1681014830314971138
1321632598746157060
1493637936624979971
1001115815582744576
1685023951418720256
1192492002753077252
1634268800584495105
1585868802377629697
1646950200106164242
1688961398993301504
829534328
1689834325041184769
1674757656433815553
236302896
1330728284041179136
829983267424174081
991764143945474048
116251267
1467546458123603977
846352325111373824
1689451219914194945
1651664733160759300
1586605101376237569
1603439586302107648
1569700825831964672
1652887075744800768
1661085860270428162
1164176887712796672
1679643781497511936
1674716565487464448
1324556967277481985
1687514419272486912
1333408765878657025
1551362893253320704
1688342821986562048
3133690188
1662107845645541376
1444108670099509253
1653564406473850881
1685071740534243328
1466470039784235016
1428312159663136771
1488335447143370752
1585853466098139136
1652751869993799687
1576325536896385026
1674084458201317377
1508716031241510913
1556680818629742600
1680282753902735360
1378095339165585410
1489667634098581509
1183385713573797888
1619795594557493249
1612182740115259392
1253333741147058177
1596964947979665409
1681823772662280194
1356774314788421636
45673370
1589554506261360640
16386712
1678767326425124870
1681315338351435776
1608547195166269440
1674798641813553157
251052944
1680748180693204992
1656504694854877186
514224717
1497652915971973121
1518902002796875777
1471015655302332421
1246775860188889090
148427213
1417311433742716928
1498324056558477314
719293082877825024
1669134628739751938
1001480345701806080
1674788598531629057
172852209
1686836400832876544
1431146163558707200
1515412070220455937
1417173023619096590
1398444315123331072
1665175829452820480
854458829135900672
1626705528037511168
1592695264204275713
1441733980491894788
1188683963910574081
1661345519636193280
1640602073535496193
2505769890
1442713774310379521
1413364857555103744
2891637364
1496550496085377024
1678535245170089986
1668611331254272001
1266379852501798913
1677515465474682882
1680388735748259841
1601446765835665408
1678851563975069700
1333258349505359875
963956150466154496
1684289440045314049
1679140837811159050
1511021076008087553
1586210537226076160
3318902369
964705521340178432
1512649945156919296
1379404781589004290
286784443
1539290146809516033
1369616233222574083
1675281787713630209
331363046
1678160535534329856
1674868887815348233
1662256141445877764
1682423385119227904
1623443952845168643
764278407056265217
1593966049380147201
3091906719
1676178954338832390
1676117058088517635
1678868906549600256
1509934850626650114
1526015540891885570
1600709739092008960
1678776177639698433
1670839212227149827
1679602136806576128
1680772835482976256
1593426475830562818
1584609665190662157
1666444808729116677
1671589202176380929
1324017445858734081
1683505215654469632
1683432442797981697
1681103880657027072
1592174249602580480
1636540110421336065
1627334773659279361
1455893945473454083
1281697401691136000
1682491602843889668
1214327382372311041
123993171
1663440862053904386
1682097815072145408
1682549050883571713
1467225591166476291
1640848490384244737
1681264483073654785
1611770079036817411
41902405
260559266
1675309521709703168
1682127972818354176
1600167358806499328
1639677136767275011
1681863487960539136
1646186014300569600
207458888
1631725013299601432
1681727346368233472
1679540479371665408
1601595804157988865
1681518902558224384
1594626009764069378
1291152746591268865
1681265769538285568
1435048231025717250
1402675483771277312
1516515095127498766
1616138866745802761
1266146930276667402
1568850881432686593
154394685
214620937
1678977203890163712
1526178719244615681
1551712747221663744
1666004344955863040
1674519850587127810
1324560342157037568
1676554123057979396
1679705857137815552
1591757006821629952
1092002095098671104
1679306199622352896
1619775350057181190
1624346494865137665
432095944
1585802523603968000
1674926330973126656
1030926490467295232
1137952215501426688
1568549248202948610
1674958685121179648
1677308728272465921
2904467961
1083117178323296256
1675617909509431301
1664772828728786944
1445092806234624006
1667029045349842944
1673095998309117953
1652433010166251520
1625042329739358212
1670066820194107393
1594950001561546752
1586313089418395648
1434530078457745415
1397277721902784514
1568766452865310720
1328641131370979328
3297973963
1677603930753179648
1495402433790545921
1665273814639423488
1677199762259431425
1659014775076970498
1677078271299821568
1518729294972739584
1611087747447414794
1542973404457963520
1599443084881891331
1281080450325282816
1675133659551088640
1674939504262631424
1676809029920886786
1481039665956274176
1518634324840660995
951302891708583936
799700431
1591513919750696960
1676671202285309961
1518675195426443264
1674692803584991234
1674791669080928257
1385383389679677442
1651899988149166080
1587164811187585024
1209586456588701699
1473844779364413442
1233324722433249281
23163866
1669760682772889635
1561773971984490496
1518509140011847680
1052018694
1501823127642427392
1242777826501234688
1271275471087570947
20236761
757904554163863552
1601303307275980802
1495911712796540930
1590836021004050434
1591570056546340867
148621259
1313584451805470732
3033100157
1597152522594033667
1545518106076135424
1411453275396845568
1666994257008418816
1126157314518654976
1559138922013261825
1525867184471388164
1134410125328838656
1469756718322053124
1574900834407784469
242708506
1641136365667590145
787440928407576576
1539347148369690627
1528111978207649794
1668385095139598336
1479431786006462471
1674614657162592257
1518917453941772288
1519066300961669120
1675175033763778560
1519239968027201537
1038419847548481536
1675127222087065600
1614659599830847496
24593209
1173969276123918336
1365979620068253699
548774708
1674558157761261570
1518758907380137985
1003200942139953152
1674701913663717376
2178814483
1595545945499901970
1362339692738449414
1009713165255479296
2748901310
1627136803907018753
3400702817
972039881605156869
281828094
1650095434805698560
1674867391895855121
1674686185946460161
1012178620209606656
1133521070437404674
1674894179133018112
992197462948397056
329225626
1601469658238009345
1263797854675623937
1549517042595909633
1665297073963507714
1673123238749278208
1028139875655135232
1320253479470784513
1336399471740117000
1657657975014838275
1666449121492840451
1508275872381419521
1586096941691174913
1645800482345189379
1599851712197627913
1654654990022066176
1668701032652709890
2720880384
1427409166600179715
1674809078588276738
1639731944135983104
1592220957896220672
4849768080
1465625620449271811
1518746248995479552
1603685595661963266
1626940488237342723
1564350839883501573
1524676089049612288
57364953
1669689597914218497
1650430297891274753
724389194307608576
1455385557241155587
3188021960
1360403888134737924
289404429
373196861
1654290618913370113
1647127643949608960
1668735382089785344
2905831273
796417730198937600
890340145
830933167678824450
1655396540
65535416
1581895829610147840
1587656487148654594
1658555201941540865
1397193602330251265
1518774702336057345
4444843336
119481217
1306703121469579265
1651220703272681479
183573975
491661817
531083727
1518514546759061505
1263628580464013313
1652099307674148865
388158374
1662813043078594560
1663399547132063744
1658769746932686851
1266466755326566400
1658841161581187072
1662170998592946194
1662632739739246593
1260443588464345096
1668992096617865224
1604070986218803201
1427657399565959169
1632088742277046272
18349074
916746622926835714
1640832837396955139
1511805733368700931
873923272789946370
1534252210397257728
1626398591584505856
2226952691
3336125332
1665980527579484160
193201700
1604918962545983510
1199181962105229312
1662642284033187840
1610771866712682498
776106750697242624
1283122674177388544
1465092730753888272
186520409
1649396486
1664399518593581058
1558824663513550854
720776314689556481
1648469203492691968
1665180616281686017
16501150
3225918697
1655720395448913920
1659510969230319617
1418593265662705671
1471442125174759435
1263241125227311106
1640911468169162754
1568218487264256002
904660897469161477
1652351142108581888
1667635459072114688
1590557326041571331
1662203964308459520
1144959267276877830
1654152076744613892
1601386227713933313
485296454
1656313448815292416
1599761803537514496
1625897534626332672
1521503065714663425
1093677824735625216
552499059
1156104441054973952
1582716911556648961
1659281300979630081
1601984502527664128
1670366240060129281
1370941823443742723
1503386206259879937
1059879734887227392
1611201016908873728
1621713214844043264
1302316728903294976
1669198196633923584
1332495262586183682
1371967666081136640
902203613442957313
1504192426076000259
1266837856087130112
1467644699854917637
1571517455318540294
1648047679635881985
1466595509360074753
367939166
1626571636861288451
266520024
1541903307295207424
977777466340265984
200701856
1278769399705546753
1316627932807274496
240779308
1665012505637158912
1467184092944998402
1110889487566073863
1076936877993852930
1554224900289748992
1268590632123150338
1498765882683793416
1338280163901988864
1468237583805296651
1415420693420773376
1432632743486271492
1586786261364154368
1642819067940839424
263063208
1380696552138739712
1482302312576135173
1652692730743599105
1543535465323810817
1656746851041701888
967562560118689793
413508562
1378210155020439557
1653767159166779395
1461754984769507337
1659407123921485826
1324578242578190338
1564950905358876675
1562710164762873856
1666912218586267648
1385875597692391424
1281417844538904577
82167346
1591298995292340225
1439686462476275713
56151874
1640892150857756672
914543643373002754
1121574958092693504
803420516438724608
1197500270621708288
1526741521139130369
1304162150844379137
913406138393124865
1668358542401720321
1379281285236019200
1650667686094069760
1382715805121581056
1536678072828809218
1658642554756255745
1667269527443259392
1591314108778848258
1477324754227019781
1669320756214349827
1158431542823157760
1467838514083491844
1651711029741785088
833851600011657219
1585847002537070593
1482386917840801792
3220098333
1632494498683953152
1587482413344722946
1255865263003766792
1567523263181365249
1466800467350994947
1610674745267163144
1418829199
1321293351317065729
1668373517463683072
1438739831408902145
1668640522787774465
1648482732815667200
1175335475944579072
1040629068264366080
112652456
1521347857156120577
1615520583428591616
1538661267132383232
230995003
1427340647426662401
1119113234923970560
1321268718635261960
1013519653807841285
526784159
1599025241581359106
1667428913579008001
1010920641728479233
1656062324841775104
1430896132918374400
1578787755869569025
1376220725602705411
1130472805550776320
1084163862532894720
1664539173674528769
1658945493995782144
1586750869483167744
1466939375439257606
1665115269256060932
1538502124941844480
491630532
1304756320260763654
1427705123799773192
1322800472537894912
1601341302020493312
1666432998688841728
1449062098005266434
3020900987
1666178312354267138
1636090236567445506
1638590018053709852
36228219
1061035384744919043
1601635018517848064
1435711396965126145
295929695
1656059364468457472
1662136302848950279
1591155737929035776
1665008710194966528
770544327697240065
1467229063534329864
1481345839264321536
861520656
1417652901774831622
1328894170577178625
1491835422896373761
1477016199338758144
1089279307480875008
880212154510651394
1644026218994343951
830521732951920640
1608273003560964098
1632453100362407939
1640335764071301121
854114597749620737
1488138041126436866
985860153227599874
934131001017716737
30190553
1022879742654115840
1588197955705733120
1649165178288721926
30649139
23604264
1159597326056525825
1556486659490717697
8351942
1518743743427395585
1651937662234771457
860712516
1426767362934460417
1648004464740016142
1653632121401909253
3298174398
1594112366152671240
1388935591170084870
1400459342789300228
1005580379829473280
1500814466
843667615
78298247
1642251679
330877219
1555034015178100738
871879842911973376
1496539519918739459
1660712335093252098
1494699667132715019
1595815845896355840
239241169
1105393986133323777
1660325364772802560
1657952224176218115
1656068415457509376
1642078440789794816
965735711663108096
1653467779326984198
1590236940372250624
1403368048124366852
1329523474029826048
1455270935792132102
1593780609360564229
1639439044571709440
1352367066507046912
1593903782789877760
1596964544370204673
1307810687381463041
3332361500
1647037768806039552
1659591814054129666
1588607787600322560
1474059277731958784
880697750899351554
1486489455145979905
1463146330977566722
1650548694243061769
1226256623045312513
1442096479124869123
331272065
1655718207502659588
15786715
1582450830619381778
1554976904410591232
1611369055637671936
1591264154123378688
1371169124299108356
1309110336663027714
2544964423
1501453514396024832
417702298
1029696619921326081
1655213303751225352
1058558942962434048
1429616745837383681
1597673612210851844
1644886019492446208
1622351376373190659
75103566
354170353
1596685092394369024
1547650133218643969
1586112333474017280
1490128377776201728
2834129892
935654063076757504
2584553615
1548702211785515008
1656349811732361216
1653878834607935488
1647316061333725186
1630004596541145088
1601080642816483328
1650654181462794240
2540239490
1606862612188508163
742187300675719168
1483618348093132801
84004387
1471054803899797504
1558808134994509825
1651916172973973510
1588699195267072003
281060510
1043956016579260416
1620505735699234817
1539112382756433921
1657767244347105281
1527891174240923648
1635870343083720705
1519272425237663745
1630232800950652929
1578388675230109698
1613545811031334915
1587278902912753664
1465370724319862791
1596659870459207680
1346962885294096390
846859247933632517
1658146548386267136
1520285724934873092
1340350542225285120
1642212724552929281
1600045829414211584
1518767109295292419
3702396916
1028709919602696192
1653595525009248260
979940399233077248
1478387721928384520
1101647048183472128
1650675430565838849
1611581693835485185
1656889475241492481
1653980231865192449
1560919475393814528
1455284784985526273
1139993610416508930
1495854851661697025
1650392918803509251
3234546451
1511271772456472577
52295762
1611573124734259200
831346358363758592
1605452365267668992
1593427302083444737
1652493350136676353
1371744396698210304
1649146887222489090
859832373256605696
1291054918434992128
1480677449486774272
1586383838527324160
1288279990157676544
1365471189607608323
1570995490812231680
1562885228301262850
1653809449847468040
1528753955790065667
1072839259806146560
1620963813397864448
1587548746677891072
1326897749036576768
1492258358950526976
146434390
1587667417379086337
3239955086
22009570
969869150788247552
1496907884847849474
1642599412705775620
1592262480704806912
1308433994887856130
3539086224
1573074338542133250
1519741887061671945
1585696744016252928
1640724418136801281
516966690
1497013721176150019
1001547438841384961
1602845608389255169
1585136937928638464
1519732085552029698
1429726864919117824
849446835575980032
1092383898754002944
1598789733823483926
1302618300606812160
1014373421956911104
1556388216864968704
1638569223172808705
1268176274780012546
1494765076410212359
1544611389054017537
1650169083952865282
1645971713073479687
1567602809331130371
1573753013323317251
872259474010124289
1366141882489831431
1589270813194452993
1219699322
1557845235232870402
1547976276362665984
971099748877963265
1488458759135444995
1639756338942324736
1563973035559768064
1604313277718200320
831655614124322817
1649513744458760193
880513667325931520
1642975254719918083
1609194130965422086
1595471350625452038
932590922507972608
1637838792307376130
1216510540194906112
1569250221166673922
1648966435195043840
3957788915
1478177959840206848
1001367267416801280
1375378934594953219
1565040624809779203
1603901342203904000
1570672162221981696
926050173683470336
1574284113166495751
1542612337462546432
1543974132366430211
1607876953746415617
1535304975298965504
1242777671588872194
34450953
1635486231462047745
1607787786458759168
956793374094196736
777950228183977984
1223419831611011072
1147972272453562369
3044911258
1516995303500664832
1456962866637119493
3300280898
1704785888
1646655699982725121
1368628470943780871
18915471
1154064432194052097
1617254103737946113
1610435581430976514
1492235607258513408
1614032525810188293
1618626273156427776
1599079950128136192
1629119702189457412
1611690064693678082
1617561863444889603
1486694255313625094
1487302855484530690
1589331157786980352
1366851257239891968
1638372247709646850
1637088373742481408
1262918489251201024
1438535803060191234
376872712
1597630123410268160
1584924240729481226
1250521725307158529
1356769894461804544
1630179796511760385
1145789816157679619
1427542206047531022
1366894131088400387
1572903910007873539
1643411667181531143
1586548027787026433
1385533755193008128
1279498658
1435273446351679494
1643080916799987716
3218677655
1631017355542159360
1529758676390748164
1585575975013736448
1368977411199676416
1338899697310830592
1639623932444647425
1597559545051627521
1636859076750524419
1405030698822471683
1471726396313673730
1578052916551852032
1593623025898881026
1342208797155205121
4737965237
1641173071791890435
982341
743574020428341248
1507078380675604489
14119324
1519132854080450561
627509429
1431662809025155073
1075489685034725376
1542250526116442113
1330899892672278528
1644136190025531392
1010000754424336384
172821760
508677822
1605109219438612483
1611610773393924097
1080212003216609282
1570094164343234560
1436001150872993792
1603191960650522624
853018030300856326
1234663272697122816
1519141960371560448
729872841752100864
1048731337333592064
1536946079836536833
1062387103462514690
1464244644058132483
1642359225903902723
1585300625553854464
1639802952981307393
1641769100929122306
1542618013966295040
191484344
1551204260318257152
1515175587760988161
1640299483807326209
1371254293391609870
1641469258898235393
1641513904902901760
1050210554571317249
1475844513977364482
1235369470656425985
805828506802331649
1619612662521905153
1641361260288565249
1622937681671127045
1273598904685248514
756544737645957120
935414674044043264
1600572868680630315
1640982735140581376
1593721143910965248
1518821121499541504
1593279493128572930
1122265194036715520
3293909825
1578120125064126464
41992392
1231934949583880196
2937189706
1230958562
1466039745612500999
1640460517431996416
1632465139961151489
1075622975641174017
197652595
1639849649409253377
1638709217052819456
483138966
1371473346819280898
1503881078016204804
1592547132212494340
337498265
1368342048491900928
1589753504347951107
1109149800002473984
1465864106724970501
805613365284532225
979789125489377280
1220840868766072832
1294638778099720192
91058185
1570507882247888896
1450698966660648962
2161150402
906055083346993152
1575894917028536328
312485643
3302668028
1639012921983344643
1612673235233165312
830780796449484801
1586836436925423617
1628832367518392321
763076899572686849
1343415353494351872
931594364010168321
1530302436065398784
1525896935349141505
1208985418722631680
1619734367709925378
943652384114274304
1593731049024110593
1475324508303020039
1476773424013844482
1586855450359758848
1502320914624651274
1456536253592133634
830837916553322496
1582608944295710720
1428464364487643147
121547926
1591424750018068482
35849010
1259868294602989574
1612916312388341760
1536506471172689923
892707169598005249
1608145554650841088
1631371160637308928
1590647064333008896
1416162307126833155
1125026066362355712
968524302
1557540434976641024
466506674
708496286538805248
1589375465923436544
1628152415064141824
1427411592811925506
1638831566309695490
1129763878684856320
1609642935292665858
2371203368
1476715968361418756
380365115
1599505614090240000
1636863191601774593
1585327693305991168
1494270372404875269
922970540570300416
1301306733344759810
2913923425
1636545728561532928
1854574052
1081637403444551680
1593171104134303744
1347090490324254722
1515769095978991623
1085416398803951616
24460818
1471458845310750729
1594349696541249536
1590990434414735362
1625685499720486915
944735930862026752
1610819536487325697
1589362717055410176
4846198638
1631651733586706432
1635801614249517057
1117352798763606016
1621241060193099782
4352470153
1636894280819310592
749860828166361088
840023922355625985
1634277938794315777
183367151
1520092104927719426
1326516668261146626
1201344802966712320
1595411755961810946
1600720777929986049
1362844269975904257
1588308681501949953
1636242182553374720
1031068388116721664
1631457841755070467
1618741985854070788
1085392245996572674
1479187251984846848
1285663701073362945
1632764900379357184
1536340577821786114
1554118292997959681
63386877
1540670095097094144
1597780375102803968
1560259510215663616
1571528396701581314
971539426256994304
1464683465862004744
1210039087681290240
1460535908
1508620032812765190
1605999568415559694
1494070036897710086
1509416584170852357
1635432270940045312
3024428368
1567243347303043074
1554030115
3036992935
833510865949200384
967147536342552576
32270497
1610692926769696786
1610428940002246656
1526817517678866432
1595110809134403598
1275980053592096768
1533484401610223616
1621145355151904771
1370093145875226631
1427347624810749959
582230554
1628850538652524548
1547012224354381829
1633917214037364737
1479076700688424963
1608663131298959364
1514078816469422082
1561496831757918209
1545238646772858880
1361463377235742722
1625935641283293184
1632319667791355904
1632861395699269633
1364971239417249795
1520225559548252161
1628791011336921088
1263123867335360513
1251142508467441667
1529210995473883136
1529569891686174722
1608903941185589250
1429734656006516738
1631816775946887168
3094450557
1518350589075329024
1562026937941274624
1582115677250506752
1474359931088379907
1632557980502618118
1581253175394373632
1460150176874516485
1589732670136795138
1575690840936443905
1534275646544822281
1601459742450163712
1626374000069705728
1625385696943919108
1590673957635690497
1424410420639502337
492616547
736016951332372481
1585073549995229184
1631245085223387139
1299181042792882177
1630243523890151424
1630439067169988608
962763070228615169
941487270
1595561145573728256
389448196
361103236
1490727426783125512
1571347805486338048
1610843182979506178
1531120026073280512
723723719869227010
1214659202402148352
1479537685161254913
1623339764752547843
1555953250565767168
50234386
1509328759912030216
1587804804121780227
1628720435645804544
236951639
873416505257598976
1521610488844587009
1605704416555925504
1469074531465711620
1577945843843342336
1628047756517425154
851379494518575105
855651281196773376
1620439658936033281
1288115904018956299
3258970313
1542562306411855872
1435460642568224770
898012947632578561
1362068392941772805
1610382681409458176
1596498215771295745
2969812203
1076940193741996032
1590178818655936514
1029002418
1345542872
348680380
104089716
1522470445076738049
1587941939923542018
1545299767
1573611996619997184
1609116266052161538
1325913238479966208
839842960653037569
405104612
1625676984612450306
1614291989767360517
1437636486468448266
1589396421341495296
1617324820374642688
1357334012478459904
1569974066638979073
1619032991270944780
1602006902015238145
1586831742014570498
1422636809222197248
927657935748190208
1206155348018704386
847967563535482885
1624159115663794177
1602939828428947456
1352155344034787328
982063944339615745
1594396902384189441
4855680069
1481827120988966912
1542825362119430145
1469068490762039299
1496331215242088449
1533631981476581376
867288849889853440
1548705172737622019
1451638439145844750
1549273740407496705
1624898463858139137
1481678847456256005
472070951
1594348238018121730
1499521056503382020
747620145644843008
1603477405779255306
720176222685241344
1448817356495413248
1533528575839768582
1468854110074150913
1362769273735684104
1449260697964068865
1583450509322559495
1054178444181995520
1590254363288690690
1361083636624355330
1619503405558276100
885544294081331201
1515272975485911040
1619866389350846465
1372405727587893249
1235430792089591808
1622583441182060550
1347607279244230658
1622354562202980352
1542659198877458432
1577801393808752640
1591418007561162752
1504897338275512322
1463165785518444544
1621627450261229569
1535827632746807296
981272466902470657
1622038054494937088
1621979060929798144
1426665482665357312
1582685395485163520
1520094067295764481
1468028731575107585
1448339632287100931
1269255095293804545
1360115946816479233
1618439797273411585
1532542937405472795
1589417328189603844
1518831880358883328
1596665175540748288
1485829021707517953
1564720014405640193
1616626641131954178
1577644150110961665
1597374860921131008
1621338567371792384
756262555878821888
1620832674452766720
727593816455262208
1619173445446549504
1503680286634168323
1419301969416568836
44634191
1343444600564948992
896611644842717184
1360330843970019333
1466593172369428481
1454128429314543618
1518466840212611072
1588863084915048449
1367568419084787714
3149302120
1374434029819158547
874457523050491904
1311745101618507776
1618946517775093760
1618554234915491840
1846710769
1241480828204601345
4856395292
1618540114019508224
1589387703816167429
1473772864822079492
1518686634740383744
1560350230427701249
1120840017071493122
1610815393161175040
2292389298
1334296501691052038
1373812507471663104
1556652598081556482
1574881463924826118
1466934466262310916
1615764372512731137
1541512312242294784
844764978
1595748956218204161
1586882523396702209
240081757
86868062
1467340048756613125
1594059275655061504
930301276138618880
1617008655366508546
523886232
218014865
1240641883
1477749310611759109
1616479890336776194
1595369968392019969
1608228550506868736
1338916009433059328
1603513284493189122
1605125035110404098
1433035618813157376
1613170938392023043
1106290072998084608
1614519601320132611
1614953065768968192
1006180258368942080
991704130010910720
1610294476739682304
1586091177694367744
1609631759729307648
1524226014271913984
1593924785364418560
1454758076607696898
2733857011
1613909535399215104
321325044
1598510696978960384
1612676091117813764
1598178502733434881
3140851610
6098012
1267663125081460737
2755274684
1368193731908734979
1280248777312477194
1267372407599357952
1178831253161697280
1230587545760804864
1423402423423545348
422954230
876944820673105920
822299610018365440
1486944057997676549
1407272223719661574
1534120283946504192
1598528501790941184
1442546646772899846
1586643566612295680
1370875499837321221
1611198996722188290
1612914422707519488
230867960
1386682544960253957
1491086586720645122
1394841313036603396
721100074953097217
880741326
1497161503404929063
93669313
1611816542261452800
1452859222404653059
55599228
1549795381965271041
1266494656076013573
1593622074291093507
1530551516209238018
1611097390966095879
1588558128483913728
1273341811197689856
1474617985923010563
1155031120427278341
20695902
1565183865094045696
969277441859502080
1595893971301109762
2405216660
1181549901257285633
1522825785433804805
1031726898
828702591878062084
236300369
1601977194451976192
1400063644403183620
1506534777028943876
1428864524673765380
105631514
1585703408018853897
1369920783779303426
1466773883797876737
1157116661058756609
1548893264220127232
1055877718401794049
1585931455636676609
1439420180
1426217191
56857128
1550558690683809792
1211784762945236992
1375967049021816839
220478007
777338169209462786
1591984747382644736
1530337082870140928
1326242416119209984
890981599420051456
268210862
1287117657322541056
1602954835573329920
1284316702814212096
1270821688289013763
1475491191336714244
1556244493917118465
1487968439692152833
1590036175418523649
1590019656147943426
1082512795046998016
1607514986049306625
1589925216959987712
1558414906977837057
1607697335072464896
1399805328909287429
1498061542813847555
370403181
1015278039058403329
1608440257212567552
24280996
2407544636
1495801426072723458
1371607077467086853
1508627086730268676
900039752979804162
1602343975825842179
1357717304931479552
1593294151768018948
1599822995278774277
1352205787867668486
1501319210051514374
1460930473849352199
1601407744506204160
1607636906199728128
968001656037236737
1607547597727694849
1274135215464726529
1538477001237008384
1559598317843128322
1495745698553290763
1604362554863718400
1523876667424395291
1545506363593396228
2922181055
1430609930306916358
2258125290
1415833705122250754
1434471455283105797
395985760
1245069271052562432
1540718715586478081
1133465983425884160
1553372043579691013
143107785
1385186269421056001
1596939507747766275
1471578720825757696
2284156944
1420980147050717184
1597465647390380032
137452190
1299775636408541185
1499071416020652032
1598131915017666560
2280572664
1289798739570221057
1349819673911713793
1580100175024066561
990510132839763968
1530595403946676224
1330374185550549001
1518803115243413505
1092515666689703937
1576978820409982977
1551402818497433600
1270516351682195456
1575992464569253888
1326361325229006848
1600004355515711488
881795855916781568
1450501131956797446
1480117709253722112
1594158761534541828
984275376896557057
1581802516009943041
1483038381693091841
2345858812
1519502642560524290
1514279337490587656
1159845701905309698
1224809034768883719
1603873461155291138
1069216189941993472
1600431964997181446
1318970681619632128
177615661
431939014
1433326752290443266
1595977484801122306
1439584041590616066
1078661939679641601
1579381229325062144
1262290262740664321
1312604966444363778
1587130749894942721
3295510628
1056962709013577728
1430280576611889164
1291778117644759041
1593693617566236672
1597705721076158464
1248176458767441926
1385092384548085760
1149032446219804672
818905354205622276
1526843685144494080
1577830181158506496
1450283177587531777
1474553187361304577
735407082
1304258835381514241
1360294910927065088
1080147480208203776
912375683774521344
1531660022890975233
2872422214
1595239964974862337
1043986958027026432
1451223968917213189
1223343605403791360
1427565290607554563
1315728259078742016
3367007842
1538249797987180545
1291131334166020099
1512455396920905730
1577384131952054283
1398762933421854721
773846775270694912
1251457656394375170
2488086779
1225755860237832192
1642023415
1520000338371264514
1035943584195854336
2975812381
1113293847235256320
1465739172426231822
940750918215069696
1606529224046743553
1599985262016487424
1595344451030814721
893924371122724864
1589382172971921408
1587889254423842816
1586399112206995467
1292966435447218177
1532150776189046784
1292041566249537537
1335701301364207616
1500195777376702465
1499127503482507273
949681961219641346
1201107860920373255
1438106634492989449
905460577111334912
1476372133
1570999753260912646
1454527247885508611
225265888
1509987596654551040
1599080404585152514
975841827168440321
1600949164543721478
1136431895531728896
1073855893366865920
3062141760
1550106433169068034
189778932
887264594
709859318728888322
1591986590221467649
1395122674398081024
1588097792081154050
3812402725
3241791551
171233532
3717835393
1500301322
1350191868362051586
1603046393316245504
2870185546
1229474724142604288
1427746546343456769
753262224983089152
1602820424399814657
934038534033412096
23585187
15903371
1602699500967153664
612591880
1145499024289648641
1600407837347545090
1222921016294494208
265493350
1085868047267549189
1945038074
816711080516976641
1088945288188841985
1329064992981782528
1579281608418463744
625196467
3229205833
1386891684412338177
298622451
14242542
1599164524904562696
1367843697275133954
278717673
1218706213874978816
720445825512521728
1595605619997802499
120967003
828816491097292800
150546102
1282191019421904896
985545719472799744
1596366330562838528
1132410797521604609
4059212894
1347367712058695682
1415044031491416065
879737457893363713
1581367515933966336
1466653959951630337
316730559
1589606692995620867
871509082389311488
1593449161155923969
1559851901323296768
1602056977164779521
1589364415786360834
4840957791
1500956710185308162
1068210480752328705
1313112973909659651
1401878274356256774
1357691468966596609
867599678631751681
23533665
190433744
74609380
1581033789505011713
1182074531298643968
1598048451983511553
1224398636378771456
1589534041463668736
1333571735787085828
1503892345229512704
1587836825942401025
1132317720681127938
1586470030337638400
1562540550397755393
1558944311797944320
1598661852015300608
1589367037243031553
1427383306312691718
1585968616683540482
1573336541342171136
1566133824924241920
1545197623404965888
17286825
41420332
1590033816399228929
1245713634753482752
997962896729657344
1524852346219528195
1589479978952974337
1527060901060395009
1509968940423819264
4895467485
1542308621148721153
1592592299564957696
1601075536935227392
1587657836041064448
1636117926
336236044
884937444692377601
1599807134463676420
1411474170937020419
1376336923732680707
1475179435133444098
1596812711928729602
1476064228809322504
1591098001417707521
1597507372574019584
1580281096679432192
1520326131248992258
1591847900157542403
1300124628183126016
1595827247893680132
1565866700494589953
398823404
1267884424772947968
339083865
1049379887587450881
1571770521263509505
1407052570246385668
1544812854515220481
1595610495989465088
1309560884386299905
1174378302833922049
1595486947161653271
848238340923117568
1224653499545346052
1486735720895205383
1526710569277050882
1536059784528801792
3115864453
1550415771188314113
1372900964047450112
1235711798155907079
553246138
1591493272203141120
1600160192058085377
923007512529399809
2843713972
1598137301036580864
1577869048494587904
1471290593875660802
48445355
1519125425024376832
1186516851439931392
1414434229
1485229741783371778
1597222211202547715
1598813260387684354
1610975198
1584093872740859905
1271200127823360002
1571580223887392775
1565711943700078597
1493565168546156545
1454181815711932422
1599530265554161666
2938155305
1345534092562079744
1499342107131236353
1366781519667359746
1479473243425812482
1194266849241903105
1215505699918057473
825455980695736320
1517629969396125699
1324223208778813440
1599194644616732676
152822038
1279730330
1504215298102251520
1519342978988486659
1573369857441234944
1595411707488309248
1598977204196896768
1586137189695496193
1251618669664354308
1598116209345662977
1499092292153475074
1596593262080532484
1589307649069174786
1532502958264307712
1594262308162863104
1290117756315037696
2391897518
1427446266158538752
974664333811699712
497514370
835078520246173696
1360004742706040833
702925186300039170
1456830302572122116
934106155764342784
1465661487557447686
1276376620467720193
1595182217407467522
1467971099879219202
1596735640036839424
525497064
1267548993179070464
1519028255642243072
1476114873343873025
53131035
1591606720815632384
1494110530063466496
1594153377969180673
1586515530776576000
328073949
1587194959668678657
1269876618463342592
1587100272085565445
1482479502223626242
1595686317333020673
1160758325107187712
1587805385859420161
1595411621161099266
1576142653871177729
1595194787321241605
1595096730755809280
2282840634
1438837385291239424
1401236120
1528844118410993664
1529911174896177172
45418338
24431333
892131819872714752
967774678986215424
1492450385398841344
1410376175860527107
1592162181134655489
2390636869
22131168
1586661745682153472
1363568897388130307
1364033658903011329
9231112
1467247710537408515
1593637618339745792
4855736205
2538227347
1489569129946304516
1589776200377008129
2147932104
14168372
1587826558789734401
998943444478451712
1395016652232663040
1587037500152991745
1339621580062777344
1280831054886998016
1049458666007613440
1571307468952567808
1566160562165370880
934860729068306432
1326512257
1122657406230630400
1548445354185568263
1251211170566070272
582368422
1564052276330860545
1527082665488285697
1377365769105899520
1526291760166719488
1589471244579217408
1585130440192626689
1256223877753114625
1585903920123199488
1478032259676573703
1544032584463687680
1108226911665176581
1393204446784540672
795047268
1555257556389470208
1589407415807758336
1586027808119193600
1488176614869458949
2800866414
1585760268889608193
1457814542520553477
948296526476070913
1440009878420983808
1592684152297603076
1571239984425832448
1500376502432681993
1468835109621043200
4550815108
441480729
790749735074213888
220891672
1542993587545280515
186310416
1587715098847678466
919520304753504256
1559084990704631809
1107172346
1491661575652093955
1509663418369949703
1524899679556800512
1589649973515354114
1586618016921718785
55744877
1202310668935974914
1400295188396797960
896537817865703425
1347563421500248065
1436178913273782278
1471875255186739200
2776991420
1487297944298696705
3390142516
736069083028852738
382370994
1448399053574873093
3708855256
1486405806753034252
719196385
842597539991896065
1207001542668230656
1476027797646753793
1469760472987615242
1379527398027329541
207175934
1458254034578575360
1472343150807105536
1586421283927072771
1344956684
1521387526904295424
1354395941906894848
131877932
1590656345312792579
160414550
1473397851996758019
18643826
280181205
904467778526117888
1589370784698572801
1591840662286225410
1591826287424856064
1325139129256996864
1588621139273719808
122356723
1587810349507612673
860998512254701568
1393248526491164672
1564499709414326274
1568066581900701697
1589715794476376066
1342298256898994178
17447536
1588268284146769921
1336384611190976513
2260351940
1036502885217923072
1362848187694907392
1590248396551503873
1508716254630232069
1557674222511693824
193976920
898083770087206912
1589954281247055874
47735010
1520430827053756419
1496501351760773128
1332685003
1589378900550946817
18156030
1484736136253775879
713706813762498560
1589396327108059137
41905954
1577688502422102017
1519911268919951361
1468083279664353280
1439162890506878977
1585872838279499776
1587062639351500800
1587297853877018624
1133146143783903232
1435720296791695363
1354084598347669504
1552467340352098305
1461885338918342658
1467669102189858816
37690416
1587569830823022592
1198230343
2417633689
1549776991783723009
279872903
1587400240251936768
1428996324616065029
1587505233961357313
1273026620534767622
1253448869142163457
1585890738872750082
1566014128631689217
1402666145585500162
1171203776155463680
100448950
728006147723153408
730298942
710972918663086080
707983026383413248
17216994
2591353009
61089046
794191279567568897
517940435
290971993
1427841414814216198
1541924537566199809
1414972753145380880
35771941
1386753081652678659
1519218000628441088
7325452
1530643344732332032
1504877399913160705
787847062213713920
1399177060141109250
1245437723500056578
1573635236189163520
1159540664109023233
1510657393931259916
1585769328292536324
1489353200587190282
1585679694715920390
1178319529258016769
502156623
1568670652219146240
1000904608904982528
1585085455216820224
1732809506
1578151613893693440
1584828301385900032
945829087
1574573985379000328
80499062
1482579519902998529
822613921563607043
1404790464730050568
1348011647110049792
1497800630550740996
828253251535511552
1532707296022773760
2292604604
1519022864485306371
2944399826
1563479162006151168
1554797682195156992
1516342367216975872
3009871927
3854981292
1582880168716414977
1582693136165388289
1569251638799368197
1582816247053328384
1520398597707153409
1387061077599531019
929699354088296449
1494648920
1559340212966330370
491530957
969318441646788609
1510286963835817993
1248284084033462273
1235256396695908352
1554418628933455872
1280976890
971157641912229888
1207686658587537408
1516759366715600900
1181947820229713922
1380275478100123658
1440773477040934920
1262915436531912712
1236087663347761162
788162817216032768
1578098407981420545
1579885886396932102
1323417691185729537
1576797430053761031
1016063888993988613
1566800196998086657
1572621205567332353
1566316267249737728
1556849857616171008
1364174855227211777
1149074599717560323
256247132
1560613541689835520
2831810910
291840279
1304152377050759169
1086871083947483136
1565492730926612481
1231641320537624576
1498418745139675192
248994056
482440610
1370957591006883840
1570262457175662593
1503083649130020868
770001076582019072
1472825488850751491
278565030
1006591788914757632
1351525075812556800
266785961
1267178325090406400
1511682536522588169
1575224160011288598
1408787973617983489
1248232389723197444
1336060740
1517169960598085632
1573267926920085514
1483537458155380736
580626670
1177669933049827330
1403181761660588038
1260438310905929732
23962971
1519565412756705280
132641879
1277389784583995392
1550682691141517312
1571881405776289792
1564484075741622272
1463792158528344065
778952476565368832
1506794828876636165
15199794
247310037
1565209521571651584
279306517
1473246511207223298
1566812354964250626
738318278636896256
1487864070485204995
1549483028397060096
1009706464552706048
1570322450562392064
1346643496111919105
1184210407130570753
1537576785004462080
1547326457130754048
1487246680890036226
1071930942
1296206070340136961
2985215504
1131983647479930888
1568135188907175937
1078548240239230976
1469891844322385924
1172086334229372928
1382861912795402240
2616488888
1518723872249585673
1519676237878337537
55211840
4885366191
950494078608683008
882151548775792640
1185775316960268289
1121327747710640129
1567307367196278787
14795330
317439514
1384297752339701762
1566943069659865094
758307228898254848
813203080292560896
1225924936583110656
1503010180891615232
1237968559986393088
1468662864353415170
1491999478320021505
754373634320310272
1341504203416485889
1561864036999905282
923113525354082304
1478503520177324035
1272304420798304256
1533489199214735366
1536134275707416576
968505042
437359678
1500685001171484673
720304893009874946
1543047162031915008
1522405027217817601
1518737670717198336
1504102103475707904
1445573844
1519058890717020161
884526971916611589
1405730432428171265
1564356711858716676
1446597650472738819
1562767623699726339
16563082
1562640344713289729
951795669701939200
3307282308
1561813951947628545
1276715545551831041
1385640575982919681
1315838719807561729
1557185086117752832
1550146382450802693
282706947
1080341452071284737
1047352091604267008
1155449500577742848
1536510487994638337
1560698937492873217
1533303219874578434
1560312795257884673
1559620313062821892
1312812751350312960
1545574768765804545
949691886280888320
1453011038245462021
1206692460124094464
1557806954537398273
1308665126892036096
1551642592101662722
1551797469696036864
1491343286535176192
1536125031335723008
1538423670145658880
187840391
36612159
1359322869709348868
1061095692788105217
1555274897458450432
866461465993125888
1517637778426580993
161190362
1500596501793411079
1545677751557971968
1367618153098973192
1467601810462584836
1516704207885246467
1508573794436222978
1247245608513089536
1548109160469827586
202658229
13543852
1518940826788896769
1352401655145275393
64578128
1358772893468012544
150395813
1544891309386768385
1519079630858203137
1526337668212314112
1362814699
1460419625246625792
1356577565050351616
2322305359
1549228067930853377
1533752377584586753
1543702301176729601
1372068357831278593
1519673084579618816
1518725391342465024
47510944
1410104457216479232
1475255130110849027
1511354526883794948
1184479080026128389
1278450581422686210
2516485663
1512456483094425603
1454835751556878337
1086701927356870656
1461414496510087171
1412551582177169409
1268607243190251524
1483510386838016000
1318620468916719616
1369468551032008705
3288238953
112684779
3006694185
965921415106121728
1294636617622265859
18120897
473472026
1547398996133568513
1547919108447952896
713377689743335424
26278946
1009458788208869376
1387466078721294337
1519397115943923712
1024846865832062976
1473064244182667264
1267930060994088961
713025817702432768
1323271298609516544
1100495923522592768
1511174803218173954
1536111003301203968
1546510237179338752
913402574
1082972547396919296
990775611214872576
1097683257091592192
1384528479316844545
275282803
1518685465876090880
1519832102241325057
2432223907
1485996898737606663
1427774982772379656
724870064407777280
1298073091843567616
1514966314615455750
1118289918814560256
955485791018352640
1429642725218004997
1389636365034393612
1089251135196663808
1473632037592518662
138489243
1174356148385959938
1168591784911331329
1511746454263578631
1521296640556126208
259499890
788879917635112961
1498261424036012035
1467136287287259137
1445122793448804355
1519332687324061696
197851428
1304423180346552322
1461055693688029185
708595485435625472
1042841352776704001
1290923934200860673
1430584098431639554
1526224464903557122
1539022556564430848
1464788314314223617
1470143650839552000
1477838811291922440
1518756475383996422
1538617668936290304
898220572856995841
1520998745097347072
1538288322585321472
1537543398302834689
1524879868558573568
495622908
1402816922547281925
1536796346149126144
1524781208663691264
3018742509
1381593906677170176
1076187814855884800
1381414875394678789
1529860943454273537
736214254194417664
1240709793247121408
1469014330834362372
1084236632864092160
220212068
1428046864805421059
42508115
1385248485834952704
461071057
1527967324598411265
1354821820931739661
756173519545708545
2202066547
1484375910643953665
1096283169899380738
459733420
868259013301071872
1089001514922848257
7026252
1501289991116406786
1154041944173154309
1249912461257392129
1534472984219553792
1016260688
1451631040628510723
1530538206579593216
1450656984265601031
1522871051583111174
1464569794699612160
1207495967718555652
123477945
1394163356278280192
1528898644304441344
1198439580099371008
991939424756871168
777643351785017348
1113677958819012608
1468839885876252674
1305222773409681409
1154195859698925574
1478935374365958146
1305977989
1473011582334652422
1468565403240890368
1299796639884996608
933721957517758464
1185554130552705024
1447958092113657858
798669619246534657
905915649981108224
1471519876544090114
732952654805127169
796862655017394176
1518744516051750912
2452867946
819427188
1386642474
1241109933824839681
49540266
755934079812505600
1215513733151318019
1141379768799178754
1427603097547952128
1530206786967506945
971705295587172353
1503526665120538631
2710013689
1320023702222888961
1315391603482259457
3307008651
700786690718191616
1482201278939860993
1527262149567037444
3656836876
1446294346911952911
1220135746981580801
1527698148491423744
1528575538910138368
1519776128243671041
1430886087337992196
1508123630336630788
874344320350007296
1350327387221725185
760183887129636864
2835077793
717223802
1145702015374438401
1359934549694836738
4532953272
1347091733432078338
1519116638913769480
884871410740600833
1312040356360396802
1489154808288219140
371856207
1443439238742044676
1526656954025795585
1378902878161616896
1525982282808541184
1482250449218510848
1471664814548299782
1480972523630178313
830060117437534208
2347751442
1520498627046744066
1282448615361916930
1352024062374113281
1229720491205758976
3138347781
36426206
1353571906042040320
1053855558330208257
1468334347828998144
1383979207735201797
63990666
1509310373190684676
202021599
288056375
1449782384925216776
1200991893305192453
1350047306079481858
1227292100531761152
1516969364867715074
1134463296973807616
531892111
1518926168195481600
1454222813448085507
3039422943
548167542
1379884559316234240
1021596229510291456
1332926739761291265
1178553106621067264
1499414371977469952
1448237152475697158
953874691508310016
52275909
1476340294790651906
1325573776143249415
909748172825743363
1455423918
1194378538411053056
1071875283509231616
1330746510879961088
4548885736
180877138
960508515814182913
1467305555689500675
65368061
1391318852194246657
540223123
1487565423944077315
715435146015473664
1161597044
788794717806919682
1493086068421320709
1334051
1389224301170151428
1327003755179610113
1343150345959170048
1337163876572524544
1049454721696714752
880113655068733440
897650054022012929
925865976
1212457076028370944
1298044218716205057
1129720458
1158222006921441280
1211251988572164098
2540712878
1519490388612030464
1413435124662763525
1513291379895644167
1375161399522033668
1458221380185505798
22451723
1154056297232424960
1425206235264163842
1469368286588641285
741377469765156864
3228988110
1516632336170950659
1367338556939669504
968385896276996096
1433123968731521026
1377107217292296195
1495758741077123074
1515062985944875013
1172468792544440333
1508502515985391617
3133789828
1285680104052531203
857445787
1325992976871526401
294004971
1310757950399619072
1124803503333965825
3187221104
1441087720055443464
1333378458907533312
1442894083156893701
1366602068925046784
848519203783159808
2257539562
38227795
19828155
1107569015030013952
1291479115602649088
1509714445454520320
3536963279
1254857421891284995
1311855275389972480
1433105598485250048
866961194913071104
1382079791222886405
1375051310731509761
767200130688659456
105529681
15363308
1314193519897178115
1502712747464794112
905898956105945088
1390816798375772160
1276612484573605889
1007050636733702144
1449888671407087622
1081490771923079168
20385269
1366703206009552899
1436775539419852805
1508533587473272836
732681128646201344
1061370662525304833
750437909224910849
1094978708371374085
1403366192530825218
1414942603318005773
1468121187301531649
1506377725451374602
1162903949353111552
1487173305589063680
1037438720847355914
1420383811444084736
1476300854579847168
967164447063191554
1322189756697030658
1273953060474232833
937631077325262848
1926743834
1137901050130784257
1492213705601433613
1402435745759973379
1507101337925861392
14845555
1104347010230964224
864338997534904320
1870230860
1160537265770156033
2209483106
1432192298960490500
1357038452794089472
741068948905578500
1273729165011963906
1382944093932814337
914990650336190465
1370420117775949824
227263572
1509012193320316933
1188768932771090433
1498210217116459008
1161546762
1269338673608183808
1011067661231550464
1329630430614736896
700773246916898816
1368195175529521156
1885890504
788353052017356800
1615468759
1467127233542332420
426171392
1275272770407063553
841197116764626945
1422143953449586705
3315030411
1332261343756476417
1238320367703330816
1464418656352354307
1126261387603382279
237111933
1493224484773548036
1116548763168858112
1502851703896428546
18215608
69368132
925210519505637376
1446692846145138694
52498011
965402240855896064
1335942348832821248
718600146619990017
968431459034841088
191197943
952754105990156288
1478880282992336898
595535914
2830452637
1333059582474792960
1201595653127843840
1461152296729939968
814251737330630657
28967163
1487075465579966465
294889288
479908906
1379280445993537536
1449103355222056961
834849174965383168
1355589268094279683
1296476136134778881
1496252256898977795
1249975900927430657
1464265345976479749
918437848180772865
784247858467737601
4344089668
1176806863872114688
180683979
609676437
1296408232253063168
1475534856
1377414834845810688
1243692732146536450
1467426857213595650
954486936785342465
1483893386817986574
1496010964801626114
1199436219714875397
773707325844688896
813033517508689920
1053009210047369218
1315296291174461444
791955068694114305
2902058798
1440438376193138701
1467171521181499401
1161092556505174016
815680436739383296
417136061
1031017574283108353
1478478953161670660
751930818897907712
1097307140690272261
1481399437427503104
58644018
199149601
1472664946525749253
1207086680517287937
1233113216156413954
1143534669243330560
1467863062145380358
391243165
1481649235095293952
1433169593674108930
4852978169
592931843
1111055470360518661
1434643830817665027
1274851110617047049
757338257193521152
857906139173924869
66887719
1358976612805586951
1407749817934266369
479246462
1489231662634487810
1407196394855702539
50204629
1420799926729166850
2155287590
1271452975714766848
763399422805880832
4583508315
924709880837046275
1339303550984347649
418258099
1145560535498285056
1384323207134543872
2810395514
1427316004707786752
449518789
1367611692230856705
989695514441633794
1315898619527008256
157762599
541042156
599456526
59909217
1481597432706252800
2422909231
1384138590167265280
2955993675
1581922358
1488255559887466504
351706288
1601593543
1460406008468021253
1480707059117137920
3410304976
1489472101744529416
3972419163
492156320
1451557028455923735
1422258958820003853
1155561036411543558
1265694259119824898
1486503878879182851
1481582232863227909
1231591561206456321
1311719960847224834
886916234
1467276330316275715
1270098155548229632
1686684108
1482535668160946176
1436186913317208064
1448800251914059776
1176667416979365888
895333130252451844
1310308952664666113
1338154796906319873
1385787912688738306
899323715225178112
765260047916072960
1221881912425353216
1479291669031886852
1633229629
222266630
1007053249348808704
1472111839735541761
1454855262980870155
1481206025219117056
1471726409244717056
1437840947686039555
4690322736
515194884
1316205953373663232
1481410627142754307
1053116779071979520
1344405823414534144
834788212900057088
3330431235
1364307115397967878
1372252739472912388
31358365
1178171956329373696
1467225797052166146
708072367457566720
3432851884
918448245034102785
906496428234682368
815728164722774016
253793636
1310518375899181057
1449725446589923329
1466842383832780806
1466939975467950080
1153133781873758208
1476300481173417990
105703845
1363982522183544838
859543544335355905
1276401409
2885802829
1431448384552910851
1347729859972239361
973912854909870080
1468265060757872641
1282786744103051264
1476623124238114819
1162811131704029185
1473990848484614149
1350181029408092163
1381267053206765572
1265811711682109446
1449857983874322436
1250871884620726272
1292811334757658626
1323421271795867649
1113542037834485761
34440428
741295260081360896
1116415526295756803
1307889048904699904
1419326759682592769
865685025009811456
1157401638455431168
37774443
1443933597350694914
1451685640622460933
1412701271363031041
1428519687806078978
1403740868339773454
1468355780483112963
1471654537576558594
888108375510097922
1310576318791155714
1412435997950988288
1158795074416758784
1118947457415680000
1416212479865196545
776384191739072512
1347241181634203648
1046913591268581383
4330569813
1306061191
1431803605
1097325285291315200
200576451
845426861110910976
4360043123
20367509
1386340151136329729
873592111098204162
1451941051334283264
1256812510344368138
1395200580759429123
1361152402515234816
739191736602402816
962807955560148993
1375129159790428164
1227724909318692877
1421483851256373256
1468296007909879812
1267980754664992769
1164185015753818112
756313899524325376
1439580600818708481
1394773081424543754
1255651867981307904
1188858353465937921
982955358271533056
1408600853930385414
1093218316519460865
1163143950095572995
1463179909166157833
1432929289478053890
3319565589
1240780672173633536
2482337257
1430514625267781634
287763596
952756536786395136
1438878774196686850
1403010024956440576
1369310974570688514
1456976541909504008
148469468
3386416133
1462843932149268483
14252200
2383510675
702955494172971009
1456253984096735237
1327345136259321856
1280298812314128393
1055024723837489152
1393382022492549121
1424088441298554883
1461896363449462790
1208386913800818688
514606887
849117419205345280
1021130041
972654691434692609
1263984857048158208
1338945708129398784
1067446453017165836
1289341356221972480
1383054008923865091
1430885171771871232
1333110657965821954
14144881
825445747
2784804780
1278426873517793280
4891360635
1390771398
46799622
1090254235
1246194854939570176
1354775735081304064
36959480
1270817461529653248
976536929448681474
1279545447493713921
785735158116683776
1121039742479605765
917587597
937370671100956678
2904053804
1345810775433162757
1031884467936419840
1310305961018617856
1121164361458782208
1377799817024389120
1304753176759939072
1050077172440944645
24328533
468278460
1454143758417731600
998368218531221509
872571580727087104
1162932610328190976
1405230842000154624
1341375993701945344
1268985004002029568
23035013
547231764
1197186629292703751
832363140
1437419406464716804
3295253583
1586447503
1439432308419964930
176092740
1245368561574588428
1359229408133996545
1195081760293478405
1141977551755083776
706393442327379968
1385062902311309312
1037358265649307648
1435384073145442305
1355573010980237314
52261363
1265795367850958850
785785782
952626408496488450
508259875
896469374504243200
1366773443023282179
1274692457913962497
23189781
1356798461312520193
860090472
189631963
1259538661294501888
1895204708
563697067
1066374611754016768
1254492047496617989
1410372991490433024
1105955565182738432
269480632
1347010013475299329
935349020
2474320088
1412368071931707397
1428646070284869636
1186648074489339904
1324116922682822656
2598183050
1160334575295520768
1385792269182291968
3413276129
2715353311
3135644769
1197023615730036736
314739157
2752029255
1231793597457911809
2372994456
860024314783043585
1167028576937480192
1432382940017741826
1170540489491329024
2298878527
1160967592284024833
1062197256441466881
982056590609018880
2351053826
973646991099121665
1081033132076400645
734185690804555780
1419725580573028352
1377770543903088642
1071437496024788999
1643593093
1417396251390271497
756498160223223808
1369761861399363586
1271572531200380929
24699747
1410183493523496960
1368151039564713984
4911324614
148934865
465037324
1275790126023499776
1297921655575121920
1366920519589777409
722451997421674496
1367134545745567746
2982662429
808886173
1324205962077573122
171653428
1366049467460427783
1405260675811794945
1275277480891310080
84526913
1370317296766382082
1366150793523580930
1283225777165737987
1077820076
1274160867207032833
1201178994588168193
1420901616983576578
136880720
1413021566145679369
96039898
534437153
1161818073327947777
2385477451
898823055300014080
4885525736
958686514678026241
1314737446446403590
1199023560787935232
81977862
1068273730994954240
1171110788280520706
1210300994
1148352932699525120
4795549490
3418210767
1388966975511175173
2471095442
896390903081836545
13410
1272788361443336192
3435433637
1147294574861258754
935996848267022336
27778127
1348635828889804804
2712441570
1007403968996216833
1203897500840734720
342951419
1281361998027071491
1268332976611495936
911358176745967616
1375204226717077508
1043411077
1342369769052401665
774346370723512320
829832567905923072
1278368503171444736
1395539616669872131
1367142333528084488
93755227
64172552
1085368195568029697
1404738690069499907
766285264855629824
1356426442276503552
1094358237992767488
1383936507065495560
1400832749607346180
53710660
75297669
1567184178
1924240836
1367613750308577282
1369062479649726469
824972798678401025
1398400272662208513
722163102305935360
1354360896093470725
2269700892
363172704
1154966829422563329
25825267
1268106159719804930
1298643183379849217
4564504467
228103218
1362742258160840704
209693451
856062828188487680
1335237183234519040
1259953468682502146
1062430446372433923
1127547875301494784
575938239
1358739058944483330
1350119103667838976
953221
19620470
25762175
4372443982
978423841
337422857
629716757
1105882217727885313
1309125201767084035
1239597535389536258
1365822611142316036
9267212
1329640557543448579
1061257503168741376
809151569023246336
106349038
186471595
1237787589052182528
469029915
1179396972324802561
1196841665207496705
136175598
1267920162679918592
6331792
1161506413186822146
105268415
274567177
232731795
1250996316190191616
1297016272073289729
1390001130143244289
763508452870225920
1394767413925777412
186395658
1051550250568167424
1392908434174103552
1372016139044229120
719973975
797808437832908800
1264511146389729282
1368986690325385216
945048278395219968
1336013927730327552
867527686691991552
1242375206565486592
37863826
797151015845892096
1365099828599021569
1144466870898049024
998754646326996992
1267213270978449408
4921358938
819034558058229760
921206538932506631
1388549334833238019
839276201139191808
1386433940974493697
1357221268341223425
1383556210318741608
1167787470106312704
1430377490
1054946877374951425
1107772537717645312
2521657724
1382295296131149824
1273377514451320832
1307793508963627008
806986594234179584
50173730
1345603722378964993
1225241728304787458
1317601647216840704
2496261259
958391702309490688
1289275345
1223829468818505729
1155886120351100928
1317473148493770755
1093297314830135296
1244325815610998785
2607421675
1029008866053431296
4659366628
952662875650379776
1275075740401168387
1464472334
192149225
2658760976
1174180198721495040
560150259
1355912282799222787
407179694
1367177662167474178
2855782528
1329118325767475208
810895268971479040
1381083480658898949
1226738954340196353
982739657996648448
1004420067243712512
1379555679330050053
2790458661
1226363713957089280
255286939
42883807
3469089194
3474170896
1366585452472524800
1318848777151795200
1297966062991020032
1096491898020208640
1374395171366858763
1089964276352196609
826406147456249858
2914155473
1177984253650509826
1048265276104556545
1337852270873088004
1085075737907027969
1315388932469686272
1151365625698119680
327823484
1106045971253719040
1055481548689039360
1370710156682657793
936803388037009408
1123042964366868481
1030624874388221952
63709328
532462063
425235183
1366570765836046338
706623732186537984
1371872976077955075
1242899027982569472
2795038573
887434912529338375
164928882
1374084329098387456
327800646
1374443354465783816
991775472626356225
1176854767068504070
1366051776097624067
343925514
1167639442011643904
1210323902674677760
4184121269
1492989650
776882717736579072
1370166966112030720
1371982883032825860
718960320
14253417
1347267534182096905
931185935395336192
173294823
983143425850699777
177954755
1229630497040416769
886767749426499584
35106142
587232516
1345458526441771008
992265295594049537
734126161
2445786822
80184608
3081649792
175220232
1532963154
1348410654571393024
1364007163329449990
1204449539157049344
1257471848574521346
791784400388259840
1360364813197656066
1248692034786848768
886209623593803776
1362751838525616143
1365855323777601539
2610737378
1365814795522486275
1357706418745319424
2536468422
1315173287928815616
1057560906
1273406078273728514
1335027632036048898
1084027079413415938
1136511385356177408
52368836
917617052457820161
1317655272194674692
1359514233252233221
183739654
385066883
3081026023
914155890349150208
18047641
1246200724469485570
1353862605220179968
844434316943904768
1267270383826358278
986846316750778368
1302260599347449856
970889361930698752
1247796728872333314
1092166203869519872
1340751065948426240
28527511
1112444936773877760
767803697279569920
374842005
1005770663125233665
1055966133004709889
419183127
795832924537032704
1002545732161765377
1152865105123479553
19205671
319042365
2701898754
1306576214564405250
1328509112708198400
1253048185624412161
950235663810560000
374688806
1317914546078580737
957307575724371973
952911386874646530
2345891011
320370596
829691946725687296
1082257528094904320
1302829507
1091383796618784768
823196977198342146
47606968
1291745694840246272
2527212882
2993377468
1916487548
1339935258498707456
733233169
1325533124328091654
415973368
42265227
175584371
3115557718
534284403
1336072534618419202
121766554
731241032038256641
908791938312282112
1329477640349159429
208668363
796928978015649792
1266013507591507970
70006101
941407861
227733054
373479590
2519151663
1208652434798608384
1180173696347987969
882885802040188929
17749697
1284696402921246722
2616207265
2269099820
1220903364353056768
1151316523484504065
1077370870203645952
1280555976601464832
51131276
1020524007744032770
22455569
3600140952
1292992540237594627
253893712
2457180217
66170511
37464006
3198097682
749486722677964801
780488166574792704
479036502
951019320003518465
1239323564098060288
3349449134
971509219995262976
149664692
3259358293
213058411
3609762852
1307667505591103489
917284232480940032
1245111278781243399
146175576
46763581
901903702600146944
2668455300
3336693958
3819631525
991804654991396864
1302361512875622400
1285388676751437824
121940782
430712403
26020370
1307507291474792448
790807244682113024
912729106344579074
718653391048577024
733708802852294656
80125217
29799997
1294875423713763328
1244427014452457477
46268893
1290981178292477952
1290471281171795971
1170100155489640454
33557642
3083907041
2677127562
1222355074833436672
1213277127568609281
1151941299567808512
3579809367
365461645
195193467
740567899245555713
629666790
1093972206655336449
210196091
1163836012109299712
1225496218337529857
2751326834
4220606834
275621734
788085407405703168
1278769355866509313
1184263361141379072
1255656011261763585
1290880988420042753
1065566767269871617
1079823731445452800
162078839
1081755014350163968
1298675544402333696
726058623382642690
1262940008387928064
999092743401082881
383265755
970861375819001856
1282037650384461825
1200049540545568768
1067429242261172224
261749735
4243253295
1194231444400304128
4537838549
1069772905855225858
1289836465514569728
1281008804558041088
231904820
1072899314941390848
1659197216
241685780
1246586927685517315
1259751343
23446740
1554838501
35835988
224424059
1546467223
977025206102487040
880567377372512257
2876271945
510540276
1008916382078025728
1112094166111215618
1096813245141340161
176564530
1266356117602516995
448481500
838247034406768640
186096843
1877090365
1461144703
796925738968608769
1288513810358128641
895897783982542849
1277541656821035012
98259361
23863268
1247378691757203458
600367989
873514196478152704
1797991
841511249112322048
751548100121128960
867908373966147587
787845504
4855688713
804353032485937153
29453
16377628
709867563
742556092207497216
476199497
5820642
546493313
1167944664076316673
2157151095
3661339332
3385929795
14149825
1154920618653077512
517689015
31065730
821604122801700866
1256673099430363136
1270432062886096896
950570567261827072
1220680851702239233
2170452150
733312801687674881
1020408333428318208
95142015
890090388052217866
1102760371495022592
3309932118
381679833
1266467242319007749
49241165
1175184089130946561
1278559299602714624
2785632684
1099337112233463810
1245795007421992960
2632857635
858730548
1084668641939984387
780120895
1217652532593545216
871650706381561856
1146683604
1291226570
3185597269
41132260
14427115
871122099829522432
2808426647
1268990983200337920
409699120
341407126
2919953982
736882687865016321
111774097
386112916
891015364439449600
3489676039
1205304676184449029
893600394194169861
705144718833946625
947919248839426048
117338050
2893861514
1045102540877168642
2902466997
3231136932
4489109357
54945063
2870718621
27068686
1116571229488463874
36315186
513929941
385538393
204196318
2933819315
88042869
1036650041820291072
1084993464750620672
1186815877628547078
535739501
997951280
1181933797253812224
62109531
273906989
389542977
438061110
198770199
1176169580466753536
1091152076564905984
28788030
31136655
297655080
745361580909461509
1254589849107136513
135929196
1207364101518827520
1159695334655684608
1258095036136402944
1265318556746555392
821021946284560386
228876112
607239861
3135666467
436925910
1221200733116170240
1290101576
1250813534591688705
1364592571
613063814
3379541332
14914052
1214015640001867776
1265777788126183430
768112602169749504
1234806024911097856
1172324726074560514
136284056
449625903
1254911942776336384
507405842
1258807176933576711
3161932205
1187768877280825345
223782598
1563473563
1223441120308473857
2212459747
565107363
1251178227617447938
66911308
763232732356882432
907150369
2301990517
1202656331217301504
2525528976
1241755759320469507
1235242527319523329
1242068437180059649
295658323
1178008077871828995
139314861
3128432914
832053590990598144
32144891
64342106
837900250090106883
1421957994
885695937737306112
76951510
1055949506439798789
4778411172
15976697
875530075
1052683985896263680
804546547979587584
25832979
1058128690318458882
776666077
577134163
2467462218
185550093
37574555
464269232
155775712
637201826
1210509440736120834
28626975
3426751587
125038870
975497331327012864
929489123127234563
586707638
742290931
1140712486213173248
1110322581821771776
984392782369312768
445830008
757762696095862784
410598599
1130891582482276352
1155616830469410816
1079177428449349632
858743246
348195372
1034645268636094465
909400019849154560
35302556
982967262
3045796096
1546704014
816357733930856448
17731378
41400048
1171793868
518870833
488050490
1173298181293191168
962905254034624513
243082212
1176854013964251142
78746288
73897252
13693262
1081976326066716673
4775622876
741041871393153026
894983536079282177
4254732315
1086332172095684608
964316254554095616
500058033
960723539866288128
1034578321391136769
1033112936871542784
1148635823887306753
808328062924451841
872579755442397189
342957684
28891575
19431590
3236446909
829189142
4898301
26034710
1042414124
2912824300
18484341
961947403535421442
1088129845840625664
799505607455809536
1140912926
302212804
15793787
25422805
455499794
722994185171816448
323004829
1070013764
47777322
872473136373092352
1010326208
28890948
925708624055488513
3290140594
1220106720
3046564750
164394617
299149871
271517404
2848975857
1034914653145575431
983043322842361856
840751942947209216
1045163028801564673
55869453
3019275232
704140830219481088
70132061
714564114
2826835564
939607149285691392
38554160
952637141011529728
874311923503902720
