1513158087410176005
1681811901871951872
1445519469435031552
2862503955
1617230602109095937
1484984320137654273
1453508027915587588
1291602415897194496
1135948737371693056
1676334734929178624
4736614814
939685542706532352
1562402091754471424
1675710375617245185
1684019412192608256
1546698022209200128
976478165580304384
1653081780927496193
1605807995904221184
1570401007972110336
1696687618820378624
1668667179007455258
1707135859625979904
906700440602996736
1714031984
1706483706851102720
1470229705442066436
737855704279613440
1614737430128517121
1598095701489106945
1191752922733907968
1493633341479919617
3433476974
49808015
1620048216275226625
1691535730131017728
1597267538412535813
779612301204807680
1530475266149076992
2691114036
1708578748784582656
944666510961856513
870699668929257472
1356976541046046723
809229116885127169
2467686098
1685859843880476672
986817192258883591
1945038074
1590000012846473217
1357416347957923842
1524881240238743556
3420365838
1637246816398852097
1702100389372555264
1402372234077933568
1340371272354684930
1610650511086174211
1636053682495057921
1248315264372015105
1701847280368726016
717487009
1170704535758802944
1469735815601344519
1576179190159867906
835569701728227333
1660302917776056323
1247312714264952837
2541884136
1701080232755712000
1605395540283375617
1373027244944281602
1659618943512788995
1038413078935871489
1535771569896665089
1686592863163854849
1662937515719012352
1532894921933213697
1708520668285763585
1684316761544433664
1106589774607835136
1590455432690139139
1674175957614366723
1351723900254744578
1647181973410967556
797107586327859200
1590049185067319296
1395192414650970114
1237850449467699201
964526023588175872
1492655002774556672
1617323964170125312
1700666898437013504
1670313130008641536
1504215298102251520
1531038943860621312
1692689091194658816
1640852527230111744
1699715050129567744
1602963816991555584
905355334570479616
2921202445
1687303657409138688
865253291646734338
1708136059580608512
1594484049917214722
1140057172962873345
1674953071795765249
989371767301926912
513974805
1615816013202825216
1546597454388367360
1406373051265171457
1680327392580231168
3396488122
853370305573773312
1609351160531402752
1550602362582073347
3437282981
24610606
928712361317240832
1582912850053382145
1677142897840275456
3749757568
3306549086
1525476955621101571
1455001848230735873
1696016852105711616
1191997636292706305
1295897118536736770
938867051971485696
1473148451328122880
1328060565688705024
1700176984851238912
1472214784783302658
2617587855
1706154001744437248
1690234056880099328
1662723076629450752
60067759
1689252514028302338
1707851408026877952
1371208828646260743
1706902622031212544
1385461673641664519
1652675878256623617
1698617044583727104
1695052087544217601
1183451054559490048
1690470501196369920
1707577642977730560
1667885110559907840
925034474580185088
1622419299783565321
177830577
1682144645600665600
1509740105749213188
1707840153937477632
1673816536874643458
1595634856112824325
1556770292927582208
1707848440816754688
1305829030021804034
1162108829980663815
1706635380760436736
1707230104089444352
1097511897983799296
1660256412516114437
1618738978852638720
1582683363730751488
1596337789410361345
1672315738789388313
1674135545952325640
1540165053760126976
1587189185714290688
1707612098249760768
1251354778069680128
1515076857758113802
1513897925985800202
1055888123652177922
1201807824319332353
1019328210188865542
895284347011510272
1690978297125986304
1683274206555848705
1568505724895985667
2956907834
1707241197712900096
1532341174064799744
1596340936228864000
1485837481002119169
1704598090559418368
1705603854874693632
1644101768295612417
1252312060853129216
1571968981707227142
1465624207597969411
1686374636056133632
1181657164559126528
1604608109384802307
1691905057409953792
1657532744136642564
1707031858783862784
1681342840796790786
18846892
1674774336039788544
1701330715214848000
1680422674823016450
1007592725460418560
1479265483736158211
1657548097923473409
1352164649224052736
1682960177773854721
1367253795005206532
1380356201578369026
1683598453157380105
1690490774071259138
1695095498
1669141789603667968
1704623906831630336
1703843785304875008
1694498564049666048
1687263347211689985
1701975500392935424
713066903464501250
1632812515804561414
1702400035231559681
1705914057989947392
1684455797298978816
253236151
992003623763808256
1559070440294719488
1692718151740379136
1701630957323952128
1670914715613003780
1466230686302588929
1278613838217261057
833755072806998017
1407413750773301250
1366640936499826690
1546876250316312576
1381823498008424449
1680605410099601408
1656401998730723329
1705445829434286080
1519720992628740096
1705235148579459073
1705233217861607424
1669341664530558976
1705206675316031488
1684121339009851392
1705070994589880320
1459979541502480388
1704929691306487809
1704911018281836545
1655597161722048515
1376695334429204490
1641837640096923651
1685692703311323136
1868321388
1627810111581298688
1703924718389096449
875179040801509377
1703865988427710464
1703780907424083968
1703736467435167745
1703710738630520832
1924048627
1701229659537502209
783848494423347200
1649239145502642177
1123394144091746306
1685662374429442049
2245711551
1450453938315173889
1438238323877761039
1362894428755607557
1579600483450343430
894728198382080000
1702540487910207488
1465714669054840837
4417918212
1638906733279191040
1689746095659012096
519475546
1342770646368067584
1364330673692147713
1170111951839649793
1191565156502790144
1027597234530144257
991507797505429507
1111565251256958976
1687962215683686400
1168515034873569280
1045897459078238209
1616100404533792768
1586903163239600133
1702708065521291264
1663362481455247361
2528907600
1586781115435479046
1651844321233043456
1555203914580086784
2298174714
1588050206360215552
1454055184275947536
4886394658
436178015
986312089311563776
1686570025640202241
1685735947483189248
1702402115124199424
1595981737758269442
1667914131968520192
537100752
1700892826945671168
1701715871360487424
1698918265278369792
1683131328521199616
1699182016170766336
1701966512045674496
1467975192727203846
1612104963336900610
1656072153073356800
1293636740050300930
1687755874046214144
1665079649766977543
1680795823192276994
1701264506570076160
1252416764584972293
1366211073335033858
1659042810878734337
1683764124541493249
1577508031365103617
215179895
1690575520231034881
1695021338266628096
1009254536513499139
1701302015190614017
1446590599579197442
1335057042160148481
1633306073674260480
1340031484015620096
1586850679091404800
1371914078294269955
1617902104403759108
1701260020111781888
2829126378
1621016954377994240
1506455428745596932
763410821691109376
1697987057493192704
1674826799958855681
1476015450517651459
1370198021921734658
204559382
1699104400168419328
1278314904890605573
1472230421131935754
2322866384
1436491127050407940
1594787384838725635
1603957237205999618
1501184414822592514
1674959501189869568
414117686
2582760350
1634551760089157639
1700713181935484928
1335040633313128449
3039163002
1679616327676198914
18767445
1586584028580237312
1567185130996867075
785223821485678592
1468642259281268740
1604324440120107008
1697008881602338816
1617957578608357376
1700426194267848704
1642125230461140994
1523356313266409472
1544891533824069634
1594401084218527747
1691092189214904320
1589860775925014528
1656729990220611584
1680899246344613890
1435246070511149056
1468146147814363137
1686972421578825728
1653444296245383169
1588930425761673216
1700895932781391872
1675373737720283136
310035157
1361968457974046721
1700747465610117120
1700734918760816640
1683937721843171328
323648210
1063932556737986560
1609790589209575424
1551696390925041664
1600305972307787777
2378195730
981158202
72445899
1468422802063691778
1146253450658930688
1684204646556991495
1603387499631583238
1665782103206772745
1648115450658660353
1334091676101578755
1698712703878000640
1596347931640168450
1483668115972313092
1186796519980036096
1506683794815913988
1336978725150334976
1657479868995493888
1618282472482930689
884386608715268096
1700455307112235008
1697966738799841280
1695006344397344768
1685124684298469378
1595805541015527424
1697611160604884993
898784706354925568
1267224919563067392
1590142379192877056
1375091623206514695
1685879525186678784
1586847803438948354
1690121379054587904
1614301038344916992
41378284
1418007633601179648
1665595437162831874
1645456717616914433
1585837951090536448
1520566798877609984
1683430962762514432
1624450105494437890
1345301835565842432
1586510309820633088
1018910165456867328
1271491865368580097
1467225797052166146
1643212639915454469
1597369968504578048
1681315338351435776
4902996083
1511743429667131396
1462043784032571399
1700273802985308160
1699818693297946633
1550125402839912451
1594147314460917762
1067360089
1684306129461841923
1584473434117083138
4434568514
1254411007822385152
1431735799
1697623093466779648
1345822270846083072
1180468774530666497
1486422619243139077
1587599523026698241
1699044389794820096
1692702523394506753
1584782934959132673
874123214208872448
788704255
1594800442378174464
1643731549039239174
1269355414652665858
1541654572787109889
1699218393574899712
1669556816651464707
1537199080341921795
1452813103733817353
1656030438744289284
1694567304024014848
1287810904676012033
1119893280702050305
1361004921353568258
816358943345745920
1572241161741565952
1699149879191261184
1560573059559407617
1655323731575578625
1698945693279498240
1684917918595694592
1626002731516280839
1582790654278746116
1690079682333454336
1132409637465133056
1692202925404336128
1666489909019025409
1482479502223626242
84532116
798810458312491009
1326633792027635712
1338547796337709056
1624124583715688448
1540715012917907459
1665775743203254273
1598396745137938432
1615801781891567620
1598529668205928449
3134168403
2690258070
1589696741653233668
1559690321776214017
1566216231148986370
1586699373378928642
1660860016868425729
1605000924941918208
878822290787577856
1694482075368161280
1697973610823237632
1640457548271583233
1517523909922496515
1611553006369083393
1694977057934258177
1421366506646953989
1603128752010952704
1579301069699661826
1581026629
1683472135811919873
1421110604060823557
1150468066905677824
1511795174728515588
1680254044252655618
999868798516817922
1537512606222757890
1505632072727150595
1678840771745832960
1100724537925218304
1282268181525127168
1683327438279901184
1697022314997796866
1696976300173320192
1656006247341076486
1663557717024448516
1242163590162976769
1696610887547695104
1575180862735392769
1696535059430625281
1683388641173966848
1696351812440485888
1684432166191616000
1483807359378067460
1095954711612674049
1485710964267880454
1694690596206571521
1696268651823857665
1696268015187468288
1695209156301533184
1453383507170955277
1682658353724497921
1663995603439824896
1377640379571376131
1680960833424072706
1693097943480639488
1451488678543388677
1676263548203200514
1684360930568675329
1587643432293507075
1687014670257754112
1583452743586414593
1421423345648775168
1496863376458321924
1518645540887699459
1468080695105175554
1623799266165792768
1601810842919510019
1519788837224038401
1683979500948951040
1249943654862651392
3262769551
1695256361724981249
1695011902991319040
1680382071066226688
329941260
1513659493619433475
1646932658968993809
1483167798440636416
1673126108294705152
1650678799418249217
1620188340694687750
1280778470868598787
1634742968757235713
1584377556391718912
1693305256950566912
1683855533906726914
1427330934391537665
1517959498404671489
1581501839022997504
1694933722435334144
1679115347272540164
1695141189228351489
1370080145344753665
1576719697332129795
1695172479629807616
950128277011730432
1414020895094542338
1283195998198812681
1292997173370650624
1280976890
1120703795598692354
752984680765329408
1466684348510486528
1666921792533929984
1695129591143112704
1266215268302204929
1368608786928242696
1588359466163937280
1684340723347333122
1366111969779068932
1671928008070901760
1432326591963566083
1659207414049300481
1599196896492285952
1486530319700348935
1325911189021478913
1688656593196560385
1431026902731575298
1336775062284881921
1208890974811721728
1336780489324195842
422939571
1618008249948864513
2996797754
14555900
1694610484425576448
1357813974759321601
1319270536913047552
1391755680630157320
1666781329705381889
712033369773707264
1505266314486562816
1374526671689289729
1669734860783513600
1010964187865079808
1312789267895250948
1656848583252148224
1414833422321819648
1690641976046256128
1538156572702035968
1410453812259680258
55716306
1683667409905897472
1588708384756342786
2471533579
1347331705061969920
387427888
1196937193958203392
1685207824387678208
1349359647543730178
1668267451937611777
1463925715531972617
1675831865981255680
919520304753504256
1689722108438347776
1587520717104586757
1519063878432444416
794283565517336576
718751651927089152
1366795214552236035
1597011823286419457
1686408299208478720
1666650433857916929
1613153653010976771
1189610408128241666
1166901261330984960
1408577448183222275
1673089506197512194
1672814746385682432
1379526186510991362
1657056779275055106
478348609
1548735945997959168
1400935893557518343
783466147597389824
1523103792266235904
1692362282594910208
625158851
1689138145491910656
1687207952610959360
1567305841371500544
1623890986391797762
906683358037643264
1469876801975590916
1676726831485943808
1574989751874043906
1529714278676238337
1452742044833796106
833625522982813698
1169480393528991745
1688971944400457736
1693715211084234753
4809543600
1693318206847328256
1652532332287467524
1665605966044229634
1642987456411598849
1429889817391747090
1577415129909575680
1030276861274849283
1201770434561216513
1635774574733193216
1614291989767360517
464221999
1447308927167864833
914092721123577857
1468228134776578056
1279174012376166401
1690495410404487168
1645443890940346368
1410676137378918406
1689335465122615296
709889691890401282
1487110876402495488
1692185779005489152
1463231786838736899
2383853582
1042896486449799168
1395141499
1381106071939469312
1537576368199720961
1692704799186415616
4154056514
1654967105488404483
1361193210433912833
1507928832
1412515939648737292
1024110095045746693
1692455834822045696
934487569575874561
1668913594258591744
1687707274242936832
1643030833010298880
1652164991993217024
1627384061277663232
1692197752158183424
1474028480182554633
1302835777513103361
3869167277
1672884451821363200
1649472439926288386
984050408917258240
1644872621383880705
1590010357132759043
1651320021837127683
3238640610
1691465478328426496
121867169
1662169422927101970
1328357670244417536
1534289263617052672
1657805581300772866
1641811046225567745
1160671999
1021149716464177157
1253005207501406212
1480926325091323913
1688242320829714432
1690861359767138304
1637187602989064193
1426609777828827141
994338075370192898
746831792221601792
1686480548720463873
1658081544618008577
857716961375014912
1466989007951347713
1449432527228256265
1684455180643749890
1655249094292512769
1680262415404109824
1437612347309363200
1683550883018313728
1433705969796665360
1473896814562594819
1130176401741627392
2485753466
1690386270760079361
1675226343422713858
1093246273900240896
1172183769702436864
1672157795435552769
1671178059226009600
1407337723904593930
1519078050264190978
1247999269086343168
1657556238610079744
1247539501049581575
730268256
1668688330744012804
3026741462
1305873682427006976
902581723619360768
1278376193893429249
1073162221864316928
1217225112887472131
1481394133851848706
995747480556847104
1594599363539517446
1038864167409799168
1262135858364375047
1409418021399977987
1376690596945874944
1251150528781803521
966307351379828736
1477335077369487361
892821880121344000
1491406461016150022
150562768
1437663637246660609
1670579895552860162
1546291989192122370
1679251326830518272
281828094
924801449183404032
1183859456179888133
1689034827494830080
1499241474
1115874692534013953
733360170307293184
1536036887961513984
1689661533867978754
1689282751545905154
1635660748704604160
3907270285
1682159794398941185
1585280075842420737
1685705069419712513
1430647774161276928
1224001048525836288
1518977528391557122
1674789864833961985
1613821080103227392
1678860520617807872
1330283023128997889
1629560701428592643
1339677466915385345
1668926437536014336
1683264130562621440
1467229063534329864
4838318871
1583112543035445255
811071009512046592
775117565270040576
1113155815848972289
1557126232944304128
1681432661204824064
1220711147659255808
1590395663963111424
1572241926249660418
1046059246822051840
1576801437903888386
1626923936079310848
1626157817773031424
1453443771421667342
1601507162714423296
1687580938455121920
1188829928235720704
1664999138575134721
1618114922470150145
1228537944367083520
1620201236434767874
2449776254
1397043423291625472
1423454540137857032
1582489679600967681
1476404994358321153
1376381365927677957
1674260080156450816
3712134195
1317180633391779840
1618125838746255365
913443511
1539762102512111616
1518793701828575232
575053210
1282479160850620417
1417230128904474626
1358608246194470915
1302636986197512192
1174085106438430720
1287011785304936450
1395117728541859843
1586592868436770816
1603216285944406017
1587098287840153601
3298814726
1433352830979608576
1659303247784583168
1499254031851540480
1663273086945247257
1688367626139975680
2355689808
1687136991345877002
1656686861819977735
1654683152974221314
1467965692389568519
1684491043767562241
1687720423138500609
1519439236688072704
1445565387328925696
1687559218654507008
1683972843862913026
1686951120240009219
1555922215924748289
725136079507083265
96314998
1677482128961839104
1684699816251596800
1240131467549855745
1686846283909300225
1657464032301920257
1093884014958731264
1686806969024163840
1685074721467949056
1683623157972836353
1661345519636193280
1686503268971921409
1457710939789316100
1378502227824893952
1652953856140271616
1349890822309818374
1449460931193237504
1579322656326766592
1685702160032346112
1275598813
1594979006851547136
1685882278365233152
1633907258345046058
1685788523805446144
1684990261221306383
1483134086835277826
1467108373237833731
1037448461539520513
1579165932198445057
1395771126488309762
1304372760240676865
885235189684867072
1656880418988105728
1025597635812458497
1685113536928980992
1649411897240723464
1676405950155038733
3356634915
1684900577371664384
1613942947652800517
925719614
1289798739570221057
1658724701592768513
1147660357877534720
1594896518858690561
1159208190116081664
1524432928670892038
843617734852337664
737391648284368898
567902554
1626978599113994240
1632833810751684608
1202280868452155395
1532716562322432001
786567348
1651233220187369475
2696450510
1676930367083749376
1511749103788740619
1654079891007217664
1684456997222244352
1681633378875916289
1469744069895151633
1681510070100668416
1160721696581722113
1632151225696239616
1511085929997512704
1683617150236348416
1678877487076343808
1431909655
1407976667918704644
1617659814665928705
1250479007889530880
1672587526882852864
1546880506163339264
3023199978
898976760
1651534091840307201
873522682414768128
1678720895978725377
1502803697406988293
1684004239973154816
2415672998
1674201546387537922
1571664736059625472
1463696799579918338
1335650871376400384
1683758520263675904
1435715286167085056
1686357476
1675192994130001920
1682402813358542848
1683464756131405824
1520595464936386560
1154652319566319616
758776379215347712
1683311126090747907
1350658792309059587
1670289804037324800
1682552471561043968
1667257145509789696
1651953206451228673
1585806031615057922
1682427039238815744
1681110039610933248
1647799294034862080
1618626273156427776
1637526518
1652779304210644993
1373093264442732544
1648628545378189312
1197286897728376833
1224438930335989760
864174350
1219402468813168640
1677603930753179648
1681694720328597504
1682118648180121602
1646569274608177152
1562786799126466562
1679774268815450112
200655587
15345111
1448792304786067458
1445103127372369921
1681685426489180161
1676434007356063744
703493450419695616
1336009136434270209
239241169
877584745571520512
971539426256994304
1519502642560524290
1681053049014431746
730795099957940224
969776298561175553
901604638239080448
1654409517424312322
1594547155750080513
46272154
1473381597072273410
887361512603627521
1220135746981580801
1233046808378605569
1471855812628807685
1451272565620621316
1676062997565919234
1666510973341954048
949077483072212993
728188940411277318
1547614228961341449
1553089778555539456
865011334412369922
1680224070384730113
1596735640036839424
1680043577836183552
3061994294
1679681287789977600
872150730853031936
711097969
1415113646200528906
1589407415807758336
1433902927018700802
1523098456566370304
1668048834922946561
1383415283591745545
1494070036897710086
1679485250773344262
1675053653990977536
1496536553421787136
1549598314345254915
1673897037274701826
1504932336114315268
1612134748196839424
1671587820597653504
1653656135142891520
1595471439091712022
1641062247328874497
714779489876762625
1623503230037594113
1672684606921777152
1587118519996407808
1658528551300128789
1579116731771019265
1510242923119628292
1475324416225681410
1105677456390815744
1295413779069575169
848602042113413120
334892577
1677646643783512064
1473855258983944195
1674225375721709569
1677574402119196673
1669131776772415488
3674649375
1109891841552347136
1438672767407337472
1441062386182488070
1417127638137724932
749227634211430400
706284979
1190508918025252864
1671454695561232384
1582844512837197837
1675228859686604800
1674112972443238400
1529136900971417601
1675265863954382849
1676510692025806850
1525556251433881604
1629616519876612096
2930220788
1244842188581847040
1072316765772771328
752305812417241088
1625785300718080001
1654623447589199873
701228472908193793
1667970402034008064
1358097140
1494064040272080898
1660671659999735808
537576889
1365028165484220417
1674820504258060288
757738813376438272
850778907045490689
1250836051926622210
1151863157801050112
16325977
1591821572033024000
1399714219310911494
1594005820508983296
1659342138218299393
336026168
1601153784192897026
1674766474504724481
1671474559193686018
1542902680951177217
1658189643450310659
2605440056
787767582543806464
1658680575602089984
1318602099886837761
1627543517374341120
946916951745589248
1608172092452933633
1226266879305666561
1667590314373283840
1667690031195013120
1672812651242463233
1536814470151946247
1671673220020273154
1054453455362891777
1050584866096472064
1670244113604542471
758606576
1485285771141541892
1496876864320806912
1209161437039464450
1536718466849325060
1673275558367576066
1240395652485402624
1570747928263680003
783089876833071106
1310264878603612161
1122294010108960773
799707378384048132
1304750232748556288
1526217493643132928
1008916143971749888
2263913533
969614141752307713
1029689485695623168
1243337554448928768
1642251679
1307094549160964096
1078298480626593792
1566901275702304769
1595922721904463873
1672349408703262721
1585370841814077442
1672070587953414145
888109325285072896
1671963056497106949
4182273376
1670135926066913281
1641556210309636096
1553857037553000448
1671753110908182532
1670997729533886465
1600613539550371840
1479614192369946625
1545027265477705728
1668356403033956385
1186319233325715456
1602760093854040064
1966924604
3243842178
331813117
1413254789199171585
1665531447283687426
4885438333
1405713691
1466043866620985345
1621707011141566464
1670988620386418690
1666680736433201152
1442553272603078664
802172275827085312
1472655303678345221
1610738536390459420
1468662864353415170
1320099462241550336
1670896076268933125
1649429117127753728
1577719654608273408
1657954894907834368
1660796359216177152
2735591769
967123224982183936
998686565772808192
1638774618990206978
1634631260235603968
1640360663720796162
1415045068487106563
1273736886301974528
1670231753875767297
1558634954464043010
418268510
2755664301
1663658604505845762
1557148324620279808
152676699
1647798036330848257
1557457938125668354
1598724799865520128
1478239887530684418
248993671
1469441505706270726
1400197434106601474
1586862813963771907
1325333997673713666
1641576406487318528
1190339632195497989
1137409687769559040
1391619599691550720
1532621200861474816
1669760682772889635
1313211047684255745
1355168214355947522
333011422
848198280454582272
1331014422551212032
1173026486938324992
1206795470603014149
1325209342329589760
1662523804952952832
1636090236567445506
1469342191629836288
1268637636484231169
848285256247644161
1626804650753286145
2911802998
2445014773
1346852781915779072
1655138811850924033
784007000
1639821136694321153
1497013811512971278
1634970991251058689
1263649493280419842
1636222249530281985
762845698567974912
1551657881833013248
3063583284
1666306576284545024
1236152604645830656
1660392338185764865
1668001603364814851
1543985903433297920
2193210697
1518980221420060672
1666302060692918272
1662468405641854976
1663734000681197569
2844275529
1658589245630447616
1269180497969717248
1546023497016672256
1573411315481296903
1665550172754149376
1667227586793992192
1153679891902140421
1651006746863841280
1665465240677408770
1462090560358031361
879098272660500480
1570641122212323330
1617972228028596224
1376543731122249736
1656359135791972358
904474709567438848
1462209021570686976
1366820419832066049
1463958254028042247
1666741126940745729
1586435420681805825
742344834179051520
969356629001908224
1556980528913555456
1378002891840106503
1461101374230478853
1608375416808693762
1562822090796830720
1666491371274764288
1666485571072450573
1591278182635868161
2964249749
1599500038459346944
1535344096423944198
1602453275575554048
1655835694080614400
1386030567427301380
1296242015953395712
1647070640585801728
166444780
1861094318
1438352457516531716
1659284055530041375
1666257103336480769
815829017328644096
2610265334
1481931192106905600
80425836
3407906014
828586870858620928
1455542308481421322
1415236328778702848
1520502421281296384
1665902227326730242
1383814348150247429
374050648
1463734221927698433
179504009
1316468026716364806
1410190871216132100
1367800195900088321
858913327
1269156376292532225
1375521560996556800
1385696951224602625
1662946192718700544
1524412669897457664
870453535653076992
1489046339765907456
1468286697276325901
717469326387838976
2418262158
1544611389054017537
1140454946690617344
749138063650004992
1519970429925875712
1157009870819856392
1568612720966078465
2762407365
1639762132441997314
1118563585704304642
1351263957630255107
1492562817865691143
1665452123469803522
1626798678865330176
1654066973632806913
1493057224645750784
1393232880038465540
2262767503
1468393918735826946
1589299146145644545
353628787
2732539885
1559493466010357761
1179037616164888580
1589380627702349826
1218796136556900352
1094026003515617280
1452525948402810880
1493154977149120516
1665176644372373505
1513236695600099332
1618712600879206401
1460299253641883649
2156241584
249863802
984941469990453248
1453440382830788615
1448151343642955778
988527607175106560
479069762
1325280178067677184
1469483195485896707
1530018548155818001
1046700570566889478
1519001048794513408
1410310698475917312
1156132628698812417
1207209178911014914
238254562
1585300625553854464
1240419222393630721
1443186925096087557
1295899834751361024
1587455197676277760
1663221141006172165
1116433020540653568
1360693338513567745
1662136302848950279
1270926109811576844
1501119770762137600
304748032
1664486298164527104
1562478980078268419
1585977177882902530
1454907335067983874
1429578885822402562
976310944677507072
1245032189538054145
1445543468848140288
1404624895884025863
1619840032042520576
1650430297891274753
1337467519989411848
1491338086386581504
1561969646567411714
1308089842199195649
3054263873
1664038833233571849
1662524968729542659
1135549955588972544
1663446262362849285
1546847139552174081
1018699822688358400
1304184812559839235
1092002095098671104
1639894517141889031
1145842224183349250
1662134856011198464
1595661322510897159
998248236
1369381753090174977
4628478316
1606839236887711749
1603561263015026689
1663561119401918468
1663709976349790208
1617984630749106176
1476025311930191873
1593409539952373761
1594510097576771585
2154712254
1055869492541063168
1522315133674049541
1037806181673324544
1649898023328305152
413312369
1360547632465272833
1469495411765354500
1657985108807413760
1521678285918416897
2335598676
1307466989527474176
1354975354033729538
720176222685241344
1280783234796621824
2787374120
1524558794856046594
1451764068277264386
1414210502100623366
1657472608969924609
1254661661287313408
2844835651
1615535129190858754
1419591529274830851
1159334748784746496
1661912869343047682
1720569031
1347969033732292613
1659228950575427585
1295922145080627206
1471617166319493123
1340757760628146177
1586573548792979457
1087157900370460677
44594285
1642657436074123264
1055394802936766470
1518708258164424705
1352059939695386627
1265048410970886152
623219079
1093008820404736000
1081043355948048384
232441379
714627493144227841
3305607259
1466724948
719386308821458944
765061220
1589599372685328390
1386537067392339968
1657729604965089281
1662256141445877764
1085103769707335681
1625482527082221569
1627456818
1478472654239772674
44215682
1559982357125505024
1462549851829383177
925824643285610497
40551326
2350393730
1563190884681732099
1266938427339087873
1540013847347662848
167225705
1325806347078676482
1656313448815292416
1661476202224271360
1662425166008422400
1195768823670030339
102686151
726824551896768512
567961934
1601075536935227392
1333398233687621632
845415791814168576
1662291173803716610
1467485134303674370
1662254493465976834
1662260569888399360
1576328564785422342
1662199748848123904
1657370310079815680
1001859890103705605
1652007836577087497
1267257106652172289
1321176243006513154
1599859010572017665
1149761181369942016
1590254363288690690
1041157527960838144
1535999988022628359
3694509319
776213909594398720
1294003189
1515797465475166208
3115008250
1601446765835665408
1563025008200278018
3331450155
1389378013360500738
1466502718864838658
887861658344976385
1023261520363507712
1650909975370407936
1206370295503822849
2771363395
1609393339865997314
1422775276014952450
1294439492653383680
1650972130865979392
1447668437791035393
1481728557038510083
812480400119373824
1290046485279780865
2752145101
1506634278477733893
1545310637655576576
1626775308652236800
1367283757422698498
1592314018064220160
1596893742228701189
1475272838080864259
1362815750696624129
1082777724802875392
1370936752194555906
1177943664066285570
424783094
1403113620016230404
1078423485272285187
777395430
1286732557971861507
1497272162310397958
4867673157
1587161913871458306
1523142455666827266
3143242736
804157751362486272
1589718861624053761
1469506287486611459
875380611388780544
1208490379626131461
1562202595287896065
1570869723616755713
1334219405102821379
1089245414505803776
1647231862807429121
1659874683397734400
1266159767254376448
1523598722852040705
1370766475
1648452155404328961
1619848492435881984
1290265453517053952
1137901050130784257
1000983274653700096
1206441118201720838
1498037806320521225
1628539880824352770
1185417798446698496
3156893682
1659026302739808258
2395094540
1310243698400210946
1182074531298643968
1628869665748316160
843905858996240385
22908930
1434530907453493250
827991826296619013
1606794134450323456
50524966
1139972336373944320
811256754873004042
1379307250750263298
897436069939089408
1660024131247644675
1265555322422296576
753045173551112192
714947940859703297
1659878700928622592
947798014357327872
1176337673625075712
1603411758290554886
1247211741508853766
1503562405770502144
1241487370907791361
1359887877866422274
1659784011487535105
4854187072
3290816533
2224449847
1586836436925423617
1102086574974615552
1505663812267122691
1659005261414006785
1659300608820510720
1478956862678597635
1531796717644939264
1659675672166506502
844654593606758400
1586184443613560832
1466682274850619392
1007427065958817794
1585973514284285955
1585867174220292096
1637329408510885889
1577491114440941569
4529971048
1328322673491865602
1513243621624987651
1479140138064261123
1872127410
1433342721083658243
1641208808578985984
1658352196071849985
1610781861348876292
1390417938772078592
1590409294666776578
1313004586752409601
900178078927867904
1659189822987333640
1636934981296734208
3400302013
1235312764685553664
1646661305883938817
918355725189091328
981734329859563521
1375321120522465282
1531749086679932928
1527846631537881088
1366619018656948227
855974011821600769
1453229585378775052
1438274271101472768
1073024178528366592
1659027122856263680
1583899354250809344
1119445665078112256
1015179196585402369
2957785398
1653505275909885967
2470538184
1225104626791395333
1285377900766789639
1296066245335416832
1033786013074812928
1658972226866262019
1338693274731765760
1562896780739887105
777067585288437760
1273179751621038085
1149700013448204288
2852788214
1654287776244703235
1445462283908386818
1653411320748818432
1267574783736197128
1640167017184481280
903785572803547136
1112788328062074880
1364028750405402624
1188893517097164800
1621936013101744129
876206429715271680
1407272223719661574
1658520475893366784
905913774464528385
778030061312237568
1642958635272642571
1293310062606327809
1221314116826038272
1649330889212723200
1192520980666765312
1390696821413011458
1248551264390205442
1658377404019007488
1171400353876795392
1657890405286043649
1655840918488899586
1506103733247102989
1551976500974469120
1338372467300003841
1499961981708779520
1294614338947428353
1479439300601253892
1622719988522967043
1266430772686344193
1230274618184912897
763932748524294144
1646690711683702785
1065929044049494016
3025908755
820488170
792471406269304833
287626954
1561805380547641346
3315830813
1596634684729040896
829943980662022145
1145572585234558976
1190341380578652160
426329648
1578079993275551747
2438567047
1566704349476278274
1623020536295989250
1537315945861226496
1077094896555753472
1641963384144011266
1506343221454151687
29185551
1433127111510958080
1398812408072663041
1571727725408448512
1447292804389031940
1536135656228929540
1658214418537128017
1600794841780170752
1448907149686362117
1566374087353683970
214623632
1636833118467379201
1182745687
816825787869368321
1614734559945318400
1242320100
1280750301960536065
1536370055130365953
867213615774015488
1498901064816291840
1562120154997108738
1586819359305080834
1298325839667433472
1241191243276857344
1332495262586183682
1593269092282208258
846139947576770560
1657904190780481537
1381156213413453824
1425725984372924418
1560422305750306818
1248433449008091136
1538577621574832129
3735178572
1237323078071250944
1346602483561488392
1333787862274195459
1652109635388600321
1560999491708530690
1184215939656630272
5387082
835927400085094402
74389807
946761898577580033
1103158657527644160
1505643651803791369
3491494878
1227313853253459969
1568059804052070401
1632339327777923072
1588052485712875521
1237237119183130624
1411330524795310084
1550348008704815104
988545522519588864
1441519024655925251
1655678119066636289
389156884
1561419246109728768
1605275929927995406
1645506944235450368
2954371885
1092203675592777728
1342182767035961344
1546567862982250497
1545973308285325312
1506060576400814080
435483992
36373752
1014202705731031040
1226013445981499392
1300569101106991109
3825507497
1231495496478445568
1655064504374288385
1587447529058275340
1111813447145136128
1455652289222414348
565537639
1655010688383741952
1515177233907953668
1619958076219576321
1357418844122415105
1580508103048675328
4634552774
4664176953
1543604192375410688
1656855842606465025
962313090590224384
1656818955582083072
1656803064991342593
1523832300458450945
1500107313620955142
3435180531
1546190735061692416
378531869
1438232550850240512
972592028428185601
3051182758
867081147125256194
1229811748838035458
1864868946
1226200619016445953
1463898073583730697
1346201226145251328
1656493181310210049
1308914532241338368
1656111299124768768
894190153757073409
1636817891734753280
1466792871093313544
1441761429955039239
694920227805622272
1581460897666666497
1124341511867576320
1032885301
177433486
1392647660113338368
1605473623883628544
1623311471957405697
3324550507
1402657560340041731
1653698560041570306
1653767159166779395
1058424488801513473
1425166404802777088
1553079692252561411
3808099932
1469097773970513920
784186882317967360
1637238504559181826
1632687398462078977
1605250489909538816
1007403979
1655511314452856833
871412172764610560
1637719499200958465
1653382377698369536
588409447
109355228
1396131873575907328
1485390002179690496
2735749143
312300729
702456576221782016
1490463124599812102
1497536732136411136
1623172785626578944
461739980
2945016371
1093450011155689473
1390310668264423424
2799675956
1204211679854309378
1363608496974028808
966087737152626688
1272620102454820864
1554386332591525888
1621225471194152967
1465680439977422857
1536159936383696897
1433104944299712514
955550792324452359
1383888280194752520
1646558598682771456
3599907733
1590918245355323392
3027051437
965492527234273280
1513620961177882635
1615861935651655681
2334523128
1616892986859872256
845830985719595008
1083071452671344643
1299470801901703169
1138439282639507461
1158844130614624257
1491264625203191810
1560688727340380160
1528150132855808003
816051427390922752
1602973571197845504
1639472568871661568
729369306497056769
1093709288642674688
1385694019
234397507
1539366674
1469376044511678467
1366753435459092483
1569874993579696131
1608523311159410690
930966462402985984
4658018729
1445661840403415043
1397324347644293120
1492599624204435460
1654623006021373954
1563175754334355456
2570092310
1345127633521094658
1519240252476432386
2906066594
1403451176864071696
1475013021059751938
1146514951563096065
1626008159071481856
1434198741985030147
1260221310820442113
1596230375780630528
1139031247597035521
1054178444181995520
2744511070
475191365
32503010
1498324056558477314
1563883315328958465
1134276783933669376
1624827545765179393
3256232460
1137953978
1336703166793080835
1654272091984674816
1538673891299577856
1465323936271511561
1277978791558574081
1338572942184157189
1967080566
1534335777018195969
1468544372182745089
1605991067815395355
1553529095950155776
1372067309636911105
1454542666855698434
883574663485558784
992846929204793355
1395794508000882694
1591894777469063169
1257835932964786177
67229023
1522102738179735557
2383053480
144282308
2799118213
1636601099040825345
1541446087264722946
1448850404415057935
1586547982710734849
1601099835612008449
1502082773884018689
1076985997454442503
1410831297442951168
1587127324427837442
1505599804314898435
1468073691645095936
1096383458782384128
1151379843554189314
1473373890802065408
1325255327097315329
1438222797877268480
114060964
1081949544395370498
1156408659825451009
1212953548956127233
1003003079896326144
1334922235887427584
1309171584
958553557543759873
2272448245
823506019
1392145245115195394
757904554163863552
1652873849933910016
996924989881405440
1434211525376479242
1197007603785592832
1467317011487223813
1586138574465904640
1546717230578237445
2400308510
877599717710082048
865387987168894978
1621735001875255303
1553701798258454528
1239325775259750400
1614991574965919744
892947219971788800
1382376686960963584
1569901033
1584198438341808130
1592715794353373185
1578358870908485641
1422444191540551680
1129795649694777347
1445550406436749315
1560336332035162120
1207598229610741761
1624561738652823553
3301907894
1255177517394264064
1216871822291095552
703642703783989248
1088221128819040256
1581951968263766017
1589370784698572801
1514395567903936515
1345606482298068992
905600961665785856
715369079482109952
997033147
1512303807618682880
1216576115088809984
729422559259852801
1088153118989303809
1265856518282452993
1538031920239476736
1575226969741938688
1439004986260721664
1122364018822385664
1427775789181849605
1610549963339055110
1422897146026618885
1514493257970946048
2938900187
1462412704807895043
1518735382506090497
1561214350055968768
1491886557665832961
763266187434139648
16197780
1416931868700725252
2569190475
823283294330621956
1439055279157612553
1586852512623169539
1557017409629945857
1144406927981645824
1627113799873339392
1310982059956015107
39119446
1467918723289960448
1477813915484659713
1465410260005445637
1393382022492549121
1516758161990078473
2227672656
1590321106413621250
2248477670
1521847577074978819
1318192100987502597
1158610994
1343359822801080320
2365649588
1121167299334037506
1554093467114020866
1366739341
1491467025813749769
1379345091467350016
1028449238617739264
220819890
1441996969778372620
996953143802920960
1502349519647879176
1083561546565873664
1649241620531888128
940634164776329216
1626592482808184833
1627731625881571338
809090488640958465
1558693300651323392
1652754119289974784
1386514551953260549
1212620930997817345
1324264166664904704
1070313121573523456
1648030119087206402
1389250098735960066
1584855431645696001
1640415456161873923
1565063549772304384
1019962992568557569
1577352982227816449
1077354990929432582
1426035372711022592
1395338048192356354
1155057826584096768
1436181802104803337
1458655531930120192
1523329792686362626
1599685531834515456
1428161262953840643
1190352862854823936
1098993965397917696
1577076797648379921
1302800918539190272
752648297358106625
1299884814494040064
1278800204356091909
1500464739784212483
922825158901030912
1598915526469861377
945164485215502336
1614359814674554884
1533613803203706880
1152205290005291008
1640944135287844864
1028142454409764864
1401153773393829893
1338596223104782348
901891849366974465
944562506688802817
1523793056834727936
1239093440786432005
1007861863
1031841124787347456
1346654012184145922
1369485508464812032
1400674986684260352
1499077788728446976
1534986739210649600
4871124645
1586941527187767296
1582116858332794880
267293592
1627517755342610438
1516170017800400896
1127574297151545344
3285932689
1615511619701719041
1609378207303700480
1652129006496391169
1465424747823603717
1637802400005373952
1422038858724749322
1170706801618247688
4031959708
1619339380782424067
1334950717325512706
1328821129574817793
4250013749
1578195733634863107
1650959383705051136
1594207147511803904
1649124252270854156
763031770027663361
1489312027
1543836147020754944
1456139311892533249
3150336293
1521965280896819201
1445112951959023620
3282075116
1652305101367771140
3005853873
1631712999110058003
1299433793682640900
3314730555
910915506491871234
311479176
965181346225127424
1640794791062523913
1357757966
1179749160209309696
1451454039250460682
1644606907297198080
1307739692
1069877610
1446902522480889861
1021250755783725056
2232458635
993618513695793153
1509427719347527687
1463674062593527818
1560041566298705920
1437868589474795523
1213889794125623296
1395245844903956481
1599749850945310723
3140273246
1368962942440534018
1648066457551491075
844358743924133892
1258630519270461442
863390844
1476312978831990789
1622465354508140545
1208783659672776704
937525823384383488
1586687709627703296
1624813609535635456
1643675684345196545
1471849133602484226
1650475091552088065
1634645536191172609
1268444975722909696
757376503625560064
1245386317942460416
1397674820742139906
2829458540
1400947433388007428
1535724509780664324
1366664006497370112
1453081079905140736
1424510692569358337
1386076992664051718
1458388074451243013
3411105107
1509282610681364495
1583590546928386048
1382544671285641217
1601787928782438400
1617276682062135297
1228267088822726656
1003398250974588929
1485800477619109888
895598504789381120
1464992297947471879
948648588216815618
1570703457652449281
752598105766453248
1575544619298848769
740990706970415104
1637790918806847491
1645997094077956096
1144380787820617728
704652440470200321
1834422877
1384878481272606730
771806907401207808
1338406548213665792
1128279142779088897
1642589954663411713
1518029184601255936
1488147986907553793
1574045040384548865
1231991901416542209
1545527772717715462
1505045894906920962
1319476106710405120
2990667863
1584251382575648768
136890411
1446630580267986953
1522552326757699585
1455196443380105228
1260721902261321732
1157768341513265154
3009039163
1329537284539097088
1549795588119699459
1545834087910440962
1577977164456026112
223621063
1368338451842662401
1389319470557057024
705942895052730368
1569037136715726851
238613207
574651984
1220051095600484352
1503197848866897924
1490876694873329667
1532221874457161728
1619045793083654144
2363337385
4604459899
1356752858377519104
411404499
1495372677355536386
1351892829929435152
1053480080062795778
2569024111
1430904671846027272
1203178709546610688
1197748851270127617
218323960
815735273237704704
845954529019510784
1190378284888076299
1340288304
1292786052667760642
4592494899
571549530
1491658848813432832
1573213534145708034
1570066598605488128
1474183592288915457
1398376660853006337
957884254515425280
812367229195063296
1112373094604328960
1628897362872791040
1071543275096629249
1479813716107485192
633243388
837073682753327104
1521283231101894662
1711509114
2633058106
870637387705176064
4158864923
2423753666
784715604716621825
1046620816815706113
564054125
364750981
1606849935013445632
4089598341
1391244013
1617253453771804675
1436145475153903627
1461810443585044492
1625951809943572499
1463338427030519810
1386712146310991883
1334213887911206914
1539506086235058178
1591578001854107649
1632611040629510144
1222522735873724417
1608112144444260352
1388317927
1426145383
1632129874818220033
4887309281
1362049809109168128
1638747056725721088
940060182985375744
1641550817542152192
1512194334292070411
1330065766402682881
1333843478221041666
1290998140041080833
1639317761947058190
1611448557474553863
904384823438991360
1636440879761113098
1570908737392578560
4607028615
1585059744733167618
1151543148088299522
1468084268697931779
4285218136
1536331746744098816
1194356023118770176
1468953376289263619
1509500113642672129
870468001795125255
1147143775875207168
1430136371641864198
1590724548634193920
909800073256632320
1651023581986406400
1508432303147548672
1320276305732984833
1567298484935467010
1615092111199850496
3377927188
1482044408748986372
1544456811197128706
1378006195944873984
2415457849
1590569658574323715
4903284224
4216401732
1299104383272189954
1574178168419778562
1325818356205838341
1539271798872743936
1620931694223032322
1633824621349810177
1339107958228054017
1305516524
1579480017842626560
1437800878023397383
868214962908532738
777271316177117184
1496768741182427139
1584301543259619328
1112042946
851810853489913856
1626608238799245314
1292587654194896897
1484831642053189636
1156856146012987393
1620002217716551682
202348935
1295472973625925636
398364949
1627128840236433409
1485323715533545475
498146733
1402951654450909185
3033182024
1459573816183582720
1156441669517975552
1603139629313564674
1631427043396034560
1359707657742000130
1633894074271842309
1619790308128002055
891666326468603905
776805037838327808
990923188262637568
1522508088
1385648001394302988
1651378341532844034
757928617
1586193813592309760
1211531043527745538
97797527
1609908475810684930
872796973056876544
1637846255928852481
2733069639
1518833847592538112
1645904605828509696
1487706653583630337
1550191541230116867
968121346445205504
3315030411
1550401022819848192
1064364342
1217540669142638592
1298455607947608065
1573859625606209536
2813332289
1246943550660644867
1614191907294568451
1649199811025940480
1231536675328856065
1509472067531378690
1371316541908791301
1395030008435982337
448656993
1651074500161667073
1589861863600406528
894802048025153539
1347696839773061120
845005118726701057
1586026110969675777
1159113690177835009
1589473474732384256
1546975876981460992
1575650623055282178
1185726080872632320
2373095160
1468539222529351682
971570178638180352
911486798458650624
1513548122240258049
1613621818987843596
83898402
349140151
1383117908931448832
1645906563117338626
1215083746434732034
1335051850094051330
1450208988558204935
1399927310481072130
1073349120595779592
1546711597363728384
1632170451043508232
1522328833927618560
1468069265551290368
1612134280674660354
1330760286882594816
1591881500076740608
1594122591576346624
775792831545810944
986940357706485760
1650986085651030018
889748320767229952
390450460
1030628521612398594
1098845159804923904
1641561265104625664
1048116915091124224
1553939629946068993
1649979927951822853
892707169598005249
1386826430982545416
1648073235882475520
1473894794468507648
938160734147661825
1496222935224307714
1470466862555226112
1619749530341195777
1251170326605713410
1533498866120544256
297840598
1431075480657084419
1463904418571722759
1594439259070427136
1482717105661550594
995775603369488389
1591969777861410817
1601326973481099264
1549653587533258753
1648871217334558720
1605043250284429314
41653312
1556388216864968704
2265553680
1586070192190377985
1540688594431627266
1024385276624429058
1545436244422922240
1100018508975521792
1403133630873022476
1203472670483988481
1080550508086153216
1646998833442717696
1526156372064276481
1601253929685336065
1594131594285023233
1569800791481012225
1599283992267837441
1649121891226091521
1650907328399507456
1618107066199031808
1270440790913945601
2518594896
1563504169255723008
1585804684979326976
1651414583062458368
60189921
242908896
1647906032398774272
1486466826729148417
1335973681416318978
811208254235742212
1265135779908640770
1519058783875792897
1594171831816257540
1649229697736413185
1599904785670569984
1626702967121248257
1515461721678397446
1330999067749527562
1641549778445017089
1392266663396007944
1631093183265533954
893965973862178819
1394362070334906382
799329066436481028
1543701192030781445
823325801252851712
2386363226
1646750323283746816
1328516366903685124
1519332882933850113
1647055360044277761
964361828049408000
816699233831006208
500744314
1295397985568747523
1572311677369974785
712260580833431553
1157154087164506114
1629643207612174336
1366179742353874945
1432545171049123841
1317810334489563137
1211397375056478208
1559202155311075333
1243706241089667072
1649970401387347969
1327850431964356608
1244913332957720576
2799727694
878330492
1643815604783312896
1649932579309535238
1587070482964176897
1596830549175320577
1566110061516267522
1277125192142159873
1231665602529570816
1019888264
765958760397475840
1478439815054041094
809431965418057728
1141157961672351744
1323731698144731136
1592862767366770690
1557289819176321024
1569748345714868224
1601502499
2894117790
1579306062947446785
1249742372667142145
1214993813342687232
615659822
1524570593697353729
1649133416351248385
1491226581553057794
1637644476502908928
1647464994932416512
1620548355410612226
1596189010497572866
1649132055316377600
1538538374016925696
1376703879841259522
465105188
1586010344262090753
1434530078457745415
1648653208724570114
3306597355
1078610667282690049
1084894146043801607
1535033746776379401
1625372568273256451
1640235234116395008
1646930126288855058
1437221610235129860
1629963024009142273
1625326648009838593
1644305837236666372
1288554186578235392
1644130907853299712
572518497
1645284665060630528
1614497438643159040
908418580873695232
1268114342089760768
1647628050019028992
1177119567707066368
1560399465223168001
1565579659248631808
1647455674652151812
1352613657121845251
3244803719
1604307206412931072
1371315696
1298175477753020416
108150138
1642910952273203201
1598285112688394240
472528196
1646488929971871745
1025682191106363392
351363616
1192660333049061376
1408754320124923904
1326516668261146626
1635412512307912708
1311671862477422595
1595216373030043648
999271093897703424
1462000231147622400
1390212142721245192
1636791476398030848
1646873804659101701
1373845183918440452
1559576009363668994
1265746730508746752
1069000837
1210512665841414144
2816070003
1408732896442019847
1644487129127583745
1597255034143526917
1646666370967564290
739013222569807872
1369616233222574083
748786326351130624
1644885515114536965
1537918640728592385
1520829089917153281
4887644518
2923015115
1640183695687696385
1638372496645795840
1646489301352603648
1034975469446352898
931278414228721671
1073281650187034624
1040038881025040384
1517286139710820353
1534292097649491968
525752243
1646293845527732228
2542156640
863839615806996480
1521209320330993664
1602080363974639616
1346106424452124672
1592450271405285376
2327652569
1444811726558580740
1457532545201893377
1521198237780164610
1253282947894935554
1537325495557275648
82501774
1052691309566337024
3783704536
1273277340731215872
1000036831981920257
1531635197908815872
1500619807443787776
1645072832928550920
1640911468169162754
1644763694948143104
1636361201297813504
303271415
1645530795711365121
2254430246
1674951554
1631758530100248576
1625239201355558935
1632898523245977600
1373450437777625089
1472825488850751491
1322745962524192769
2860926343
844077024381562881
974681992972337153
3224661176
1613244867815084034
1296878691331592192
1555790329202192384
1487723004679184384
23829800
1589703081738092546
1556079940352761869
1146509923683131398
1644838877616566273
1161849668
1551395432386936832
1638550241585537027
1644525554412994562
1508672004781932549
1566590235332546565
1537248912779759616
1470455604925841409
937749994681053184
1636237284923023360
1643231750326198273
2147864515
1644193155628036096
1276289327417311232
1617873388063854598
1600127941547024385
56857128
1376859260143931393
1084153615097479168
1609376259561095170
1056965574033596416
1641738454902927360
1643451162182688768
1496539519918739459
849349216350633984
1630800356031729664
1622677959390728201
1572169036838080513
1371803378737672194
1138042092603621376
53733522
1477434170628476928
242708506
1586844697057804294
1574918591446765574
1516796043861573635
1391622294850654208
1573872983415848960
1641885878313185282
1640073817627271169
918213426199121921
942274125623566336
868972207493455872
1486870649327042563
1615786488280530977
1579948516973191169
1606634200932974594
1475854771231891461
725634029089902593
1468484997313175556
922302839010893826
1305877157256675328
1586335000131248131
1521122985834422278
1052174931809771520
1528015825302609922
391028507
1370135678143492097
1391969236914946054
1585251856288305153
1277995352033914881
1375834517835968517
1642154517411033090
1540431890481659915
797270178308521984
1490916891380043778
1528844765487419398
1427099162370142214
1474543803059122177
1245870845941051392
1641495380226609154
1534271489431678976
1267910873202528260
1641874476341026841
1151805457020964868
3091290798
1285909933033218051
1544073096172392448
1499950182842216458
1529470180149014529
3295295790
979761997997801472
1641248391488258049
1559489313838141441
1640258777613053953
1045855264036073474
4214377179
1535387542199029760
849362498079907840
1192940198105157639
1515109165621907457
985000346211799040
1488842682214539266
1640703607178657792
1616182202194173952
1594889386692411393
711312995494723584
1416475237374468097
1531619268369973248
1000283738591322112
1598171727326056450
1517358252618526720
546317321
1394847663640567808
1373205618794717191
736582582570221568
1391042140659085315
1224708899992895500
1586814048557047808
1198656070308302849
1640479674995187724
1375873310043602953
1488863013616693253
1581038914344656897
720347329371316224
1422624466798931970
15547684
7904412
2849683806
1416383831246999556
418250107
1217133029535178757
983883328297283584
1477952572283629571
1565606531873267712
776894666461552641
2313464905
1454479865995042820
1372945257269133316
1347117913342414848
1595201706098364417
1234622270565486592
1534620371881709568
1193071717394141189
1465117572580483081
1445140705182113800
1157033169939554305
1203129289450893313
765491638634504193
1271262937387356165
1473734576690405385
1625144890215763972
1529535576608751616
1510023983734960128
3283744208
1471664814548299782
1570183713526525954
1603900183359668226
1413447629355175936
1554666406746230791
3398597643
2737659126
406720196
850479140277022720
161890720
1577693782656565249
1454980602030170113
1248052968408088582
1076881753950834689
3844685433
825688238635544576
1415415586604134400
4883304822
1408181371206615042
1375378398
868468015788158979
974768252227289089
1597349790630682625
1583975914022526978
987349034850451457
1451658536522485775
1468769499780456448
1519691180354772992
3394409609
1149032446219804672
1470249422625951744
1572723098356432896
1629511196855369734
1039035710810910721
599836640
1586563948232560640
1403424997557800960
1101547759281278977
1061035384744919043
1345480517777563655
1585910966772023296
1590956944004620288
1595618095191576577
1597898112588480514
1590187882056228864
3890145136
1403200585608970240
1005580379829473280
1579000721445617664
772686824011657216
372159407
1468277602544717825
438862816
1266264362295025665
1589732670136795138
1159356127571861505
1473733867353878536
1585696666106986497
1387547069439750145
1434293011991519241
1526035701250285568
405097745
842216140520603648
966339667053379586
734618192983822337
1330298396159184897
2457317364
1522825785433804805
923638829453598721
1598029956377759744
1258537758005616640
1533703311232466944
1187423436492152832
1704785888
1590120470526906368
1613750494668767232
1481796977151164417
1618105328184299520
1496712085648121858
1284193728140201984
4063081753
965646585983066112
1378038430823813130
1620218205074505734
4012553841
1617317005773750275
3665540778
1562992750416789506
1585902508823781380
1591986590221467649
1001126462760542210
1345904051150585856
1528089558155415553
1410372991490433024
1624547406518927360
1637294379747667974
1556334212269105154
24118518
1247467839658721280
1575652297022926849
1637888516657913875
1422684305591963648
1333644278766186496
71752058
1488217180583911431
1376831248744775680
1114260351212773377
1440872273313861638
1526008498739417088
743481600638324736
1228941248
1371226164057022465
1548608186130767873
939485899565486081
1464494526651899908
830426150488928257
1216849880007827456
426979453
1264256390442385410
776969275156209664
1532476989721952256
1607680984371052545
1594197365639954434
1364641775072120833
782200806
1468756365996957701
1453911175591350272
2336104320
1499814105925910531
1628157888798531584
1217049565
1637241764649086980
1537157942436323330
1370480151214104583
1273673567838908417
1468231074136403984
1328837035487080449
1427478172623278081
1468068237762252802
1497565813519241218
1508009190710980612
1593795856402194435
1435068614898556929
1449120302739308546
989950922611744768
1429489747366457351
1591195803024072714
1623852039209123841
1595684373805731840
2319244326
917103195301740544
1611147699084005376
1617968183444639744
1570151648701333510
1449919438677897218
1463046498074038276
1618049423757516800
1347730095541157891
2986533810
1618083512397041664
1396708174644776960
1451324458782715921
738812093005107200
976425653854720001
1596736231634771968
1465750262635769861
2214558306
1605711736656445440
1620757008973725698
1601533417740541952
97428856
1301059787988246530
1277232162115325954
2570291150
1084287802207072256
1429561200858345472
1207807582443917312
736708533543018496
280759226
2162023106
1355993903594414082
1249881571588530176
1519164032090918912
1517955831559454720
1637793979264630786
864594405503774723
722869267192909826
1412178902265565186
1310636147349942272
1469766054725533702
1553051479560359941
1290807285300826113
1532188231608913920
4860384418
855587653
1546795170993262592
1637500325220212736
887988572
1226896701019041793
1467850301868761095
1529685377962848257
1059236930
1446355520416321537
1124455042038345728
855460484044247040
1468797444095893505
841747793530224642
1636828044374720518
835354282941632513
1468131897234505729
1609293449647513600
1345484158965977088
1543699220695228416
984162734278369287
1555758111142690817
1587124078632132608
1309607704072249345
752678334937436160
1610876978239864833
1595694098530406404
1621241060193099782
3857648373
1634811931797123072
1606327902664114180
1410374211210711042
840636643967029248
1440244179074838536
822879276005527552
369068555
1453162168476741633
3241791551
1468511411940831235
1310200768725688323
1504232296903286786
1533681843169632257
1151751671753711616
1340396146200473600
1366625820626870276
1471492798348075012
1161776053913677824
1540486240994295809
1160758325107187712
1559757875559514113
1030811962123403264
938786761018187777
1446341412773982209
1366762066464374787
717749067145674752
1586635987068780550
1469827662227165189
962754560
1595618323491962884
1630071015500914688
1333830918377705481
1569789264002519040
1370653146406514690
1554986243150282753
1384987532035723264
1228461008462712835
1586836082619981825
1453563885437530115
1415315225583177732
1365351827642925062
1588592825741889537
1519801357716316160
1217302238617432064
1634905671828230148
1514020762604249090
1116494264727298048
1575955925789196301
356752199
1601223541394907141
978664635447611393
2732817969
2950742449
1614664276190298113
830389005111828480
1520580457775001600
1586586399930826752
292072162
806917072164769792
1490310653726244864
1444462723094417409
1589070433130729472
1602823755340066818
1511372083250429955
3716202015
1339768083922169857
1531815303918850048
1630655259952513024
1366615914712506371
1019327492333719552
60124376
1401311410299281410
1584991679383306256
1539787640312139776
1569440887033237511
1068979155092463616
1592387830944145408
1349610791788400640
1633739811101065218
3386960794
1466799666989867012
1378117370594557952
1607046834048073728
1597454994801770496
167920318
1504891675621036034
961088767179280384
1577401929784823816
4250980032
1285716449080668160
1619873189714092032
1264292496831643648
859426351266377729
1469660785009954821
1561552952611012608
1615418054619369486
1158603464483758080
737513854310060033
1306953164566953984
1627334773659279361
1579229422581792770
808445945381797896
965259564017995781
1586572524099600384
1532969708047179776
1600383637786365952
1636505835386937354
4465978883
1366776507281117186
1627963773465001984
1265522936850546691
1329515574649442304
1635479405706514433
1591589932031787010
2545750474
904094304188194816
882259701622341632
1268774452587909125
1571548793815896065
2651180830
4077752962
1582493212026994688
1523661288651513857
1419640413334523910
1171906520784756736
949027568878956544
1453650343879974915
960906430957187072
1285015979555278849
849023110879870976
1589389603273904129
1475609973463859202
1109149800002473984
815506378055942144
1455751091988094978
1244420036
434580827
1546372254115569664
1594518477494181888
1325805135046586368
1549658827611688960
1511459277680091138
1466800467350994947
773532326299041792
1408302223931568132
1049458666007613440
2342944562
1161261376846946305
1479596698934468609
1224897794026229760
986666739197980681
4667047278
1527596650000265218
1418987689152598017
1070913644353990656
484415668
1396160886612664325
1624046092324143109
1396907929530404871
1558962371615490050
743535776797843456
1368834801889779712
1034528768793108481
961314511071383554
807932453960548352
1635149832825257984
1354968993623322624
1296408232253063168
1148352932699525120
1530344373338120194
1372390656425955329
1368376362612981763
1105089241992912896
751954389321998336
97826607
1429477200231817219
1634647665068654595
1550391728
949876061659115520
1151116217790402562
1568055355502133249
1598452816368095252
1117085859327741954
2485409556
1561035463326109697
1596022886850068480
1448379538170425351
1610815393161175040
1595516512630341632
1475325347638005760
1547698011630759936
1145141450310660097
1496821310604804101
1443355536314052608
1077944405925990401
1635620754753478657
553027990
997312438952497157
1635797127396818945
1533283290521563136
971452550057623552
1448003263996039180
2221699733
1430552999491948546
1097016526605930496
1308117801593438219
1064988787938418688
1112782463401684992
1105287392183898112
1380723368694013953
1468135887200423936
1630313390693384194
1287335807225913347
1625333272917037058
1429625475874312193
885491838915928064
1310308952664666113
941800666405703680
1499128218841980930
1520409783362371584
1601601809939824640
1235726119694995458
1056381052393062400
1536340577821786114
222582311
1131650838
1569682960953257991
1469991202850287620
1311231731295350785
1165675450737336323
1305412093647167488
1063494568493150209
926436621922242561
1611939436186697728
1289775557954007041
1402616239634235392
1367613750308577282
1592336101598953473
1532769110756827136
1468855925523898368
1618633172
1597340855785988097
1610856545818152960
1319639789365317634
1316739102931390464
2304872762
2402650117
1518632902136848384
1593737601525043202
1635427669985861632
1579328659407704065
763850854910660608
807827080910086144
991564464825782272
1608815552633475074
1378861608781242368
1635112805631139845
1222453569753882624
1409034594272284675
989517592820965387
907217739152072705
1591891602670292992
1573319989830074368
1495541056066174978
4392900987
1301712192308273155
1486053997232406528
1196186636289298439
1634343711260778496
599485441
1589600520603303938
1618785800308801536
1238500751938387969
1538739743675977729
231715256
3009683862
322252112
1597001415796236288
1218638146314829824
1250339709944905731
1510644984072093699
1323435676549881861
1481204557258629126
1347936553247629312
884703480094613504
541228286
1591623882774962176
1471852464060223493
1559332699394932737
808320108321914880
1558658208356499458
1596685251534790656
1490429992794267659
1590170108013731840
1633615374032990209
1535566029090439168
1599751634359386112
1587555713080967168
2259981325
1629379314968846338
4787896637
1364178937409114113
822557810848395268
1426883613967147014
1361685689696456704
1202000377551491073
992297965514510336
787470902443315201
1556688841947455488
1586051829410004995
1248329619280977920
1169930214815744001
1025767175628484608
1450129051125964801
1585948618841853954
1149559571482140672
1080894347107880960
1245826279187808257
1703716646
1142620696054386689
304711700
1581679789001375747
711832326972448768
1596397472
2757173134
1338899697310830592
1597375489320005633
1587198621971251201
1586884908743630848
4167231304
1626234230425681927
1467543725899399172
1338902791
1597705721076158464
920574907909591040
160159700
1390429304740327429
1284889064815173633
1056588182656028672
1610643047460610050
1598117879030980609
1450403455210754053
2609592524
1198586353
1267495845877825538
1258809830908846083
797165686367940610
1035670932868747264
1367482223377588224
1607540187491360768
1179352759000293377
1452096991522078722
1272732384690143233
11768272
798973118580592640
1025371151399149569
1116364816107606018
1166478619532771328
1257105705636466689
1632055101220110339
1604721118241095680
1170847394126290945
1535825310725181441
1397952264816431115
193140442
1624649701231566848
1304369047975464961
1596385436271841281
1508627086730268676
1599562656498831364
3053934206
1259574167315365888
1376611280929316870
734305084289474560
446006666
312217523
1527602026825359363
1557862073194905605
1451232470356185091
4304308699
1563973734578405376
1362101629743464452
4896160997
1496208485725491207
907609545471643650
746764709056122883
1185289421786177537
1590245217998864386
1420014817562222607
46486710
1610691023868686337
1410433337898983427
1427918671968624647
1194000349356548097
845017766084169731
1469361383200468997
1592849524753588229
721911639268675584
1468663279283277836
1443253504152416266
1301085709
1172289543262887936
792723217
1629417030293102595
1594361877148098562
3244868397
1595758067681054722
3372943421
825827682315333634
564011503
1565772257225756673
1506038034600378368
1356089435696160769
1587196638853988353
1624954409779097608
1529017897191981058
1526984635
1611116272917352448
1445367547654770690
1441792488675500032
1305274574641209349
1595075960558215169
1216931768630153217
1631380528464011269
1587643022090665984
1512544345395761153
2787087938
1231784779386966022
1537279876041949184
1509705246636793860
1598977204196896768
1569178628977557504
2853337618
715645157689978883
1571261226247659523
1404166416593469445
1311742837571158027
1413924568427794435
1608310353791799296
759774647890173952
2912038762
1169834632293957632
1580826640191344640
1503490348747735043
815915798950805508
1586616163395461120
1497297551120293888
399163501
1533493527950155776
1586038690740158466
1516518935172067328
1532835539682209792
1590429410095763456
1617546877553020929
1190261317548085248
1497956089765281796
347091261
1291126210299387904
1629292524241137664
1348005693991825408
1594409049054797824
1626174308622934021
1486942528670732290
1537404104452231168
1621402706815623168
4851087788
774660804
1601366225367564288
1631251827843907585
1612378984129638402
2394820374
1483979422009024516
739077520423682049
1062329423196651520
3288208771
1630657050996015106
1607918005090148352
1272997779942502400
506165441
1216287992849014784
1595651287005241344
1511626231980036097
1027954207146557441
1554143734840827906
878016080991727616
1405337930806136833
1567593921664155648
1517519584991055872
1586825779308072967
592741206
1477016199338758144
1597320527206645760
1148028507206717440
1587095081508642818
1592721240736894976
1504897338275512322
1044739845854244864
325713064
1346352110745608192
2251105985
1191786563954458630
1627125909122588677
891703781133602816
1553571955801989122
1467544222198808585
1617373997246865409
443658252
1614387378
1585867440784904194
1579887667646693377
1571707235130306560
1430278562716655620
1197184096620961794
1133886017281245184
1553797506483593219
1557627149879840771
1358491887510896648
1466934157569843206
4366822947
1007027155228913664
1287616455190761472
1254831184116416513
1586934210694086661
1537882047724670976
2752029255
1508308664616210436
1427444252154507269
1451638439145844750
1502334038547349510
1580369363001016320
4316221756
1230280179781644288
1469129326603943937
1623445775354150913
1625440433164918787
1594873728638124032
1290077344703680512
974796834144169984
3092120316
780891922265153536
1505377061220741120
1309989006072057856
1599518047768924167
1555205934389002246
1137216892958064640
1469619435551920132
1261116276266557443
1535927777278447616
1233075700439175169
1480493039051227138
933808077429542912
858498609095909379
1275017009172897793
1610370165169872899
372588546
2394012870
1556469567093866498
1415398197388890113
1400534698384838658
1389161854321238016
1582700705294557186
1623109778435371008
897671185185505281
1622974564719333377
3145275201
1471189247038132224
1621207077057187841
1312433436100104195
1612973207669313536
14508679
1362068392941772805
1376875141951586304
1167019365331423232
1612270014148616200
1568210129828323329
1622385303708205056
1621373148871675905
1367128446426619906
1605288517185048578
1723856072
1470766079257595911
1419224351908507649
1156824714683256833
1398845931852767233
1509328759912030216
1491208683568644097
1601533875947192320
1189604521028313088
1447118386333245447
1831397149
1618710101895913489
1601946362505007106
1612303517007450112
119587294
1524995045438414857
1609856606254022657
1494750031055933446
1619852137088835585
1170019337454964736
1607490580082479104
1459317066461331457
16063639
1620479069149077529
1480076403127185409
1562700837784518657
374312553
932380344053006336
1347390938851762176
1463330637289455617
1424172557071171584
1520886553756770323
1422440246571061259
861937288904880128
1511124217131159557
1619126607435767818
1329917498863587332
1385016874119880705
1469910983359483919
1449212098106515460
1594031620876640257
1330578957545009152
1593634804821639176
1597639190107373573
1610699494613565441
1400329467885613057
1388302638777835523
1617159086390349826
1590778643508301841
1616295302545444864
1589721367942938624
934198762863460352
1597640505688571905
2893640312
1366142702979584001
1564435752871759872
1545406068305629190
1536506471172689923
1366602724062547972
1613662447558090752
1393855092693086212
572545357
1482953590771793928
739662132397084672
1598785652593725445
926665599090151424
1402480107760066560
1613311853865607174
1592663177606602752
1613192556807954433
1567684165805703174
1437986985537380354
738318278636896256
2748213594
1605734219984293888
1217839555820367872
1609093516784803841
1611859634851135492
1509263515407822859
883240046018613248
1596207676110798849
1512573526032662532
1199168623647973377
1030651179271737345
1202656458
1258459160963960832
1542912153690296320
1295392796489252866
1558265819112435712
1446058922842808326
1610626496820805634
604063941
1574838601699004417
889057751996837888
1407569981555023878
828100643269210114
1403803515051548675
829058301912440832
560159427
1202312614442872832
1592057205548847106
2722379365
1600923260421607437
1371322456586223618
2996174288
1559165081199398912
1598029149288931330
778214646318792704
1418562003837366276
1587461511290753028
1053918834363637762
853861390221692928
1003775954882351105
867527686691991552
1607617591274770434
1591678390943244290
1589954417326972928
1482907166898102279
1480403954575896577
1607399509306359809
1537519811768492032
1084236632864092160
1278529605196865537
1495634041147637761
260965421
1442808079595315209
1460237130685374470
1603596879710806017
1516899051291164674
1254006807233626112
2180597194
1589469474586959873
1594675666255249408
1542615195666849795
989991181
1496874952632504323
1576012578622296065
1477076612030078977
1262951834412560384
1606070453067550722
1343617583409491969
2545724487
1366938031979171843
1556924639837691904
1397733665682112512
22299835
1575967861142683649
1469077640787152902
912118879392075783
231270554
1443329778489049091
1379573662077087744
18293603
1339667947774640128
1593140536101294081
251887060
1523851200348762117
713901679
1332025513599242243
1576722377282420737
1422195281286864903
1340435994445635585
1144032192416423937
1118014427545112578
1598012137426894849
2996053587
1319498298307301377
285866913
1586816862037463042
1400116944943169539
1266444813337014276
1562360090069389312
832811059811581952
1588236001738104839
701923916990775302
1462625064986292228
1529947182010232832
90630919
1496701485161328644
1732809506
3766030708
1594175294679777283
1255611199615635456
1462284805945626624
1487693875456229377
1212185799396999170
4822215311
1575894917028536328
1472253684989972481
1450364979585052672
1914396080
1182330623651913728
1185831302316077057
1098330755346894856
1493788958786039808
1372958037904871424
1375713781712478213
60849418
1169983349156470785
1475192756494643207
1488241002892640258
1593370218985754624
938259068074029056
28965330
1460946781278199809
1169111391623495680
1517295947335802881
2715208050
1466567225200943104
90504904
4671103291
1390378271242694656
1275999446506057729
1211296452476981250
2961119351
712267118461501440
1590369359339421706
1532650114191335425
909185631116517376
1451269385591660551
414330772
741412580
1508567973182816257
1261209916624318464
1604275733572067328
934750957
2675177312
1311185730937348102
3243933952
1216217031298564097
852962657569296386
1599430855675486209
1529273865683320848
4229097599
1128599101778489344
1547774136411254785
960654588268310528
770372879393366017
1472704986433966094
1450448172808085508
1287873982482526208
3987028150
897546052202528769
1559851901323296768
1484301283943235585
1165946872172670977
1407052570246385668
1593494580720062466
1366699216848842755
1515443322831048704
2858535692
30703148
1465190818013224965
2672371093
835876650764156929
1525263321674285056
1386347018474311681
2460753847
1245994748004798464
1189667430206976001
1060284238921191424
3001583621
3308801581
1588146486612828160
1527510929059061776
1567307367196278787
814948165757505536
1532782930828861443
1571513190814564354
1366190670713655296
46946360
814935715519799297
1587349726252236805
1248326410181021696
3236104373
1471501011525111811
1245115756376981507
1428368071115386880
783025456253657088
1408053259701395464
885996349442973696
1408863993297616896
2904097718
1525357235198566400
1496743765905711104
1596924291374645249
1586768771372531713
1116858493275967490
47824362
1486759393442029569
1508519639319523344
1114658130816794626
1475107924116746240
776938125150986240
1544408838308171776
1176306395941146624
1427329655204466693
1241179716251529221
1488977912128843779
1276874086816329728
1407452402727460872
785025136516747264
1506151722468716549
1287908301578149888
753206679596994565
1342279955263184897
1581001030443188224
1269409649683464192
762338370
1577125249438580736
1538249797987180545
1586051283806470144
305963006
1366393090769059849
1225497052211286016
819799078473056257
1122904904975179777
1064989488810577920
1319855356227538944
1104735450265092097
948703293932490753
1184023376513380352
823250819223064576
4062912195
1308039285371736066
1265672591680909317
1500572052352225280
2897220190
1430655002
1237383207101673474
1571307468952567808
1443364489831714816
821712023931260929
1545197623404965888
1577779477853405184
1447715046759571462
1456757196637736964
1071768756626571267
1466773883797876737
1206838196
1083778108338126848
937556413898883074
1458553697768812552
3056242641
1486758550961545222
1503193962663723013
1207050486853111808
900853302161813504
1538276080460738560
3130378907
1452492243554684934
1314108842645610496
1029895881087229955
1251457656394375170
1494016524172021762
47735010
1117929300563570688
2995185666
1188266078025256962
1227279704945807360
373560368
1212127933134852096
1510734105197035526
2856378176
1337828847857725446
1565866700494589953
1535852464074723329
1207686658587537408
1468128292029014021
4903062383
1427429597256331266
2213527670
1113057702056525825
2815347547
783300191646420992
2950898445
2333418488
1092444830628630533
320840868
1346201469012291655
1544032584463687680
30522366
1507846331536052229
1579883083955838978
1492945936179421184
2467237242
1355691248074575872
1250577324266962945
933114471056379904
4831215448
1471293082331238400
1509345455326601218
1470185491643330561
1271828479890403328
1557430007965790208
1396457178186219524
1377114470388957192
1346879267569868800
706161265195020289
1208985418722631680
1491760762729246724
1121358811
1403841782799081473
1315314331777630213
1462501218211692546
1372278133009825798
1536051655388672001
1024333775004680192
1586288632343805952
1478117195645284353
1427340991699238917
1573086835152068608
1599822995278774277
1445122540956012551
1367077573214105600
1567922210198667268
1390777614177013762
2292389298
265057129
1285703774007365632
1091152469239975937
1564718052226334721
1238171932878450689
1177649003418148864
1469695689303199756
1550446595941883904
709388150
1383694911313125382
1367700759278665736
1369997992070176770
972967330853605376
1598864138868080640
1591780039095459840
4913076840
1280330084826710016
943110725412773888
1474194703381942277
806100787537448960
1579547137649541129
440101803
1520425777006788609
1252671138
1599731457186054144
1385014465037586432
1459850107520794630
1344469974585380864
1468006600090664964
1466796966558396425
2355296644
1589720791725252643
1065077491965005824
1587130749894942721
1253967282176512000
1369920783779303426
1587335248664092672
1495071987806343169
1586595031321698304
1550494808325627906
1082117570520469510
1367146813602553862
1450204556223254532
869357068100272129
733659502235385856
766781355149500417
1587044024124264448
1380666111411245059
1359863970153267202
1549330212654944257
1533681243044335616
1589437146506489863
1242502423308107776
371059477
1123818320
1389762270306177025
1527087103959498757
1435707779436658693
1277987613853413377
120639255
1551955463343947778
1337481321086640129
1107366906074488834
1509400404634730503
1087248636029923329
1583577830335696914
1599807134463676420
1570147987707273225
1057797655718494209
1318847450157846528
796579652420702208
1534418666984460288
1561849145576636416
1415165880296624131
1364356837278183426
3201683639
1066196948246568960
56998343
1472394634345295879
1511723355732336641
1546475935112859648
901625451352907776
4727959529
1889103997
1603001240665088000
1061442977007132673
1402459067721949184
1463127431007522816
1432076840143888400
1548443285999366144
853406058269691904
1567277660367110150
264344431
1499452079282147343
1366920519589777409
1488740759654260737
22685632
1587986919052427264
1122678368703406080
1539219653309915137
1360626271127023622
1589733271394459649
185688416
40623261
235462812
802666065453051904
4211424465
2959513395
2856366133
1462507976376340482
2798796175
1486996392438804480
874747680
798536327243436032
3350463526
1544445713114963969
283612964
2170156342
1574843876074201088
1081213251768205314
1269863766449152000
979810614640979968
1420900535855718414
1393366836541075460
822633215114485762
4344137597
1472743155338563593
2481478610
1308138648911720450
1565133459726925824
1346882862809800710
1550763553841364992
1592729766242549761
2772909821
1248061850387914752
1413284254394589188
1195730570933886978
1491687639694544897
1496676675467231232
1571313635263225857
1097893322562117633
1168704174797840384
1549917730748465154
1264677734527221765
1469080672081952776
1374434029819158547
140920803
1563170220713263104
1554166668699398144
951521535310880774
1570204450081447938
1517732210224386048
1108226911665176581
1213013327149846529
1124124860870008832
1577797989799976960
1272748486270652418
609689272
1366180276993470466
1476562358545833987
1850955230
1359779429157863426
2960429250
1422687081378222083
1473296948417515523
1215740037461086208
1371921608877735942
1378151988261748736
1597207168587120642
1309074417088180225
817406786579922944
1570970758121144321
1350353828223332352
2427497971
3256032590
1577907505782464513
1264351441101164545
1526256454184972289
1559891090190237696
1601467943400968192
18387024
1267124321249628160
1521870690630221824
1565461693156806656
446282869
1599823154549080065
1016093829324144641
1099343905634553856
1586963950192791552
1587297853877018624
1589595906877583361
1595312583657287681
1587991205329207297
1586842622890582019
1445199920424636416
1518686269580079104
1394241703498993667
1468296007909879812
1262420323577876481
755965572727189504
1518992483316912128
1268032640042414080
4367813116
1425625145171845124
1372498323265884160
1402063438097092621
1481860016323846153
1325683714479824898
1519156802847330304
765325355720773632
1466422749161795595
1564798489283870721
1586486669729009664
1315023384049340416
1423646195180785677
781157541908652032
1160604019053748224
727339653490171906
1375314338869694467
1516545695104344066
1577548113488789504
1384611232922042369
1572687152462594050
994501854162771968
1414441617705127939
1441644920419221506
1351944016217083904
1495610494538768385
1178553106621067264
918655832392437760
1298829170475020288
1589357498112294912
1593783566609022977
1589434821041786880
1580324453594329089
77246906
783222784457527296
1537323711824646145
744360294013513728
1481626181900382216
1357905376260345863
1518611268285906944
1498046459458949121
4833868619
1591264154123378688
1138467559366418432
1377365769105899520
1028116790310842373
1412200969723592707
1290701071321649153
1538167665042276353
935877294496854016
1586328105576267776
1219256563938054144
754953262072115200
796066330923372546
1365862710253150210
1582317011018850304
1588395757106827264
2753197657
1584947849686548481
1586109189956554753
1288312469585371137
1417621420885037056
1360986857178300416
1423407608627617913
1435494766347575298
737329484
724859894755672064
766382211167821825
879742815080787968
1012425607764852737
1115979749426438144
1479889465649033216
893553166368821248
1526568451044777998
1411137220854038530
23523852
909882725544407041
1464245735415816192
738030587424952321
395689514
3566638694
1544872306140405760
1340073954820694016
1585850662478221312
1013925684555599872
1366477358224592897
1407593908771725312
948833488463052800
1366575472482525186
1455858119762927623
1298781706527350785
1325241150454763521
746844599558119424
1501804987818471431
1161320496559984640
2959801320
1569392744241446912
1388019750706552832
1040135724018819072
3018742509
1304537279332069376
1421176631356448777
1417352143300874287
1589735211050450944
1340611359952805888
1189990938237648897
1456273335348645907
1373335799744368645
1201233037863923716
1112003189895806976
1367000800124309506
1437800672146165763
1052944238273531904
1442306012195610634
1437143029719044100
1507668227786162180
1579393151017619458
1266238334495408129
1367235265060691968
1588584538145292288
1518672662301659136
812960504188665856
19729919
1586780231599362061
1586936848818978817
1584570583093841923
954283519580221440
2344358742
1586861328861433857
1337151218880311298
1583420031966367745
1584016729616748544
1503828512415059968
1407900897833897987
1481443120738885637
1586833936063209472
1403140507149144065
3818160197
1466672681420419073
1395040186447405058
1454603822886789127
1560039299286028290
1084806607186419712
1586962020015820800
1366148208334938120
1587613553095229440
716792977025314818
772132150321618944
1133648261670154240
1559967551773343745
761969761681043456
1472093770724352001
1395563728624660481
1367915924427268097
1456655802236915715
1146496642700308481
1510567083758788609
1509913938296639491
1294372749062832129
1415423369349054464
796552034782679042
1366583017259499520
1587227690032975873
1570785663439486977
1631730378
1548308310415159304
873427520074461186
1017550686597378049
1518543826398318598
1118654463189843968
1366576530885902336
1567850395690573827
140593263
1366593297708429318
