1706059691384508416
1136426434807734273
746831792221601792
1700309204764893184
1171963197601046529
865597484940181504
1687308681761943555
1608011146245832708
1500658835232546818
1591600230201380865
1485858118508683267
1651755727503933440
1687909398583431168
1604334092044189696
1679189418827972620
1580428011647762433
1690043870745403392
1691033213639299072
2285713092
1585469056257208320
1596176338817163264
1636385621202849795
1299787733548834822
1578127149822869528
1689508240474722304
1146509923683131398
1046650817019662336
1463757437664645123
1625364492140912643
1449096769279827977
1680609901234515968
1617333639653588992
1680369347607314432
1267290680252076032
1614908789982904320
1589860775925014528
1585845309598359554
2443180342
1577861844139753474
1623882989896859649
1406299748869545992
548258435
1452791879242637314
1674781325205864448
23189542
1666902725634711565
1585867578488020994
1567124080561643531
1431059101564407808
1655353145202188288
1467680270631550980
1335738259700387848
1360222234204323840
1581734239434723328
1665291837882474498
1472500124639281153
1636428823951491076
833583411298070529
1657559583269990401
1586126223188496385
354095793
1587245901441114112
1599206804092854273
1603882723348619265
1092346141998370816
1656724636963426304
2252943488
1422444191540551680
1660628748536799233
1587616575019958272
1518399959636185088
29912070
1605370004236636162
1585672452306354177
3051195289
1598388201353146371
1644398771529453568
1461055693688029185
1620478026235645952
1643055401053609988
1587486466833260545
1250254897
1608442355304075265
1585838784498671616
1531761787124817920
1586002145328889857
1647765973645000707
1471312889478885379
1463046498074038276
1322060763243122689
805502502028398593
1469918658675675136
1631005892345999361
1621241060193099782
1481773144427966465
1606360263493566464
1436081149307015168
537709549
1612606345169063936
1625111491128053760
1278099265387200513
59001488
1633604566850715650
1605670538856185857
261100047
1327487450332221440
1617876287774949378
1603957237205999618
1433952231817101312
1608131901134442499
1593217766017961985
1604599983893774337
1603958097478721536
1222790936679206913
16705767
1464322912979144712
1595983949108457472
1598157158805569538
1188162952299450368
1153042794375712770
1617930250004099075
521167914
1042563175827165184
1344725881
1586057951143661568
1538577621574832129
1603181051035140097
1597363536161816577
1540748539449339904
1547757975439171587
1572775147890933760
108465379
878461208025862144
1266764597236809728
796151032208392192
893348197040566272
1591582238906499073
3410843525
172748442
1367262011315396609
1596388313401032704
1511743429667131396
588703829
1468073797425106944
1518815025233768448
1530129316901699585
952999556832284672
1523385729707126784
1581226856300290048
462104542
114388293
1468104176102256642
1592170735807696899
1538138609257271296
1481443120738885637
278145569
1565774323612323840
1210301370001174528
1058909152435683328
2352629311
499154896
1492670054541844482
3192991961
810055220
818948638890217473
1090038910691016704
1338016117143506944
855318254
4855629496
775028963827552256
1586184850993778690
1099127536892690433
1580649874692968454
1101621399628730370
1456748077658906634
1571239984425832448
355225577
1416039751342243843
855288859
1451208665059389446
767960339547774976
1082197856
1329891389430243330
1549869393114550272
1528365860997451787
1531786191237955584
3623795001
1540457459793412102
2312372450
1419316942901555201
1477437164816416774
1290635110149169152
739013222569807872
1231777653859876865
1342989756611907584
1233098835074801664
96502351
1533325978151399425
1232792078154969088
1467931973616386052
1432200636557250561
553959618
983108315466162178
1963156225
1542228578
237391155
18166778
3373141972
2730264319
1356514488451817472
981195947706388482
1344356576786866176
91583544
1382768181094150144
113137765
268801278
240760644
1089308757035794432
1324119698011754496
1451025651440439296
1518984677905813510
1477311278804881410
1508627477224112129
1207874097251639296
908094848749719552
1341830602463580162
1417885408185229317
350822109
19738104
1174838454049546241
1265757738853941250
1006016181721919488
937441119515873282
1730716639
1395414353676017665
1367979062283632640
1362827273695621126
1115335918758453248
1352452541699776515
1089312896977256448
1206100803947302912
1253858606203584512
1355956151477788675
1250131035049754629
904809776454000641
1074005912027848705
996149694177992704
66253892
1324472367905566721
1116766980596543488
209693451
1242504893816016898
1312889735006826496
1317074251988537344
39349894
487297085
872148729184362497
805987830505869313
1324823805005582338
1310576318791155714
2874102076
1158226994791890945
947984296224096257
39106563
3958327401
902200087
83748727
1276725532038623232
1263662918207504385
1314185682651414528
1298445667568955392
1270194600356065281
1275581797246611467
867639769794101248
1369895352
92844900
1031747223569227776
2945287090
1026249782644416513
599817378
3267456386
224267898
22667853
22703645
15976697
592730371
18643437
