1627048423437524992
86024141
1693705654631006210
1481097899467550725
1423759528701607936
1648517062325866499
1612104963336900610
1708346124803940352
1675652475284766720
1206021426425159682
1325911189021478913
1551204260318257152
1127688490479706112
1675653882351853569
1592443941621735424
1525145201987072000
1700350830698696704
1600529678049091585
1706820445796794368
1514961912085241856
1691121579256696836
1687860364158046208
1661461976059465730
1623825845646241794
1410225006437617669
1105893483242504193
1536340577821786114
1080098534941212672
1661477872002031622
1698095546211143682
1700620626136797184
1593747412241317889
1565980203632930819
1555355312126820353
1693262614862725120
3391278573
1593622074291093507
1646002133030907906
1522706316376092675
1692702350824116224
1686829825669971969
1700302122179604480
1586072292991311873
1593780609360564229
1269380361450074115
1585934624529719297
1519442052928389121
1519057432143667202
1516885194606743552
1698279998908493824
1685492570699210752
1630232800950652929
1590142379192877056
749770281871298560
1573805998686765056
1650143759408021505
1593374948613054469
1653382377698369536
1690423450102296576
1618269173200592896
1330983667234205697
1661909931124047872
1589388563258433537
708496286538805248
253420423
118516740
1499075354
1490727426783125512
947677980968468480
1593640770866659329
1657890405286043649
1644548095756173313
777277384286318592
1639342087744151570
1519832102241325057
3249314547
1467225797052166146
1679551281138901010
780570388963012608
1623202729446486016
1657556238610079744
1699782208737914880
1403364886751727626
1701016609455050752
4609487726
1663064110638985216
1699714825692008448
1699740692115759104
1700683838895075328
1323723584427028480
1699610595589287936
1553846581127815168
1684196003161726977
1635399553292828673
1676554123057979396
1675133717621161985
1465607607935291395
1575606118360834051
1292966435447218177
570854528
1601375946489188353
1690022979093073920
1439584041590616066
2944837077
1703904101665329152
1664454872349962240
1589598032227704832
1653878834607935488
914990650336190465
747123793882034176
830018067711324160
1510936031742337024
1368634172
1591538943887118336
1436641466680500230
1701324328456093697
1700767071410216960
1527053178105044992
1247160850785292290
113503884
1513392108
850576380677033984
1501681578472316934
1661085860270428162
1524226014271913984
1587489433648963584
1311800194539884546
1674174819728781317
515174384
1490881232728739840
3670834282
1652470138707345411
1178831253161697280
827311837842649088
1643055401053609988
1339313400686522371
1674731284352974850
2910343727
1700357316074516480
1666551412279623680
1702031192093245442
1500601891927076864
1506534777028943876
1690080889894498304
1601760445844443139
1553102455801409536
1660162545284464641
1604548308088881155
1698819777802743808
1643388949933563911
1602012018654969858
1697989147057950720
1666941671689400322
1503140580024627202
2322866384
1593129481945993218
286784443
1550204733238960128
1633604566850715650
1423643293494169603
1687696166262083584
1607625497386844162
1602304995457732608
1680752944675692544
1669073544016175106
1665012505637158912
1666884945447460867
1695835185177083904
1222836673
1581694157726302210
1037140183576190987
336294729
1651916172973973510
1680382071066226688
1418608634725076994
970292904999772161
1655865560071274497
1537576368199720961
1646463463969923072
1058708666
1107710411913248768
1685684684779298816
1520801619717373953
1685207824387678208
1550711356873129984
1138639124225642496
1492979247958343687
1664636142254276608
1697058288309768192
747025684661415936
1575591767205822464
705444904122638336
1497250295553925120
1693606990109356032
1658550722336641025
1548251267037667335
118406943
1582486349910876160
1690479284220039168
1444706261191245828
1431087596017422342
1690063692132429824
2972335899
1689052936608026627
1684472565472059392
1169006354222239745
1646195875587432454
1594401084218527747
1690231026784632833
1690191616185708544
803704565778497536
1680899246344613890
1680145125941411840
1500160140854673409
1335555307972534272
1600407837347545090
1685847228466802689
1675202543524167680
1640898078701133825
1632381203159425024
1684742769342812161
1229019629688934409
1335738259700387848
18767445
341500815
722215737373253633
1678997339166441475
1646437986395930624
1417311433742716928
1596176338817163264
484789878
1656030438744289284
868152995640463361
1552684415985270786
1687169758913810432
1469918658675675136
1473921837385990149
1680424445544939522
1680403231002836997
2188513776
1653824943249825794
1515059385051095046
1555274897458450432
1591847900157542403
1184511232398839808
1518774702336057345
1665980527579484160
1655048377489563653
2755537975
58222658
1649432674879021056
1623852039209123841
1474243460169285632
1612378984129638402
4911797351
1663709976349790208
1106057400891527168
1547818506925719553
1277418400894115840
1649474904331534341
1573336541342171136
1653698560041570306
1594147783250006016
1650265477401149440
1558658208356499458
207175934
1654321798270398466
991330362
1552657656833200130
1651390537579020290
1585931455636676609
974252631764844549
1899746797
1640592196977164288
1380939469201756167
628118954
1527830078528409600
1472529797976936451
1609908475810684930
1533744657552789505
1264650089546395648
1538577621574832129
1589685420266119168
1617894330869612545
1595572037082402823
1639756338942324736
1525126040653275137
23350943
22534021
1278305352539353089
1603225492127088642
1581789052189265921
1640034947368099841
36727317
3040585327
1618756643780722688
1511526531016835076
1261293880592474114
1440244179074838536
1617891318159769600
1496985864412483585
1475487416559538182
217609407
1095128033508376577
1459211639132196867
1620157513231482880
1608107128673415170
496408573
1433289222425911301
1396708174644776960
1593279493128572930
1598827244197187584
1478228878145593347
1230994216416792576
871613857751420929
1620505735699234817
1589608846804373513
108482246
2921787723
1627712779590180864
1384597844871417857
1224001048525836288
1575663437757423616
1540403604
1119656455802585088
949058903135879168
1595272344389537792
1635787924989005824
1620127543536877568
878461208025862144
1518069258097463296
2496564351
1604621819201339392
2796238279
1618975571748290560
1367772247092436994
49641344
1001153136625676289
2854923796
440815157
1587280003573637121
1571206163466698753
952150894304358402
1388580670407053312
1497713481495240707
429877541
1628883095729451010
259499890
26250653
101612836
2898753824
1278893254507925504
1623267787669118976
1629052282762407940
1301306733344759810
1453922349435088897
1629912683205066753
1615099784234405888
1475854771231891461
1595597107854991362
1589653908024004608
1595075960558215169
1478800974542217222
1536331746744098816
794283565517336576
1475534856
1629529972422643712
1620477635569524736
1586211253806137344
1510428834998353929
1633281966333100034
172255560
1590036175418523649
1619902153883062272
57096295
526125954
855898933968678913
1319038701268291585
1362844269975904257
1493016579549892608
1519068527021359104
1617873388063854598
1626352243363438592
1611190577177178112
1622290874099982336
1586062213982330880
1448368776383275013
1627396643036229633
1560694296881364993
1364793033598853121
2780954957
361103236
796417730198937600
1223065120877793280
1600368880794632193
1620417068410753024
1619019333430124544
1364971239417249795
1529224132323418114
1589436103928336384
985667565392465921
1624789599116746757
495487249
1594882522944393216
897659024489017344
2214558306
1525364481446092800
1588671288922423296
1612819516693807104
1524412669897457664
1598692403891806210
1590702399173304322
1613949608035586049
1140380238549065732
1558000409817804800
1549795381965271041
1232427437193093122
1621382046059991040
1603788659165171715
1590703923337170944
1435707779436658693
1495215948323823616
1610174360790388736
1545610083345858560
1518929876392288257
1601369241566994439
1548891051657555968
1590168486558724096
1518667101090856964
1602872245428178944
75209344
1613609292367527945
1583452743586414593
1519886180422139905
1601717441763188744
1617990418594930689
1618270489075486731
3243424991
1607925640791048192
1619021222104412160
959293722818101255
1607894281695657987
1555698292259954689
1067994907
1550579907603873795
1105089241992912896
1599986520097783808
1594930775798841344
1428182246578540553
1471204970003320842
1555191760716021763
1585960513888026626
1601049948077916166
1388402127651819521
1420978361380261894
1586486669729009664
1186796519980036096
1595618323491962884
1595353753489735680
49392100
1585957997066461184
1601069427398774784
1524008147953799169
1590162250257645569
1386179708535152640
1219256563938054144
1602760093854040064
1571807768528523264
2245159619
1599758186742964226
1616085735328649217
1597639190107373573
1551718599127367680
18156511
1593795856402194435
1589083577504890882
1601284626898485248
1588321801289043974
1598178502733434881
1598661852015300608
1589421101712822272
1614674544589000707
1268308508111523840
1570168223328358401
1519087805250613252
1595470060616925186
1604944904295440384
1592932065036599297
1273479211584544768
1523775160330948608
1351888669284691968
1613620620591304710
1602321431995490304
470548056
1300105948955107328
1593855361596985344
1296879352551006208
1282719613864878082
1333222097481465857
1570418662430965760
1580826640191344640
1542081887010701313
1590883373899476993
1594195632557801474
1475491191336714244
1611858935853580289
1606680285860487168
1368574605540130822
959339849504366592
1596728215715864582
1599651387930984448
1369667569913901056
2826677387
1598793165162651662
1600986854102163456
1604153705200336896
3410843525
1520566798877609984
1502226961015480323
1585845334487564288
1357897992066510848
1377765827378769920
1610027925361033216
1608131901134442499
166885495
1589539650997215234
206844856
1601401737197195265
1065470847828148224
1522682421585530880
1630952318
1594629556329414657
1554931206776569856
1533317571126370305
1586018271718940672
1432963718824988673
1598070648429219840
1430818714115461127
1604495930216136709
1538661267132383232
1518902002796875777
1603079800985473025
1523746828797231105
953824025578491909
1600865301104558080
1594466896199708672
1519348718285246466
1504494879510044677
1580166286503743489
1593075987532681221
1598432177884172288
1602837421611134976
745134854866501632
1478692473643884546
1599995278873993216
1603777003567476738
1594163554982121473
1590817130840309760
769666924657582080
1312035260486627328
1560720769985937409
1595618636886167552
1595982290089304064
1585859368343539713
1114304111875317761
1352862214689054720
524623069
1546121579981144065
1137130418162065411
1536922071439122432
980397298260893696
1600618438573039617
1599822363633356801
1349188997462044673
1590158089222852608
1598051212695375924
1591246008079499264
1429593798712176642
1319400309022707713
290221049
1598423838760411136
1597016323002957831
1475205401280974854
1568284683363827714
1454479865995042820
1334585752299048961
1559726127211356160
1519092208347107329
1408778941171650564
1200542180135391233
897675682645463040
1591570056546340867
1597465451529129985
1585871429043687425
1586459860270518273
1464792995274932226
1599817826763784194
1269876618463342592
351561723
1262767588595113984
1534040120743055360
1491109101207801856
