1544408838308171776
1677078740558557185
1179892477714718721
417767675
1701698759313223680
1648676329288548352
1692610360811933696
350822109
1697358773822857216
1653804663597330432
1516764668164988938
1676893370
1612676091117813764
1695105401384304640
1545099891587928064
1692272590172102659
1671381387096600579
1666004344955863040
1701724921276276736
1669536985952780290
1393273135575801860
1646598935648129044
1688648587259871232
1646077442400952321
720085546983235584
1688342821986562048
1603561263015026689
1678851563975069700
1685344438573584384
1671700255505629184
1448105222883221516
1600021495895433216
1680775459536269312
1686051257885011968
2432310906
1483038381693091841
1586051790226833409
1674683690683858944
846476049747607552
1481626181900382216
4274211433
1671400320591863811
1216223744181460992
1076789110382215169
73338201
1522706316376092675
27012070
1283630398677766144
1663612202312675330
1636057357913403393
1605035293672968193
1587548746677891072
1405198906271617026
1638707182731509760
1167819195377209346
1403837088072564740
1496907884847849474
1656041279912853516
1560697040828567558
1648176442491179010
1647453129989042177
1644452327762325508
1658961711867777024
1633860234732077056
22659569
1515655306725965825
1634861219667492864
792225664325812224
1586752383903744001
407130636
1109165314569314304
1524226014271913984
1469113380325761027
1230994939187748864
1649978700769656832
1642207276122664960
2289859485
1455423918
192084485
1589804188535398402
1628996647983226881
1578052916551852032
1612201260018442242
1517501927080316930
1436788137779359744
1627926827128725504
1598104383933276160
1651085790657540097
1262915436531912712
824655817542623232
855300206086168576
3368579713
1388178185846763521
2885045582
1353571906042040320
1649572451402100738
1643340483047948288
1587128155218796552
929330286609002501
1498340352926887941
1598605660232482817
1407799001731289096
1541309078361751552
1104165722996043776
1493126637839433733
1303693177363324932
1509310373190684676
3214466631
1297899429673013255
27769019
1646353998054604800
1644004362421784576
1271235405380112384
1642829363279441920
1344034196138979329
1590211254135709696
18156030
1381028357656227840
1550179065226739712
1153042794375712770
1639756338942324736
1599635734616543238
3418210767
1199196935321604097
1602056977164779521
1601792571658887168
1643742469111140352
822879276005527552
1109145312227217408
1591314108778848258
1518735690024030209
954047833
1624532725284610050
1597780375102803968
1429616745837383681
876864718551568385
1511241329828896768
1590108189504294915
1633423171096387585
1616975606104879106
1630965552075137024
1621979060929798144
1162903949353111552
209693451
1158796001844633601
1596128302875480070
1559213391364984832
1359923836356018176
1589980938955546629
2493204512
1589364415786360834
1621324884532989952
1635094366611021826
1590673957635690497
1374559646938132481
1597115520855248897
1369751224153759746
1491109101207801856
1628174092905119744
1581033789505011713
1619958076219576321
1628222521156812801
1602050416908595200
1034420974475726848
1628850538652524548
972835775862792193
1482060473080111113
1632467588637679616
1594887437624512513
1484331161816281089
1392908434174103552
1629987843492675584
1586204247250567169
1342174584594960384
1519078741917458433
957895561339863041
1163534988358238214
1322329445617831936
1448908325303644162
1625064809782730754
1604632995981320192
1259726904
1621448529817239553
1583258878174810112
1489140355442245637
1589471160298782726
1529227687662784512
1625676984612450306
1585909410190135296
1597730449144553476
1160334575295520768
1186392399049908230
1619774927132835842
3307282308
1526564332083064835
2858368555
1370957591006883840
1100437534365155328
1345056954037792768
1242777671588872194
2260351940
1518699090548301824
1586747626782867457
1595369968392019969
1087169397586907138
1599026057784483842
248938388
1571347805486338048
1500702831002664962
1386685510957993984
1035943584195854336
1588759756633669633
3396412632
1523512846599958528
1608011824032538626
1597227181821788160
1509828137474875392
1595006225216946176
1245810668701396993
1461484004398583812
1496572115297968133
1507522682904092676
1102987848741998592
1486534155206811654
275766357
2349347329
1589412421185294337
1498444839561617411
1620904197624369152
1618641306309246976
24431333
1346924697888452611
1595182217407467522
1554214266936385536
1400898602562514946
3102713341
1527760875939147776
1242715635538432005
1518729294972739584
1467601810462584836
53979469
1095081738076860416
1593721143910965248
1589622237375733760
1369062479649726469
1534402770652078081
1621191001477091329
1620804739985440770
1600133640125648900
833769526072324098
2712255716
1598661852015300608
1608104050540650498
1567985911027097600
1587156752843300864
1496539519918739459
965451112395415552
1598915526469861377
1609574756885434368
1464006638948401153
1521914578887708673
1496594279975768068
1602556016830435329
1613318936925245443
704044763574571009
1545130143399698433
1519133256184180738
1093677824735625216
1603483149194989569
1100250683918508033
1399338125613146121
1020745192998043648
816528129862692868
1071612052303736832
1593623025898881026
1491446654519504897
1222339495422500870
1536059784528801792
369285728
928284656457334785
1571780164958228480
2211720276
1548702211785515008
2522126634
1570507882247888896
1357891745002962944
1382944093932814337
1598813260387684354
1408600853930385414
1585679694715920390
1584828301385900032
1586757766823174145
1590524122274078720
1506286842999676929
1094358237992767488
312230865
4330569813
1591760265158094849
468908199
1347091733432078338
1205174626407649282
1015295486612291585
1223739477442605057
1499601422945452034
3946458353
137440537
23222257
1455878439467196417
1599960970624901126
1546510237179338752
1446932149148344320
1476323517046140931
958768063662485506
1415153802
106642098
1481582232863227909
1555274897458450432
1587810212836163584
1586187768610291712
44196397
