1681811901871951872
1686180365545738240
1565063549772304384
808320108321914880
730454242377355264
41653312
1045855264036073474
1511795174728515588
36735694
1615089712032538627
1647628050019028992
1277978791558574081
1596953444463480832
1654066973632806913
1702153981009555456
1497565813519241218
1541459663379636224
1264220653818912768
321049063
1490176940468170755
989371767301926912
1622385303708205056
1704142657424093184
1683598453157380105
1701264506570076160
1209771747429535751
1555203914580086784
1617736784
1466928838332407810
1477507063723040774
1577548113488789504
1345822270846083072
1680235848791384065
1269069440114741251
766096006069059584
1177364487546032130
1507784222437748741
1496046961371324416
1700076251484946432
1699163656905273344
2577767181
1455333336394706960
1694089780642942976
1523463652384415745
1586563948232560640
1075906495156510721
737855704279613440
367607383
69758616
1445519469435031552
1277028548000219136
1381556180976349191
1672854554889576450
1588331045023350787
713077245770907649
1584277371770863617
1005105722487640064
1608432094736252928
387528817
1335650871376400384
1561805600039714816
1292620300765601793
1601075536935227392
1508684893353435137
1648073235882475520
986380998
1497940200126881792
2944405016
1275999446506057729
1585555332092370945
1559891090190237696
1574169376751771655
374050648
1462549851829383177
1443355536314052608
1488740759654260737
1451269385591660551
1367253795005206532
3369664377
1560336332035162120
1392944203034812418
1696976300173320192
1703710738630520832
1695256361724981249
7479692
1263108109419061249
1705235148579459073
1542972850797219844
1122294010108960773
1647980978927722496
1683264130562621440
1703865988427710464
1581009198518878214
1293146952197169153
1115081472912896001
1573672566883061760
1384158841210687491
1701114721221713920
1620479069149077529
776213909594398720
1592373965783121920
1061313360392790018
1700734918760816640
1701302015190614017
1677142897840275456
1700273802985308160
1498169847041204231
333558292
1681685426489180161
1687559218654507008
844292011054301191
1378086986200743936
1660105790164811776
1421892247277219842
1691465478328426496
1549585031479304193
1533453731731210240
1695021338266628096
3035339075
1696268015187468288
1673104286383783939
1475324416225681410
1502082773884018689
1589861863600406528
1673275558367576066
1518717141314269185
1557627149879840771
1680470336016629761
1692447540791193600
1669839567724204033
1480926325091323913
1686374636056133632
1622097145674477568
1138203734192795648
1308039285371736066
1586070192190377985
1653656135142891520
1499254031851540480
1534950176649097217
1468069848324337667
1508308664616210436
1684491043767562241
4531311621
1098845159804923904
1654683152974221314
1666485571072450573
1596073618139762688
885631603350831104
861640622368796672
1676434007356063744
1553009222660411392
1683667409905897472
1591278182635868161
1387453700688420866
1112388865518698496
718931553401835520
1665301812835151873
14508679
1532341174064799744
1521940004217536514
1630800356031729664
753045173551112192
4920357809
1679559555460780032
347091261
1596336283923554304
1587297853877018624
1661160718408855557
1676726831485943808
1588395757106827264
1194116373661782016
2744192965
1514708519320227844
1458506246
1323818456286855169
1021219304
912727287161860099
785141435582521344
1507846331536052229
1327819101016879104
1459273752957661190
775117565270040576
1525556251433881604
1296349835994566657
1586941929740070913
1670289804037324800
1638523961561473029
924826016916258816
1464781068188491783
1443310221535887361
1537512606222757890
1640167017184481280
1650972130865979392
1670997729533886465
1587599523026698241
1667706181786251268
1617185449734475776
1664038833233571849
1092002095098671104
1656803064991342593
1657476394920857600
1375051310731509761
1655290621047840769
1640235234116395008
1655507767875219456
1654623006021373954
1376780999938424837
1510857188339707905
440101803
1004672101763121152
4026387268
1609908475810684930
2346587152
1641738454902927360
609689272
798973118580592640
1648108704569384965
1294725498564730880
709388150
1645072832928550920
1644035071412715521
1138042092603621376
701955154602496001
1641874476341026841
1589554506261360640
710681931000651776
772043165650063361
768626455664144384
739662132397084672
1077309569368494080
1586783535322787840
1632628539320328194
1636833118467379201
1595694098530406404
1445407351545155587
1633452447975841793
1571261226247659523
1419224351908507649
1536405195730694144
1338484710897487873
1585300625553854464
1564435752871759872
1589735211050450944
1586833936063209472
1605529137208254465
1467918723289960448
1287616455190761472
1509135121235947522
1558658208356499458
1625693212605321217
1613192556807954433
1520900835693187082
1624454798832541697
1211296452476981250
1618710101895913489
1535566029090439168
879842825357193218
1620976029589463041
1615353154383581187
1622974564719333377
1208985418722631680
1315488842560892934
1619683258710589440
1602239737040871425
4392900987
1567850395690573827
1605288517185048578
1723856072
1831397149
1619852137088835585
1459317066461331457
1429511508342415361
1507246452241747973
2911475665
1439953116951203842
18034358
916087244
2227672656
1619958076219576321
1560965468059484161
1581038914344656897
1030069252189868038
1589798367915347968
1523142455666827266
1061442977007132673
971157641912229888
1530706702064132097
23829800
1216931768630153217
1600679838335078407
1521870690630221824
1409211268762849290
898491740042153984
1592131719674707969
1379342008200794113
1603596879710806017
1594031620876640257
974768252227289089
4366822947
1253005207501406212
1609843565365968896
275229546
1423646195180785677
1424428908464726023
763109014456721408
1254170034764726273
3091290798
901625451352907776
1599122093609730050
1556728117271572481
1367540195185295368
720322717430497280
1372982787817435136
1403436686802100224
1015971329252552710
984178809048936448
28750577
1295397985568747523
1246643677411397633
861937288904880128
1533681243044335616
1611859634851135492
1615034900498743308
1427375954842685451
1384138445094670338
1118447012469444609
1559576009363668994
1486996392438804480
1250164606888280064
1157059251291820032
1098734223387738113
1417883809954115587
1251457656394375170
1305764499589300229
1508672004781932549
91781006
2959513395
857957163817463809
1559757875559514113
1600450649652662274
1524241722716266496
1530544280640552962
1492590476892987395
1466773883797876737
1593370218985754624
1613662447558090752
1368834801889779712
738318278636896256
1603278215174553600
1034528768793108481
1611583947963596801
1588954204441296897
1611187375639789569
1604275733572067328
1606381810144972812
1607490580082479104
1589599372685328390
1595922721904463873
1559165081199398912
1227331599588397057
1586768771372531713
1589733271394459649
1591678390943244290
1595312583657287681
601572553
1595651287005241344
1605031926221492224
1532743160841084934
1271828479890403328
712267118461501440
1503010180891615232
1598320826855604224
1359779429157863426
1430840735163637763
4099764197
1446641035673808896
1104735450265092097
1422878309877264386
1012091515328499712
622945820
940486925726748672
989991181
1539219653309915137
748786326351130624
167920318
1406373051265171457
1597728530586128385
1518611268285906944
1498046459458949121
393213198
1436178913273782278
1426171713008676870
1588621139273719808
1601864442878255108
1345721179303276546
1583975914022526978
1600502662872571905
1016522292
2465303631
1589747851160166401
1591827670177816577
1514321431248650260
1591589932031787010
1261209916624318464
1545436244422922240
712260580833431553
1601467943400968192
1558241717437988864
1364310649107599360
1600892806406361096
1599859010572017665
1599822995278774277
1478813503058321411
2206624969
1492562817865691143
1599731457186054144
1471501011525111811
2928677669
1598864138868080640
744699753376645120
1597639190107373573
1105168207785144322
1280288562601234433
1580324453594329089
1586486669729009664
1597261846095986692
1515809099010568192
2256687187
1595451499873816576
2941535525
1596207676110798849
1589600520603303938
1571162298298818562
1585848063796871169
1275017009172897793
1341790124925960192
1592721240736894976
1593795856402194435
558138612
1577078699530375170
1590187882056228864
1152205290005291008
1548531321336741889
1563571149346578432
1589720791725252643
1405834837655760898
1593409539952373761
1555807074
1589357498112294912
1247504655762030597
1243911776
1502258463790956549
23523852
1551611092584976385
1587349726252236805
1427333014841929738
981023893321322496
1191786563954458630
1590499673722089472
1462813210889928718
2847057790
1490451305487290372
1541745873822318592
1069372585715085313
1590715158376087552
1589371246566940676
1557511507163770880
1492629967338983427
1400186782537371651
370485952
1362232351
1507245615201271808
1589805791078391809
4886680186
1590484749201588234
1586857206070317058
1357707989642219520
1588704981447839745
992387521
1589395461072363520
1523845828682596360
1000983274653700096
1588745903954972672
1533681843169632257
3854981292
1555257556389470208
1588031492562644992
1587826558789734401
1424088441298554883
1590429410095763456
1590170108013731840
1587991205329207297
1589410560503865344
1587102104363188227
1587127662232870912
1096533886215962624
1262555124054077440
1313079791688601600
1402832766866165760
1586936848818978817
1586919338656690176
1586780231599362061
1562700837784518657
1586051283806470144
1585993953928781825
1585867174220292096
1548854049080242176
1583420031966367745
1282263457610506240
2829894426
1569866912426778625
1488556182780452865
1157033169939554305
1375873310043602953
1534292097649491968
1579547137649541129
2335598676
1579581278776659968
1264677734527221765
1404624895884025863
1572687152462594050
1569052687932559362
1550308785880584192
812870272210665477
2418262158
1097511897983799296
52755564
1145842224183349250
1224001048525836288
1518358197106487296
1481626181900382216
1284383307950706688
1311993987004325889
1544032584463687680
1390862324962107392
1075531480363884545
2680004203
1092444830628630533
1518748983505694720
974897647084621826
1539787640312139776
1174637863784370177
1576733876956925954
1366795214552236035
989950922611744768
385211931
798536327243436032
905811727652200448
22299835
1507395295428157475
1568055355502133249
751524203602518016
1486759393442029569
1398740379063758849
1530344373338120194
1541214039803674624
1483979422009024516
1573397382028558342
1570514716581154817
1481349484915404803
1571264011852816385
1540042272221315072
1569800791481012225
1207686658587537408
1191274788041310208
1369327828701941760
1550096241685561345
1443263688853622787
1507928832
1380148653847937024
1569390544148897792
1568595712975175680
1427444252154507269
1562564466566643712
1471778859406213122
1540770165482307587
3201683639
1563170220713263104
1567068634899517440
1550494808325627906
1560039299286028290
1497956089765281796
1450364979585052672
1367128446426619906
1246950786992660482
1310058801677164545
1562431144435814402
1562360090069389312
1030651179271737345
1559883528409595909
1250450742277746690
1523466116110196736
1248124275116183552
1558200598050131968
1426558717290557447
1557430007965790208
1327671109374910465
1556267506318184448
1354260165567148034
11768272
1535738807882248192
1443175267
1318244511131201536
1368593920435879937
1261002569100427264
1547950238144798721
925034474580185088
1106778983524433920
1547355532880580608
1366602724062547972
2420789802
1548755313716854784
726934382
1541493727587405834
1107211337137119232
1519332687324061696
1463568288827510796
1469112629834702853
1498784650436751360
1535927777278447616
1529714278676238337
604063941
1469827662227165189
1491338086386581504
1510567083758788609
1441023857192751104
1924048627
1337802019
1387309267133337604
1469418443724181505
1193361161615552512
1512907677428596738
1168704174797840384
1478117195645284353
1894134102
1519494234880897025
1522676438951940101
2459200819
1409727132436156418
1133648261670154240
566688761
3244868397
1053875514073640960
1420900535855718414
1520993621113118720
433906065
1470349432558399490
816485659145687040
1390055893593698306
1070026316110577666
1290315125342318592
1482358523963006983
1152477001904775168
885996349442973696
1088560641323892737
1316902975873363969
1211531043527745538
3033490255
1468073896695910402
945744037281255426
1451658536522485775
1142745778399719424
1506778264299184128
1253917980725063680
1266961055848247296
766781355149500417
1476597126880808969
1509913938296639491
1149808841963556864
229491643
1521133507023540225
1374434029819158547
3981706127
841844824739311616
1432543413803655170
1407337723904593930
1483234379056889856
1527510929059061776
893553166368821248
1355899781613297665
1366920519589777409
1526008498739417088
1321288005286584322
1453669327505436672
1245994748004798464
1007427065958817794
1318847450157846528
1041032058
1519275354871025665
1468006600090664964
4787896637
825493638238965760
1338899697310830592
414330772
1505332041528877056
1450932672105263108
1240780672173633536
1462507976376340482
1123818320
868674086443954176
1520019740852375553
4833868619
1469660785009954821
1518543826398318598
1518716416740012034
1515478071045984263
1495541056066174978
1433578953642553349
1267618242371051521
1081213251768205314
1467647912779911170
1506721051887247365
1042366031505879040
1260440695015460866
781157541908652032
1471976816386711554
742828199323783168
375950374
1491226581553057794
1454481620673703945
1514011401920069645
1432476131928809473
1514595566646448131
748366712
1513822140088426498
1513158087410176005
1510656628974047233
1344469974585380864
1185242309774008321
1170019337454964736
1394143845659541504
1266447928299794432
1447026385948590083
793991319915929600
3156893682
1421176631356448777
17644747
4809543600
918216512669757440
1283506167591960576
1442621809447391242
4736614814
2997300054
1314671576089063429
775343566843502592
704071697796878336
967927205438414848
1472253684989972481
877663005718310912
546469573
1469368286588641285
1224897794026229760
1469080672081952776
876206429715271680
1484301283943235585
1323731698144731136
1159671772565954560
1365924213761204229
1360161820523200519
395985760
1366949916803690496
1488863013616693253
1489371295921934339
1502152667333754881
1499864132119453696
1491143512326385671
1490833205213159426
1496914420974305281
1383415283591745545
1493606157675552779
1369997992070176770
274749234
1889103997
797577148592779266
21614780
1472394634345295879
1469506287486611459
1338841598164025345
1403803515051548675
1381992657774329865
1488546621998649355
1461377937115172875
1442578865889562624
1469361383200468997
1487781426275794948
1486075865137958918
1471189247038132224
1472093770724352001
1031708887702011906
2399158710
1193071717394141189
377600047
2797327347
1469755976672755720
1469129326603943937
1472743155338563593
1282479160850620417
2193172652
1357042733509005312
1469401539907366919
3256032590
1451186262497398803
1468484997313175556
1365862710253150210
1445661840403415043
1468103927887446016
1468084268697931779
1467317011487223813
1451755835659595783
1348016201612611585
1466672681420419073
1354472073058508800
1366906425826508806
1353464702941032448
374746939
40623261
1381852069267574791
1375899997884059648
1139247412273283072
1405945304684187648
1308138648911720450
1448528878146777089
1463696799579918338
1392260081736196096
1391796240254345216
1427340991699238917
1441456868971487234
1340073954820694016
1445122540956012551
1458122385048018947
1456655802236915715
1456273335348645907
1450713506701971463
1285627986260242439
1440541280677732355
1298122007352139776
1454603822886789127
816431639836446724
1351613568408580104
1435359026968104960
933379984810487808
1447547376491589636
1401403088964104195
1449487420626546690
1213305979292409856
303468000
1408131348
1274494397413982211
1357924741127012354
1442306012195610634
751873394912747525
1441519024655925251
1438380692510056451
2619269182
1437276770814738436
1357416347957923842
3363035506
801162675866583040
1324078624375451652
1265207716844167170
1364178937409114113
1286036221706276865
1202312614442872832
1137216892958064640
1436208272436912128
264344431
763751037069131776
1366148208334938120
1324630075296403456
1427738392339615747
938259068074029056
2436449226
1384611232922042369
1282809036048457729
1412868359822069760
1422726161151320064
1072512568034512897
18387024
827509501
3350463526
1367167683767263232
1269443677404819456
1405949866237325314
812960504188665856
1422684305591963648
1377799817024389120
1349432482542845954
1430059681129500672
1359749749755113473
1430278562716655620
1429477200231817219
1412200969723592707
87110073
1359080213246738434
1335662831165992971
3000465970
1428890971173969921
1427419024426688512
840348583136174082
1379500449129058309
1425625145171845124
162847085
1415423369349054464
824478099442200576
1424756346302382084
1214673453401493504
1389161854321238016
1261453912495853569
2925734416
1417352143300874287
1411153498171867138
1272341650963148800
1403591128646049792
773475403
1331754966348775425
1419483689868689415
3224661176
1417979891597733888
1417609787924094982
1414029627169853441
19729919
830389005111828480
1413284254394589188
1412178902265565186
1193561170504015872
821687643876577284
1398419057574023174
1305877157256675328
1003003079896326144
1331929422941839365
132725140
424540555
617706069
1398009153101123584
1366477358224592897
898650404409442304
3068708338
1405989396554293249
1017881640763207680
2902068421
1305231043910406145
1405016157782949889
1201770434561216513
1403893676779180032
1336715359588655108
1243228895781867520
59945943
1400506526230589442
1172642782193881089
1245882140300062722
1359945842346590208
1305652828367728645
1323092293742743552
894602562434977792
1278529605196865537
1188488405153452032
2783309005
1397541329501147142
1233075700439175169
891703781133602816
1096874976806879238
1395563728624660481
1373569007643729934
990037218201866240
1395040186447405058
1395128711612149763
938786761018187777
1010301326851563520
368247786
1348429575060135939
4063140682
853808455
1153022175751725056
1393938866923528202
974796834144169984
1364763925380624386
1376831248744775680
1368251411172036620
797808437832908800
1384423021348327424
1392266663396007944
1008085185135456256
1339617010280493059
1389343361207652358
1085385396144484352
1387110279184486401
1328436281840381954
1028116790310842373
1103492094822440961
1386693277810839557
1376997269917024259
1339299247099883522
1368608786928242696
949512285495746560
1385696951224602625
1250134670639054848
1347010013475299329
1379526186510991362
1378151988261748736
1382546740910428163
1362769513008279556
1381749099440050177
3484952175
1256784623369179137
1224029953391517701
826545232774848512
1348005693991825408
1371803378737672194
1374262130589962246
1338547796337709056
1365844780039565312
1375184610930393092
1310822689205096448
3561058037
1375789333689430017
858573999512711168
1361229279762083850
1021846178428846086
746844599558119424
1368698818083094536
1372278133009825798
774572550483431425
1371921608877735942
1195730570933886978
700462997810999298
369797765
551170628
1366820419832066049
1367284695172546563
1249145591344418816
280780994
1367800195900088321
1366762066464374787
1366393090769059849
1366576530885902336
1368376362612981763
1367000800124309506
1366593297708429318
2489351545
1001754620400685056
1367077573214105600
1336426637370548225
1366583017259499520
1366524626873053184
1334643409894715395
1316667782805762049
830547364695986182
3315030411
752229130930978819
1083816364257755137
1364795762874355715
40765038
848198280454582272
1362449216035987460
472133413
1325364295769550849
1235562603914694656
448508031
3108441262
1339609931830468610
1059879734887227392
1320864996
1333402422006460416
1157684988084740096
1343778097133400069
1356457065770864640
2806107536
1326516668261146626
771819390492749824
1103460968690905089
396852487
1097564929345888257
900438722398781440
1316822970397069313
933762542534410240
1334949921175158785
839349504960790528
1340507819041116160
1299470801901703169
189778932
1250316234844827648
1204834404981334016
1348687659171016705
1295505804141961217
1268032640042414080
1353022299486658560
1348082013694255105
1052672482367422467
1290925531148554240
1201233037863923716
1062489353744601088
1283761593197748226
837820012018663426
988451687550668800
1162114366684221440
955789441536352256
724859894755672064
1202393736057106432
1347945711308951552
1127557336611131392
1308492319423893512
1346905483815301122
1346882862809800710
1345904051150585856
1152313180686823425
1345801147374858241
1345128132022579201
1317064357621190657
1341939188728393728
1248329619280977920
1341798664776286208
737834741823635457
431898822
1128103124
3301152398
129395437
1959159650
372588546
961798568653844481
1336254698102415361
1058783412872495104
1317835534635536385
963916778308022272
295428030
1132693945979478017
1338963368653230082
1337991551297925121
1337849276152639490
803917126155247616
1232907040038825984
1244780623098716161
928470267462144001
2683092252
1089568487335292930
1331275178433769474
1336009136434270209
3022898310
594248275
157777589
1125255629780717568
1095021069189156865
1335502413432700929
889896158948184064
1226550037263605769
2957785398
1324702601586176003
1246194854939570176
2440796573
915650000276815872
1148751419882819585
3242710032
1266958762675298310
1237237119183130624
2844275529
949077483072212993
1213279159260073984
3149302120
1333684360352915457
1300823587717144578
971570178638180352
1091186278081724416
1273736886301974528
1240784920831762433
773733053231468544
1311746133060878336
1179628071923654656
1006936449239994368
1299975498831982594
1269710357821624320
1085393086459625473
1330388190495186944
1047533100824219648
993184393211600896
909694881425063941
1151539046499225600
900965015947063302
816447315070382080
1172207350423392256
722377970
1222759648278863872
1294649137523195905
452672922
1238238680713658369
1129639513729355776
1218813131658596352
1291093445352849411
97066440
1329535482548596749
3082589013
824774581424623616
565756252
1323840130206044162
933506393210064896
18983688
1240419222393630721
1245525539546255361
36195729
1328516366903685124
1250090389446557697
1328494735816753154
951521535310880774
841526734143004672
1328038279791435776
955123711262298112
1325887271577538566
2990667863
1244641651529641985
1283530278242332673
955180977092943872
1307186985379885057
4834255093
270618076
1272336039781244935
387631641
1323973935453466625
1131273699536064512
1274703956229476352
140920803
1192506514038087680
795921095891120128
1067478670518960129
1088720407849508864
943884487804497920
3400302013
786621842865872897
879036494966665217
1288554186578235392
1222513130418462731
30177205
701954078394359808
2148193498
1127773787913691136
1239929863672410112
1301878329390268418
2780743983
1290077344703680512
2249313883
1147538802
1144780864858935296
710318497050599426
1301583849420251137
1105325614247104512
1269955984807657475
1319347567222771712
2290779984
3025523753
1148334332995670017
1112523513384980482
1081781197695463425
1317267072951361536
3391215245
275153432
768610918901112833
1246922839296315393
1157214413889429504
1178590706245476353
1315860210347638785
1315405245762146304
1183233481482084353
1018323100889300994
1277203286060220416
1020436689775407104
1313970601585864705
260965421
1196010902287454208
1019663356892889088
819566585388089345
979761997997801472
854705866670559232
1312197988014592000
1293310062606327809
916782591205879808
258677996
1046411527161630720
934129827665375232
1593829952
1596322350
805098435821076483
2221699733
884376867075231744
1311087074372710400
469885692
1186713639551680513
1051710839848402944
1085734706241568768
334500872
993955517650362369
1269514276181508097
1061152461879107584
1215764889530064896
1156503165446942720
4316221756
892810179250671616
1301658997661921281
3301222412
2255086447
1229864638201942020
1197630612997312515
55716306
948833488463052800
22451256
1093492286665736194
1308286290731831297
276532829
1306333083453587456
1268087577913044996
1596061417
1219965287052849153
273167704
1307187084738740224
1306486961214050309
1455802657
1304347569942859777
1296891472592031744
1195081760293478405
498620101
1275995302860857344
895998201819475969
1257389962636517376
98299219
1196749899443900416
1203345848484147201
793596466237431808
1055847088116903937
1269409649683464192
1267438521146580992
1105287392183898112
1300911790080040966
1304256518108467200
1217677140239491073
1288175235527737346
1304537279332069376
1258103608320700416
4925513447
745811064319778816
1100952889969782789
3076288518
949843493098348544
822926272024182784
1183105788832899072
1140475077185744897
2196983786
2202558301
4025787139
1031954017663049728
1269824548523790336
1303087755912601600
402133322
909701726206398464
1018624716397899778
762879741518938118
1190339632195497989
1280328834525458432
1065077491965005824
791854732906201088
917525833106972673
4190805334
3340263377
1298499087143071745
164276702
985090779965255681
827816956455743494
905070888516820992
1116846175309578240
1137814794550071303
1294439492653383680
1122938325508206592
479970709
2920500200
713893609981009920
330634074
1027868338184056832
1634143141
1236711458085507078
755243030244753410
1266159767254376448
1884184508
1289804770459492352
1393746643
703292877950980096
905921083198644226
738160793070407681
1299399031379169282
887950186118389760
1281663852149604352
2570291150
4855680069
1403674921
840996059849596928
1272748486270652418
1214289372876460032
1233318292858769408
1050743652929163266
709259573291384832
1227210695147737088
998686565772808192
928974963289108480
870154266354253824
1290021157085810689
1222771106274111488
824898129631727622
725136079507083265
1232265614967951360
978034731580145664
1719731534
4668859414
1022055263086374912
811480662
1283636172007239683
1259952328184156161
1294926567467036672
156726383
1274726478706626561
2425136964
3944021114
1099861829008936966
897002633302618112
1293908723455287297
1230482179743977472
1141497052263833601
1290051818484125696
907460912940011520
1040265093496225798
2912932522
1268372050055397376
1140505586116595712
3120306118
803765775723020288
970377156768415744
1280576241582641153
4837838719
1116226112286126081
2782649940
733730384
709738377323610112
4541930113
1183393607048482816
1091457146301034497
1096835302168121344
93297122
1186005029737697280
814314722740862976
1230990099560771585
744379282000994304
4714674507
1287532091962527750
900468439394828288
1291355828365254656
1290701071321649153
1290265453517053952
1289894097155751937
1287730686581977089
1268236072753999872
1154079991858159617
1042426749060112384
1287092687024291840
1284251743304523776
1287495839447998466
1280033644887912448
1254519251462959104
607380537
206828307
4890583469
4851436799
1227402742253195264
1247267326048776196
2509188497
1094782528202985472
1007050811489374208
1278773537982070784
1018641569572970496
807870716490215424
3310041165
840433985939419136
720405780038430722
1281768067966664704
1124095465555886082
1104628698223792128
1183074345763180545
1124019363831529473
883105305722212352
1257101075414384641
1251354778069680128
2955993675
1537686620
977650882669109258
1234555891241963520
932206613225545728
780951654371762176
1272732384690143233
1065095607923212288
1618633172
1272447633563496449
367679458
837791554408493058
1249525878037434368
926227382188507136
763932748524294144
1233914274038214656
1267555371914321920
817156479044161536
1128271078529351680
619795752
827967711057686528
1078125765080858624
1275381089901699075
896351633906520064
1242664642238955522
1274152754320195585
801519840443990016
1132894901040029696
763072532333391872
772132150321618944
1137476597441794048
1731975002
1273707647259328512
1125369226376744960
1239742919583686660
3349572312
2690628133
731849742259380224
1225393291119808512
3523340837
1236804877185097728
997117660667129856
1149032446219804672
4189863513
1273102163909238785
1273130933923860481
1247334720758861826
1002736206222897153
1270275801230069760
774614125095817217
1270910737611816960
2772619194
2481356845
1171688142530732032
718600146619990017
1272997779942502400
534311737
2496910880
1036769843469463552
828100643269210114
1270198865975705600
1272497834001149952
1255067935111970816
47735010
1226003270352670721
60189921
948293620867747841
1267257106652172289
928753954682474496
4096058954
1112782463401684992
4754023709
60849418
1586608818
1269336289205239809
1269040546250620932
1269002358098259969
193994453
1094355847906500609
841168582318936064
1111744188612259844
1139564012880969733
1263247336756719616
1035753172722176000
283612964
1193684443279568896
1216564279354232832
798753808146833408
1267829718876696582
2413021099
941344213869797376
4167231304
1262123851057594368
148638519
1267348252807987200
2980652598
1266578625203261442
1266439152494686208
2456674280
1202945362211856385
2192976262
2789780223
942274125623566336
1250664042533810177
1099807352746721280
1041157527960838144
1252044859000717313
1203947201556287488
596141814
1197376168908869632
857332850441547776
1410662366
1012661984217534464
1249109740556152836
1180168759064981504
1026590627620904966
1212518496082391040
1234145196473868288
4307734097
312300729
741030953695469568
1202304593788653570
1027351419412770816
1260479207936856065
84915288
991654303109664768
591432375
4517125277
1212757194984181760
1160604019053748224
2894375508
1047352419364089856
1033019149058883584
749781334055219200
1186841215326490624
919691098452262912
990681069765750785
1133865317824962562
1078839942128623617
727121913043144704
1254362687187955712
19450513
958382307760590848
1231683332553007104
1224474544104189953
1222038952179269635
1253325976710180865
459673878
229453183
3087483416
1188893517097164800
4308699552
1248557023316316161
492283037
769239045423661056
724452593636892672
1153636160775831552
1254436070533607425
1158212689883271168
1243337627593564162
1245903460425445376
189971573
2232869809
1213151836955242496
1246258665935568898
2166402041
1218823224554938368
1230984236687069184
1055271368227348480
1154570508425412608
938179395663089666
737776450925932544
785226100351836160
1187017860335505408
707974306655916032
1173239792034885632
1229835589530177536
1219544550034685952
546317321
1075889342646763527
1635772267
252728647
1202154903625445377
703410337
242310841
1159618606654787584
776676619259748352
756262555878821888
260559266
1245797303895678976
866771086012231680
1216955392896524288
1024846865832062976
798415217478737920
794080279
3364497274
1185775316960268289
945219649636986880
59530252
1219722412067119105
3579024135
1160377721576464384
1095540151554473985
1189236893902225408
1213920323206172672
534099493
50694599
1205747804557234176
1229114839110488064
938867051971485696
357732462
802944795387764736
414048620
1170805881845493760
1108824521874833409
1247993200322764800
1200449011733450752
1029024617070030850
1171177559343718403
932771207287422977
729538977150066688
1159369761295413249
1006565432546021376
1241211921531129856
1247985293917118464
1245736441369501697
1215518935128215553
1235743967062315008
1188631077201559553
57923402
75648422
1111813560492060678
717438691
1012425607764852737
860355559
921261877174272005
1210118441836920832
1186884509314109440
11804
357861230
1065305375262588930
752678334937436160
1239423632025272320
2196945845
1063306010197143552
25593846
1030628521612398594
1230842038465200128
3246255565
272617795
1208105839254556673
2391234572
845114741429157888
866889727210733573
2355296644
1147076977930768385
1211427668459057152
1176624876054036481
158905401
815948576375250944
924920653836271616
792196162707161088
1129589797
1238300659495120901
2462105528
1207111623099334656
56224892
1084904234062090240
1025785877891633154
1003597787492241408
1057665610220531713
1217511285287530499
820873207272079362
724790322
857700736997761025
2230902829
294004971
1090912240100880384
750578281381003265
3410902689
3096028794
996053683765989378
712349056010293248
701981756791115776
1186077707597164546
967223805708984321
1236736886489485312
866743216103673858
1107210165680394240
1172761132441858053
1148571499114258433
1235679140038291456
1256680388
3353551880
1022443694656577536
1235729541449965568
67573098
887988572
1864388006
380749288
1131537896484331520
2432468786
319527543
2799118213
1189616580013051905
1191139682966528000
1126227564832395267
871072860726480896
847231124124205056
1127345605825708032
1227004949420179456
856552985584959488
551248957
1039905174062415872
964544023
69609334
1061187792099696640
1184617913103183872
899982851466289152
945048278395219968
1006767182
1597615747
631190839
504228747
3019617976
717483056156704769
1233637371830079490
1001249458527571970
1233292353374429184
1000224311028797441
881566899863265282
74389807
4850118796
1214672118513852416
2912736627
1129522007266213893
2314829748
1164665591707443206
1058856825502732288
830996860470849536
1558932768
374312553
947941672930836481
214614606
1190952186211115009
3078172151
1195865810226384896
1161247717416460288
965440880508317696
4705970922
1166366182569598976
455015623
1229921513194782726
1184242641543860224
1175887150820278278
1226266879305666561
405728388
999271093897703424
85199773
610018651
1229591763913969670
2530913162
1175676959378092035
2994418495
1149833533650685952
110962476
1106981777292312576
807446159232942080
1173382687698145280
248190001
710857808594526208
1032102763306541056
554412821
1213984243451224064
1221942375892865026
1197588375328509954
928182672651890688
1190428245163794432
1390509950
346339581
868896384329580545
40953472
1210181623003504641
948001999999700992
1212620930997817345
126694839
1206201712312238081
1226955515948863488
787320348882657281
853406058269691904
986312089311563776
1194936755796860929
896183347155804161
1002599577323757568
1179355377344925696
355553437
725452130077822977
1189358336250130439
770372879393366017
918655832392437760
2790253495
3022622873
1142880279473917960
1006822434
1211502438470995968
1216685099292536833
1191363992683454464
2969389619
1219898440718651393
1105567415138729984
712126791754756097
774908042747912192
45586680
1197765765207752704
550422164
749138063650004992
2588104452
213145070
1088173458960338945
4820174248
115107338
986001007
2254841602
817884406140506112
964868115678089217
1181657164559126528
3319407468
1210453190174527490
3281410003
1131694220304146437
2760955718
913524827402760193
753771706284707841
904695876391665664
784985477707292672
4712888394
1157788002564923392
975520511320117248
1221445763118649348
152461353
715045469584539648
537734363
3190256635
929825836928241664
1200491741582942210
110483583
851141511765000192
1216569268453756928
1173665860910637057
1179425200380628992
2181943688
1031656642990022656
1200585961043722241
937856368802807808
227245275
1013604170400784384
2922910703
980863904267063296
1217815751454875648
4529971048
1133886017281245184
1168399337807732736
3876316427
1198413938041466881
1109570769154129921
2853762197
892121929116778500
389982275
895736295703457792
1218494801953402881
363225825
865685025009811456
311644207
1419163874
3436166980
710901403343056896
830484581153255425
1045750494545743874
1154183140283318272
1172256525823422464
3342764375
1191121091932102657
1184488191174283265
1038916694813507585
882821825524314112
4706210480
1108567404861407233
713377689743335424
973954961875841025
806705781596884992
1196653610605645824
1189367676075945985
854824340126355456
2455049024
2681450567
1217610720847765504
999405113167962112
2664360042
1068210480752328705
1187811999775899649
1076881753950834689
1010413486671724544
1075257693496074240
1101131551239294976
2190657470
4853185607
71752058
1019953779213561858
2729464377
3011751863
1207140544025178112
1938806893
1215876118751870976
1108068897184456705
1104888779507200002
279737822
4877903200
992166006
1850955230
1182330623651913728
47728125
1105284139396358144
951878647920713728
1042967341448024064
2727258605
1211866035088838656
1075216949347577856
1371315696
870805136733491200
1169552210054791169
789236825860796416
1193558805029756930
1201985743729524736
1142620696054386689
2856378176
1200316027218862080
3011619327
858498609095909379
428677964
3680548697
720805809622351872
1380012342
1138265991132209154
750888589408468993
280567825
3307483146
2574197140
1196132785829924865
1201883933278912513
990704913360539650
50524966
956290683911983104
1201661165740257280
4322010975
1124341511867576320
1151315188068388865
1195452337554280448
1186472277573062657
1190280947054370817
1111664529635753985
2470392667
756210230
3864798473
1166216246120988673
955667842849939456
1866094789
1083026477157883904
1133052881937076224
713906011850084352
1181687423853617155
943555132117135366
1146496642700308481
2966725606
765325355720773632
1170730575042404352
1179900335071981568
2147861042
601646361
922267018526707712
1156296541264580608
4871945371
1171996456858734592
960822482738573312
2734560689
1105616942919020544
1062914530148315136
2337008125
387915095
42235429
3938769802
1133701747220930560
2310671827
1141937740025483264
1176928673766825985
741412580
1522508088
739013222569807872
3054606482
1139972336373944320
1040428780529975296
1173598968946843650
1173411634355875840
302992754
232731795
1038986641594109952
894587941456162816
766382211167821825
1582122084
258666542
2755468624
792286843
1115979749426438144
1165299657674764288
855984409664786432
1069693365606891520
780851678731919360
118121017
1151863157801050112
145409391
190119568
1168591784911331329
1136150643070996480
796200421127819265
1040085744633700352
2961518571
822633215114485762
1055780916876824578
1086917954204184579
1168646002133393408
1129519516864700418
1024333775004680192
426081745
2540109010
1166492318007996416
903205965662752768
1062402927606853632
3377927188
509017491
1163315806224166913
1012324024007962624
1086259354855264256
2531061067
1146444864294400001
903252470863982592
1957809236
2997235618
831036656933183488
1154866245885419520
1154819557007249409
1154799311693197312
2263676820
1110088744030355457
1057022112827879424
999115592010489856
1058344087957487616
1106388793089613824
367251139
1141439243144900611
1144346832669171713
911169858594902016
371291140
1006314452843728896
1138897598041878528
738812224618135552
971498870772584448
3712134195
2668455300
1007834652
979037230906904576
4548885736
1140027535591448581
1112689325987282946
2334234338
1007794484288028675
320381702
884703480094613504
817228980113854464
755965572727189504
1137415893548273664
3135095179
2986533810
881721868134121473
971113309280915460
2317688922
1115912418876710912
1007041778086809602
1055024723837489152
1132222884846350337
1132446838974554113
919442141541257216
1130267147660345344
942054689725669376
1003645782803861504
26649679
1130360115100389376
2203324676
1029689485695623168
1067376366969126912
242908896
965456314523512832
3415646301
923038629164810240
195570282
1104084976058871808
465105188
1056712948742320128
1043598552247820289
925977871646064640
585940862
420919437
876150249500409858
731858308655632385
737391648284368898
1012776873925992450
783639912293687296
1017270868026757121
967233900354433026
3307289846
191176230
1081735764042547200
999141396924772352
349015859
913111083023519744
1092616832656248832
795044002718433280
1103685834832662529
1107696943462051840
1048743055292080128
3267456386
3420266177
803704565778497536
4487256253
1095006892953427969
797228771619336192
1061423700719820801
3468956056
925719614
1075823398109020166
495487249
1092186495455236096
1092338273178013696
774274320155553792
1581322626
1091352590313496576
1090483065548427264
968550061868240897
1058845316496031744
766571526917197824
731724212591693825
1076822937401999361
1088426837808680960
1087763721546547200
722360263
896481806060462080
2752029255
800723327899705345
752896090681204737
1086434510080798725
974874296387387392
804159094873587712
1066510207092633601
2795045768
702680133614727168
1082456811117129728
926945524107890688
1074595703052230656
795909683697610752
890035116642373636
1076587230540582913
784692471989022720
882543334492909569
1076324352054808577
2588329891
1077394736581881857
1075634710838157312
973642031888203776
821192334255624199
968243855836393472
877186431432744961
986666739197980681
1057097353964924929
941345087157612550
1064354335264509954
936364143497699329
1013591768800034821
843131701228314624
317453422
1017373058691149824
4064557457
783222784457527296
2423611410
1062789211391188993
4823488977
1057102431371309057
827335399341191169
718734578
715711496114675712
64610867
996758994650877952
2355689808
2464148269
2489154907
3442521317
1047638741739868160
351363616
1021520302809993217
1040693273436807168
1040653035817656325
934662465471860736
796502663101812736
1038692778102988800
407344099
2163733142
981761620853473280
240898485
1056993324593082369
884774381490012160
1021176471543590915
958321798092767232
867404693474910208
899281682414669824
1061015894137069568
346224496
932021705345728513
1054821619187793922
1177075080
286908971
1039482417076219905
851426978066575360
177386843
823782825241374721
919851112500514817
3096952542
879035973933379587
294872277
716324182586429441
851862176620879872
848499162052259841
762525283857539072
1027910431313158144
1006352694544494592
3283242398
599485441
818126854091485184
825688238635544576
790318547234877441
773734047646351360
335174763
2954925489
1902907915
1048643120521523200
1051564207815217152
819627820871716864
3599907733
1328113808
1045707048933982208
1041862847528148993
3427962981
799691154589564928
320522775
1015722257421950976
2973391197
371059477
249773366
758970635859005445
884531141683937280
889057751996837888
1032001285980147712
879742815080787968
112900548
1223848044
719677561333223424
1043316396342558721
792854764446855169
837052374585856000
1053102637
3063312100
371365947
939576000672759808
797738180589957120
1721940026
1611556340
888546253071679488
1879798795
384104479
1035199390019932160
753354837350293505
1006696230288805888
3204617969
967869941033590784
395067743
851846203318845440
777321969507184641
1084973274
952611027279142913
1013127858963861506
2257336332
958530316204781568
1028406672459411456
1603084909
2344358742
991125738823864320
962120157056335873
4131171560
373607914
479016439
1037341913907691520
933165860247752704
2766804171
992506560197877760
1035374723956396032
1856013296
986224809293025280
1051411362
821712023931260929
506272845
894558673405693952
4368961095
1016196345110020097
609328874
1040134474997145605
954283519580221440
909882725544407041
953602385259253760
1038360786731761665
1036333348610891776
721788566175485953
1033036896740552706
754398090996486145
1030680207307497472
217948247
878330492
899719033335009284
156371839
751091958345560064
996822447709212673
4641772220
1025472724150366208
869962537495932928
1026268974525423616
1026951330131271680
1026838251502481408
2941123568
4649155277
831240674095800321
785025136516747264
1003160524660461568
3018742509
461624754
954759075648212995
1008093681298038785
1004070871097593861
986016416540356608
844434316943904768
