816409173026045952
1636002347913564163
1614034599327240194
1610036490150576134
1484736136253775879
1579805105758535681
1563880979583860738
1338179303717146626
1316738298929266689
1311433740095283200
1309924601670111234
1049184849746046976
1249658482569039872
1239301297255432194
75282791
752843798565228544
1066018874603331585
1136227239182385158
1177478752751644673
1173348081951289344
1069470172417851393
1138699806723981312
1144802482398220288
1125430715540287490
1096828724195012608
1112026769366966280
1093907896897818625
1107437028365475840
1103105374842806272
1310708083
1100185918651142144
1097369191529701376
943205284041834496
1093295076384464896
1089799784615956480
1088131968414314496
3267456386
937473200937623553
1085367814796599297
1002374781818363908
1082802682111426560
1058516549869363200
1093352520
1081386081327763459
1083217609821044736
956410177217028096
124855429
826939746056359937
1076001827953401857
1078366339507531776
1079929185253187584
16029910
1027910431313158144
1210242529
1053981453497917441
553027990
981990909494603777
257332315
1074049421506076672
970558529689014277
414577452
1074053859792830464
813799942242336768
4855680069
754342297710362625
2265048648
2530913162
1879798795
1078799980977106944
999950119125573632
2458531
904300784766025728
1072257937257783296
867261009316069376
742149111365804032
1077435233190981632
1000325836208263168
2429077012
815666423389425664
351363616
313086409
986001007
989197008568233985
3771775759
3177515983
1017558437801033730
1076934700793544710
799949976403136513
1069374519847149569
17463951
1070565738526597120
2372361066
432917555
1023237049044873216
985150133351395328
718600146619990017
922093706924175361
540166258
2277982357
828716125152276480
130407331
1075193114636124160
987119836693065729
1063185180867919872
228448596
26386363
44930067
1033467026541445121
1064843752894795777
1071049073938087937
997603378027905024
760645419722387456
867580464298696704
798033667
45599954
492866533
758307228898254848
1072118573235982337
1068781635393544192
877169420518514690
949223232
631781675
30405799
956270613336698880
968731672169590787
1070920721814183936
139618269
3420266177
1065358635260272642
133770119
1057242004285882368
532501889
763055531003174913
3271790814
787847062213713920
888743038452994050
1068034600839065600
2191380171
1070449002909458432
3486419713
844587936746221568
103493798
1014472595469754368
29522921
163576715
404517173
27752212
727523600912130048
637168166
917809346725150720
1447296895
807811134
2878954517
1062395654696128513
406353065
817452386234994689
477898426
856932863404638218
939204123831959559
785221249
72025541
3413276129
110962476
148103380
1067414507000086528
2468006793
818317790666891265
835579900073488384
1012776873925992450
704520726452183040
1019205511823151109
1058453640518791168
2910353851
3781643233
236614300
857263329781350404
3195774341
978380656404201472
1061859214191194113
1065628427322036224
1015016528771600385
2475215048
1053965296904609792
892023264
130497276
853035115
1035856320459628545
743520386919325696
1065055530190655488
826669474862473216
31046750
739649833208680448
2800870154
912372560964268032
827340048135815169
1451897936
1035208933240008704
708908111784861698
1028959241745391617
830656650214199296
843862911516917760
1057157113854730240
943343420
1064650195131076608
841794963130204161
1658893915
795867123545440256
822977790328893441
1048202417899286529
1062402927606853632
262994158
1023773822195982336
924004085728030722
924694288226766849
99749864
63529114
303868839
83382182
1062789211391188993
1012515954482470917
351643293
770577537265176576
160594322
1054420025493385222
1032498068711596033
1051565990826467330
758650563307470850
985144631905091585
755001323460894724
56331147
818053424
65368061
388158374
365891553
1057704013406162944
940476900341927936
784399151891095552
1044638659620810752
23611133
147877632
881564249968988161
3929140313
385533353
877186431432744961
1063132067637194752
945227605816442880
1871926728
117235113
1012896789039468544
1050146264321613825
1459282344
1052370036105641984
1061034297195413504
1004070871097593861
938232813500993536
1021104570154528768
2884852551
904695876391665664
3179698566
1057379440173314048
2475623330
759339343840509953
783874633749585920
1049732429890637826
83189866
857458950568103936
377600047
752700896858017792
324556502
43328576
3127911327
3761046317
1546172389
538355258
2854886221
1013421075559002113
21601501
1014624624
1062655857790349312
831193110575198209
826790863246413825
785626002474930176
763792180964012032
3120903722
969295824273494016
1059204697817522177
1146864120
3313329508
1054143257427484674
706257469262069760
1059473658731741186
1039651024095666177
1013780245
745769149104717824
548136534
702247731524317184
272617795
2941021415
3427962981
896183347155804161
990759289877942280
606523832
337611162
1009862920958816256
1058532335921127429
899323715225178112
790183749380079617
2361088458
970884857126506496
2991660165
2285429016
1020524007744032770
1035069856918298624
2602239103
2656183728
1016188813
945118318431801344
3483430823
979854661397118977
772576447349174273
843285246367973376
867151369211457537
1033922770537611265
620339539
1037341913907691520
1039482417076219905
971808242706911234
827702081876324352
4878811191
968855764281561089
59177483
851426978066575360
526000287
26665462
841075560319086592
3327402227
801679291335528448
1015295486612291585
832733391082565633
174127986
905915649981108224
372612572
714530661533675520
1026182030806134784
1023191745348227073
2496910880
1056985920476536838
