865597484940181504
1653444296245383169
1492007194388279333
36749572
1323205208868974594
1291418459230937088
57635918
1663701168839872512
1468418646305558529
1674978401411825664
1706329938691784704
1599470199735844864
608827037
1559762417319567361
1655618244760182784
1594171805287256067
965451112395415552
401847894
1575942238147837979
24877167
1679918366826569730
1597705829138190336
1616493961266462721
1440567455550607361
28126057
2962884059
191167764
1400322643
18320958
1419344284885475329
562527274
1492226046741073920
3318184520
3449853256
752168788204916736
25352557
1409712391986761730
1511709363391504387
237888723
1552795969959636992
762389795037294592
1520202720086564866
1432854553242730498
1403006800375554048
979973503104372736
1451025651440439296
19213332
317143195
23859156
562188821
1689091823015436290
1224134282840547328
1121807798826930177
1675202543524167680
1469113300608770056
713213291477098500
936238338356404224
1586341678734102528
1400007925
1523246504374267904
1438228289848479749
1612336706778267652
717381804236386305
2980069464
2864217936
1685152647345557504
1626052039393562624
1496594279975768068
1371581088586420229
1680609901234515968
4790055615
1022693675250249729
460931046
1295014168261619713
1519661185335009280
1585024651826122752
1257733948391776256
1279522164
2411792048
826471571174862849
1167638296098263040
717847958432124929
320725132
1266947891995635713
4447992394
63280663
950334663783997440
1577761560394665984
567919452
1469074531465711620
1670871166637191168
1482953932817059841
1283469000266010626
707246777515245572
249817689
344931026
1267290680252076032
972631922894491649
1569844953228144641
1490681149643014148
297049586
1267691053043331077
53211871
1040629068264366080
1042654952605118464
1558854906
1661523610111193088
302961644
1572370938875854848
1677034467729211393
1145866561271554048
1659722947114979329
1521939850118635520
1627007582065000449
1041573343
1519425462971293699
2173250304
1583865109
1655355981629456384
264361128
941579741420699648
1601800128440209408
121280793
1704749052
1549398810828443655
1653459039987306496
1577094022107217924
1126510048048558080
1626276695937523712
777159380294782976
29912070
902600533260816384
247981000
28064568
259097948
1550291468547280896
1555628909550391296
1657162320190271489
1855624532
1645429236470095872
1268377508421894144
971921107992350720
1350679542139035656
1650655069975740416
1650870102537928708
132339474
1472968454475030538
2574575155
1532958268640792583
154688673
1660321551491960832
1551374145258196992
2453930924
1418617998861029380
1499222565193019395
1640811510812364837
1921810315
2492165570
1494033632595349505
621317404
2193502125
1387219918597328897
100806307
28014636
304127632
1298740521452613634
1269690704902729729
1077524276700274688
20515893
14596096
3135241
3023037872
24336442
1506365060599398414
1483950628032241666
16936686
1655308480583020545
17477109
1604491048855556102
880018682
4040287515
2429114982
1505720752695173130
1645537763842994177
983736940448112640
912052750963412992
2448356087
890921916260896768
1413155605989269506
1307703696797528065
1585415557708500993
1628483562574864385
1503819567008821254
1211389681637572608
1551271924319375362
548263294
813745126216441856
4710708974
56443453
1655731707981582339
619497533
1645929502113931265
1400959121634041856
1588229110626746370
15670857
1373311029254488068
1116663900211228672
2225727386
291598409
557835665
1539263784371494913
1613299835079217160
1319036828964454402
1469398072400793613
1282404647022534659
1420141435001741323
1558944311797944320
1489987177031376905
1459534246348046340
980516212059856901
1028540906037764096
1201588169239490560
1489353200587190282
1595346060519641093
1595828973396795393
1112009230742110209
1213639356763656193
1459670998534574081
1227375538395762688
988223150268846080
117473710
1290477171698368514
1446957013444009991
589159044
1296992558426587137
1625493998
1608093395729219584
848279118
1540108905241612288
1585843701439266816
779518854
3270415801
40160885
1041127230
1071948895087943680
1272819902814883845
163071725
707278892801765377
1077108105144500224
1448785971231617034
537563949
19021631
986045458819833856
2221489760
1540503891808100353
1012209265153462272
967551011085869056
1468039338558590976
1659253922
374176409
1485689970593468416
4627081402
165885247
1217915155004174337
28568578
1464393895119360007
1712984076
1496192458811715594
1486068736306167823
1393287208426082306
1641608933474291713
1524504457853030401
581999965
1306311303598764038
1533325978151399425
1473116292848750596
57705787
1231348024728748032
2771409486
12574392
1533857500155584512
1482441894722359298
1423094861624840194
887733127241768963
622310854
2274646646
2393323908
16134535
26742461
98906083
951967167926362112
4241210177
1474032788055621638
1102358449734578176
1264663304573763590
1442524786521870337
1458863469411782668
402862978
1606447548377755650
5820642
385723860
1518694362422554624
2538196992
1504181287468339208
1158739412663930880
1114304111875317761
416085481
319139933
1586525860299182081
1637466430676377601
1514849771407638529
1488974927705354248
58548124
191988816
816031584516063232
865616198226128897
1214762081272111104
1050939235782541314
59486472
1644450246015975424
1556083580073287682
1631868328435232771
1081117524
1477770856247951362
805223648499859457
2782991882
1245360126057418752
150247918
905136428
1334951133148815360
1417113490498666498
823007356644564992
1540368724636536832
989267821
1291128494
1271282468717383680
1518750698132803584
1609974234108796930
1534309806634176512
1587193635413512193
1645944906
1595873858216939520
1248418086312538120
2566038949
1455896793674227717
1342173231931916289
1585392566048284672
1586666725201907720
1507472789858660356
1560473111811719172
1590936607749820416
32047338
1963179752
1481711077918330880
769702230
64596856
58162682
3957788915
2463171746
1559191434
16912983
1321856468086382593
1187808818522030080
1174153996363345921
52338305
14095216
16106584
601535938
41400048
796151032208392192
176140156
126371589
1415100195474264064
1460714714128740352
29398698
1309546567318163461
1604793445893259266
1585843509722230784
1439615489479675908
255513598
1240641883
1567519859256475650
1574819531188424704
149161259
1494485208749391874
972978420
1517498448723214336
1543425844835540992
956268683520872448
1593478132346114048
16989178
24993788
54716387
4107540552
1089546348217671680
1350856648391335940
490640050
1146225440820011009
1417627048210694145
197080008
867617849208037377
546819813
1041404905
846949171680739328
844649002360590337
376453771
818610876206956544
1407134908166856705
1603771147509764096
873965264504844288
62986122
387808846
43257803
1618470283215609857
810055220
1590261843914022912
1293015055622115336
231753942
338065867
96910944
1421164778043580418
1577496488485085184
1615033405472931840
1305792305539026948
1586821265326841856
17794234
1120953847940124673
947931989587439616
18592146
186493154
14429125
1048880642
1511074777708085258
3096147528
1427393332490162177
1002613488664174594
18080620
1603951201631948800
18988705
14501624
1524759722875752448
78508056
1547431306635579392
1598208832651812864
1610495086961516544
1572317198387126272
1269817503263240199
1018582177381081095
1339313400686522371
1496333698706280454
1292836219710210049
1139029234163245056
3315650867
1547772995028267008
16912124
19783899
496082117
517473207
31047836
70174349
781165181661351941
1609217416168366084
1087854173612400646
884299568837349377
1452801284243869697
1139427209662406656
2982376319
1468662864353415170
1014696506635571200
1548941574003822592
1301015426
15047029
1522344926100471811
1585364821553385472
434366135
961436130020413442
1478779876794671104
266443618
106492441
33665720
1581033285538529281
75462603
1410047017808760834
59001488
337808606
1599206804092854273
907757597222195200
1441550181934067713
887551762701238272
51649696
1687460006
56810175
3406354527
263547117
174142905
234925481
2162812627
1174742541125783558
212867964
1603181051035140097
1392939417174568961
1147979061295116288
1597115520855248897
44806891
932275200468459520
474168932
976513639
1909323380
1603974103362424832
118191384
885519710795726849
2723456510
19488764
38284349
1178293200907313152
821441418090659841
4515650200
774174489458331649
3148548080
1043939776791867392
14895030
966320459578036224
1604013160763387904
17629860
1546252611875119112
797404860
942358136
38271276
8349572
1599510806680535042
1222790936679206913
1229012186
14788764
1468832587124654082
80233893
264501955
1587903753390268416
1288319695658135552
1596618068767264771
3089314749
1471312889478885379
19166708
1447721619967799303
1585402793942126592
50772918
931594364010168321
1374968033265864706
1374560316525252608
1602565127362019329
919764665663672320
35039490
79089434
1016908862136332288
18266688
4581356534
1364420696919576588
740724798
16873037
108465379
1330866941607636992
38813274
537709549
1058747380772884480
1112865624395481088
1564464954
1511332984468693012
1417590726758707207
1067115793345695745
1469414148467527684
1042563175827165184
1176026136117166080
1580428011647762433
1590919805603053569
801545018322415616
20008037
1518815025233768448
1062357909621874688
45072260
899751257145049089
1364737510488739842
21822997
2853461537
1334615258405670914
945698072105046016
273469546
78225868
1592878981648367616
78184379
1402724741333520390
2747169990
93030447
333357345
1459665306268454915
141664648
1322060763243122689
1596388313401032704
1401913776329404417
1530129316901699585
1102712310
61108318
144913740
966878336034136065
798698426259148800
66019768
800055913130266624
2472399354
588703829
826065164504006657
18604137
625184209
1419365504620273665
13829492
1591964800216612866
939222089831088129
54307047
1116564507596169216
1205276177666994177
954005112174862336
1319287761048723458
16523905
3060230487
902926941413453824
479953114
1407849760221011971
1401047857583386624
20255418
1451170290671702020
1332630685
23853853
1321239641886838786
1458892174330896399
1574396890598486018
1380533522524344324
175422389
3454726154
879548970082721792
30699048
15745368
926868226654404608
400475649
36996328
1467520154259046405
1380669362382663684
15212187
1415777731535458304
1024191646634786818
129434729
15994387
1399011226232004610
563454958
430130014
1422937774492200968
316966364
1194156289305333761
1495585131678994433
1503799842904195079
1303465299107360769
1136525514364063745
1554220403794612224
169686021
1506386193663021062
1273639475340554240
955955001876254720
46705002
1453258645
1356686007983173632
1529003228540858368
16206258
1533857787486388226
237829375
1546649667017986049
128372940
1344681432430555136
16395120
1495726466
42304977
1568638657309069312
14695985
47966112
1448659775848214533
130537001
1069556484
896466491587080194
1547780300070981639
1554301948605526018
830066938411876352
852083862
1401246913542836224
1173751923184263168
1217398872445739009
1445787361686671365
1570237366597468161
1535664223984013313
1528615513235935232
1151191361561014273
1415496137306411008
1452368958355644427
470616618
1108472017144201216
1133393084807618560
713733336112500737
4831485761
1042809570828070912
1564808722060554240
161488059
1380623475023355907
1563972320771080192
1188280458221674499
1161283335068540928
1485592019372322823
1520028377457078275
1969477940
783647979190231040
704391334128394240
1514510530274201602
918204529484562432
1481052588598390784
972654691434692609
961026235122958336
1357758225664344065
9797562
1552275144579715073
738463366956625920
19261258
116745546
1286100351024865281
78456263
17918281
1413481091944484864
3981040633
18126519
1216424592211755008
80611812
72639302
501389799
1232787618359848961
2340667345
820252180796100608
897475083882704896
18584875
892225822475472897
1555303810557419520
2367306938
1335098200315867136
1553572140405952514
459692778
1070101393191559168
992841263606099969
63232022
1351742266545725440
87135405
1069129746313695232
870365851454545920
22211830
28427996
2371409671
15474479
2871919400
92642220
19721592
887707783902224384
3300701236
1069820899
1553951258297348096
1037021854198915072
1435822302323695629
1169892745
230517800
21837858
164070785
1295221238810304514
1056025650597974017
1115394639752826880
1461752034131013632
2562414642
1266764597236809728
18929234
4861135554
726873022603362304
1686594578
1521503576236855297
15937190
1492670054541844482
1146479464869707779
1207874097251639296
1495599847558324227
1165717278882549760
18458934
1458830535879323655
15522405
97054224
1043906124
1088295524346691586
1542951481103437824
1258812274631991299
1532646543886536706
41021221
891467130197217280
1464322912979144712
1184514838053048320
2388042907
1199945682
3231657095
1201670995435646976
589445360
1250070414
1408003598
36467279
1383564110
4336869974
308525859
175248063
1004444300321517568
1519691210817896449
3281707356
4861857252
1025151908
1369570257384345607
26231137
904917683577118720
1267973798625775616
968204866760970240
56944812
1467283838619373568
835396007105978368
1486299839629508612
22602622
1217877725379063808
796842982812958720
1354582871223185408
1428807981806784516
1348000099
30546476
101597075
632558201
8865592
54111299
957895561339863041
292929271
1396708174644776960
76521287
17804273
215831743
1445715504576925696
376083455
1383724525263605765
2834053658
201066140
1043185714437992449
1527053178105044992
1524929571438534656
864968481732558848
1519516156133920769
1307198732484534272
1477114926195957765
1316822970397069313
1492677599390322689
2187542203
1478287046623961090
1364473825
1406884820
2327592480
1482630957085593604
749016639287414784
87250503
2777043768
1440844072147582976
1396662069517332482
116363549
1117898546055761920
1518637682485653504
1518729368960389121
1154488820613750785
2871659160
1343695897977360386
923113340548784128
133314421
1317568613189062656
1404652927919214595
1519783668918759425
2887865951
765984556688211968
68454527
1514791886115901449
1497290362032992261
3995778614
1528987322280206336
1365597209794863104
1504828681826406403
1492988286532571143
85636440
19899980
1361420004885999618
20197421
2825048946
11134252
120967003
1439749396766339074
1517655068232802306
1250679970860589056
1109532876310302721
811414973985550336
701281918709444608
960775389025992705
729689945288355840
1258113061
3260096383
1518736910243356672
18028981
4402510094
245567280
1187835922118787073
227426714
4692877032
17821540
810611314636640256
50434933
1373093264442732544
967233900354433026
863458126745481220
107214015
365448270
1519409240217198592
1268628445317050369
724803221311496192
1239986988595453953
73922604
3074588040
1323779181973569536
2818498735
34529222
873164322892951553
1490428448187113472
1294978040456515586
19828155
953298828253384704
711823909
6054912
2852709526
29097819
1094146978160758784
1520136498967990274
889273682
554511972
22099171
375852740
466823184
1386509179083542528
1517417467529805826
1257462491757436928
798249269484539905
1497711967091535873
1278290356325568512
1114822908080283648
1417555053963972611
1484007333961162755
1291732240456650754
1505019130042204163
1243025478950125568
1405148200152055810
82412279
90982179
2712978728
467972727
19329501
2194576196
1487313404004118528
764205467816038400
2863324024
4592514447
18172022
1158952357389930496
1472512350955528194
929136314552741889
1292811334757658626
72383811
1496810190
1462576688773189634
701774916920733696
234374703
1393374513837092866
31700619
21534222
349142752
5533262
1444838302784180227
1151913018936053760
46078438
1270906326823186432
47035436
611986351
1373784770996486146
97081043
1057709400276787202
1594316444
728918606
1098091506886471680
78964894
1456729420702617601
386213011
25173349
1448743621310754816
17910554
1490815280817258496
1183216773111267329
338960856
183649340
4826563611
9768732
1120732637298077702
1218624618904182789
967859267352059911
48117116
1486603329366941705
3419594272
404621700
3061615910
1489779544001110018
93637779
1459582722532274182
1319648531863506949
1468277290027171841
41266395
1344356576786866176
1327266713054941184
3740778132
1469338013054341123
9701462
3306210644
14879348
20012454
341746855
1174372532922671104
44951059
1366176310758940672
1121114158907428866
600463589
1456718154764365829
373633889
700412088343269376
19075277
1361943702
21263333
130713748
2209677878
14106266
2473282334
1420198160488550405
1384683844595560449
1404980636444680192
175960015
863080573715308544
707306228
1376693185964036102
50535198
66950686
1273430202052272129
1390882546288795658
1732622660
753924814113542144
1051710088098996224
32824532
123051410
1007669285194485761
361289499
1386126529197871107
1082197856
457886928
778763106289758208
1291243382128304133
1212874962719010816
35664186
992298519506518023
1158640986181890049
1135316698331058178
1649128015
1369966796573401095
443073989
1066593746345578496
84204483
1359483955695681538
877155737713209344
5943622
2402535456
259213069
2360241314
12
18469669
1387191283869839361
1031914216649908225
2893133450
109404961
2298103730
886832413
213236426
1384831981729497088
112280016
66106683
1306252909341016064
182878105
1413477255641186306
933146693662633984
499154896
1446932508453453824
473736292
2568108282
243758564
1099570025491423233
171256511
1357133940109103104
14654494
2307692107
736182020875911168
45598972
952748996392554501
2062801
243666972
1426219147764150289
65682011
818948638890217473
967259313684312064
255507031
967740061801504768
912916213554180097
1204930164389556224
1340393531676844032
21614780
393018822
246341769
573989102
962650783182331904
880602945632575488
1234302923586375680
1285969540350959616
954896536294625280
431742890
143608636
1286187682603962368
1695035172
1227734031900577812
1333019749324910597
1898030576
1168634833859276800
15223775
250980843
61417559
1022821051187822593
24222556
1401229102665932809
117338050
1138993163706753029
1183418538285027329
591041794
1291544821371269120
1175129971729281030
95994080
1069702634960052224
1432441903262355462
42924141
2914515430
3884754194
30101738
1066429772241256449
304853972
3183456849
82290311
339061487
954283519580221440
900836759843594241
467661480
1467931973616386052
1267610235105132544
815626547260510208
79539973
931286316
3290152525
806551135
1214718585433669632
1378392606476886016
1225241728304787458
1339742221487255553
33347217
222582311
22831059
1136711154435207168
1207120130544549889
903228570536996865
1402012882133413888
14986598
709732368
1050009593701650439
40721215
3420421481
721167931682390016
22277264
1006474869570093056
2918965447
247183872
1285633950355017730
1370259486661767169
1419657850163535877
1428293763143815169
67693241
1288710442974502913
975200486
37760670
1353133294209138688
1354837488653791236
93902984
1268032640042414080
1257667158
393739635
1199029422239731712
843965625177399296
1436081149307015168
1420863242054864898
14246109
1397558515321933828
1340345971260059648
1336733113322496000
1230168415693942785
1276140426
1096059529
1361785376747122691
799362330672984064
245953646
959552100979150848
1963156225
940409602155282432
137472360
1198280137315274752
23371841
1166570967461748736
216881337
1444680086595112965
566608157
963890932864167936
2832500723
1027230854
12524522
1276048330586537985
27658830
559906522
2803192264
13418472
1653566994
1441916605567356928
1411821879388737538
172944579
50082136
947984296224096257
21127543
76938755
1063202045950418944
240760644
1430474664078299136
1171607202525638658
234678852
114605310
1151046460688887808
2996253413
855318254
1326229737551912960
1476004886
1195873536650301440
1164937722
1668532664
906230721513181184
65292722
1374742915767959556
146095589
1370438694151331844
1273299433783013378
119466953
1345469797711171586
943506806931734528
4849786505
110835004
1372278133009825798
2221529390
1251900966770794498
245598207
1266326143097061377
1333906855538663427
1054669807537156096
2365896248
1403749411868532743
690823
4249826728
841509042023460864
806152757317160960
1089308757035794432
2335573423
1603972255
1146722128030572544
3958327401
1375933962833510403
1024352074048434177
11691422
1000528298626056192
1028747714857586688
36612159
2280075512
210869563
721387177091993600
1500129642
1335579235956690944
1376251797640187909
711760467383877632
734914091886600192
316922671
96502351
991741610718257152
232056240
98992586
3396493030
844763009507504129
1291478180629536771
2835451658
156233898
1146238866698964999
32976943
527526077
1355598961848045571
1400506526230589442
18572546
723191297301860352
953609988777357313
989952692247236616
816609107943845888
434418589
878247600096509952
1078741899572240384
606776750
1041044330092195840
412833880
1381531981217988608
862493306382626818
1298299807497297922
102860663
1337780902680809474
983108315466162178
1221300726246232065
1259713182635040768
20736511
35051304
1161261376846946305
749954564615499776
434458299
75033178
3003935714
31439580
6721522
1366130381045530626
998218376848658432
201428338
1278084890861416449
1325295080505290754
1334918947918012418
1356799074624819204
1245706416809263104
1917342486
1586139973
2468954454
482543305
871017006
434251349
915954364774326273
944759630131023872
1276715545551831041
357312062
923002539888513025
1238277918385733632
15694204
613397041
3188096689
1431204614
4012983256
244647486
1677486493
39257839
1362509606224875520
1581322626
1378541651526889472
1255214533
2822407526
15503210
390682767
114060003
912792889553555456
762903092983541761
705619233351184384
1222645014943039488
58914498
1364642249577963523
960252490607284224
38318764
19489239
28695912
786581864517513216
53789862
1049724335395627008
2892681119
1351538366739865600
732612795078844416
2852597261
36653560
826261914
2720718104
1141067933495336960
2918039334
720916915
20620967
1130920508411789318
1231634797530796032
9354622
1001152153606537216
1345517796
1280241715987660801
1733467884
58116764
872148729184362497
1248100208266956807
233000889
1155845777039810560
1030725698460246018
949040844425891840
816625461195407360
869259764768927745
1362301673335570433
753934193294446592
16076032
939032087239131136
1180173696347987969
94336415
758092702886072320
1645409810
316003254
913259392560070656
112694062
719598311590793216
158254062
19062153
44196397
588569122
868578294916145152
20374262
19400611
375707743
309970677
30129303
321954654
816998886032207872
1250322626
1348877890180554753
1189561665341329408
271126849
4041824789
44067298
1873568736
1338911238206582784
999274189688274947
884815772823977985
1242664642238955522
1070375076992823296
255411008
21874459
86096628
1157277186988171264
632573759
535643852
1217559748557647872
51661036
730121169194655748
1524168474
1303797127651393547
1894247610
2493528643
26637348
956543009658671104
24787367
1280606167144660992
2704681687
1120069729576574978
23323939
19091173
339984356
1329855284702040065
1221984202763227138
1025410166483832833
819729075329564672
1101155156295598083
1066187390178525185
1335016762207821824
18155174
24506246
1171963197601046529
1036817718320672768
1269452617551212544
117655609
2945287090
1329307685037240321
1312426546930515968
34236531
17957383
24190626
3047722897
15392486
25083002
1174517985396043777
2438831503
1311166226010435584
34082620
334715818
1220373537854316549
290600892
1254256666238992384
1261815039826309120
4639413136
1241167123763904512
75561107
940124009798209536
1323650276725825536
1296654918091018241
245526752
809477466872025088
353422065
738524159911682050
28381177
1306087234316021760
1195424457805852672
3001661575
56508823
712437827770822656
3409472952
1214269177868910592
172202711
1019645944449495040
951918127733907456
1317562023123865603
2743220509
227461294
1268688487403917313
279067764
3000168435
1310974251617329153
2409440058
731055107530444800
1164637931279126528
1248864556388098049
623230663
1030226349779243008
1267204492111511554
1092606785108803584
1969683889
1298445667568955392
20800915
17349381
846856945919242240
929965004446511105
2672615846
2484505992
842098649115025408
15405005
3283482342
23951440
187680645
469960224
1215138175301169154
881768214467813376
209693451
935083829672529921
827776722795913218
3066800573
1283174233951080449
1033347878
1214345382584635397
22643880
837555557804339202
1031747223569227776
47190382
937475241131085825
28325203
763002692893413376
3623795001
859409582426251269
319901933
1129893424642109441
454119389
882009322460520448
414962189
956171191
1379418918
765241482974470144
305874770
1206100803947302912
1209936918
992191188881960960
22211969
2581241742
445313023
1230893600948572162
775696688489099264
1102987848741998592
24127811
14554800
990774327447437313
19199104
1542228578
949730176073699329
3396155981
18856867
2339240989
1370692561
705902960967094272
19211550
1186514928913522688
854746255431315456
455261114
971157641912229888
1128006760973963264
1009587637773053952
1147598862145728512
213491014
1204055479221202946
910180760312741890
500704345
2181493660
887384859710238720
590211920
3402184198
1201935772158439425
1167020863
534023
930079732221333506
850867627056672768
749878942358573056
860568317580328960
580398317
899401541177622528
976853859703427078
16589206
2916305152
1201985743729524736
1017542404801482752
375721095
1469603575
2704294333
1204214253953191937
908856245414531072
953983428696924160
867639769794101248
350822109
624210678
358545917
1145232808811618306
765909323545513984
1153042794375712770
2874102076
248292312
1151261114384171008
772966352114094081
3131770739
10292132
1187499929100357632
557253118
32117685
1211821040638103552
1228714449340637185
592730371
767960339547774976
19738104
742749379623165955
9533042
116203012
2349438030
1202368619549773826
795737664049807360
591882585
1023888180452503552
2288646894
856991644134068224
1008077643130994688
296092317
548258435
232731795
1079979646349918208
952695919014830080
971841850695979010
1216569268453756928
29658469
3049248764
47469783
135189186
873051724604334080
1164493790972915713
58579942
877306594270224384
14862190
1626294277
1214604162547109888
312696314
1202756880004780033
57441414
1145702015374438401
854975402577731585
1185977202569076736
2705030808
129019194
1918574360
1957125536
1048444643778744320
805502502028398593
838457598303223808
193160214
15475395
847946368073297920
54223464
718592022
1164176887712796672
737862347616858114
92680363
1154079991858159617
1146509923683131398
1149770531459256321
1202062848207273985
226194552
170927863
730693248147030016
719024310468280320
732300883770413061
2904870923
2153298295
3262160865
1033890885069496320
80924518
2352957686
17469289
305211380
1188162952299450368
809614172
742823052354945024
1931893196
2944821511
25218102
19658895
770619360062898176
2258332112
918090825984364544
3078101607
560198159
2740108585
1328744376
18891076
1100153326170189826
15976697
241072354
42750334
40517770
15401398
32503010
1190856738003652608
226350647
521167914
1146832259787497472
2993377468
1558028102
1148711615686160384
1175148987915087873
9287122
932349813009666048
17004807
913706406
274567177
364214133
4824881387
1054519321542696960
847563392306917376
891098592869404673
2432310906
1142064494157451267
873427520074461186
833033505374347265
866069141576441857
717882725479407616
1004888859245776896
27000730
984431192488529920
2646280429
845728536
493353561
3214466631
856162158845059073
1276652162
52352820
3412642223
21657697
50695931
287413569
113137765
43906698
4835333710
780111811102343168
3267456386
2349347329
599817378
1662709308
811307733274296321
3018742509
27522964
22703645
499230066
1226167963
14458643
92844900
74760182
2231109295
807812802761158656
53979469
451746511
885283199307436032
1083220166
1581818155
2590075158
520449734
47436923
3165867999
16664487
925851505223012352
852585003561168896
19599446
344900436
925540183029829637
1019242424
892130360888352773
18927538
902200087
47253057
554692292
83748727
18643437
217749896
196168350
25073877
313038011
711535251835629568
