1705977576458493952
1707135859625979904
1707893106094256128
1436491127050407940
1708452088999747584
1673394614869303335
1684821343261360129
1364254405621673987
981990909494603777
78456263
1641159464584900608
1531919311597600769
245100801
1140448134268669952
1586635987068780550
1632562358349332480
986385193
788506601460264960
1705725614442119169
1706819667728207872
1488149266870661122
1702841365607112704
1485285771141541892
1667114597973651458
1681510070100668416
1540165053760126976
1627048423437524992
1129889897022676992
1643681329115189248
1186404293944991744
1589383052895084549
1368598350564524034
1651916172973973510
1605020156144619520
1423549149220380674
1688671010520793088
1515915916227198977
1364408454144786435
1299608153739460609
1691615884475854848
1518761051961057280
1470788693405413378
1704575288619798529
1302867056543449088
1600962220979994624
1667914131968520192
1675977512533340160
1595075960558215169
1506683794815913988
1688306459296329728
1686972421578825728
1595618095191576577
1681369494826909703
1608001935227129856
1697731123411881984
358117823
1660362248693374980
1680899246344613890
1706937534918410240
1683414118009798656
72445899
887235743520702464
1633465812278296576
1678890743375511552
1571968981707227142
1694977057934258177
890657236237864960
1704580967179173889
1653382377698369536
1445519469435031552
1524866101187735553
914990650336190465
1586567143973437441
1322060763243122689
1596683770177806336
1007778326243520512
1589790237382742016
1675083218490408960
1588955753485717504
1410225006437617669
1243821374973644800
1663574554743128067
1618105328184299520
1707974415860879360
1707871378211295232
1519507789873303557
1648517062325866499
1392218714989268995
1595516304747909120
1706625564298088448
1639667846690086914
1705350638941741056
1679115347272540164
1649548469739061248
1471987798404173832
1062474586841927685
948829885371486208
1155537529678061568
1704155148686413824
1545668662878781440
1521692753972891656
1689746095659012096
1667885110559907840
1585845334487564288
1498109201486434312
1706706141781041153
1706101608214589440
1101621399628730370
1673489587489107969
1693439980369326080
1595997766647521280
1675990680114454534
1579006147503136768
1695303855242620928
1665781697806229504
1147660357877534720
1691301659878547456
1702775367650463744
1506112193061867524
1648115450658660353
1682910119430959105
1653411320748818432
1617932570225946625
850490699468419072
1371914078294269955
1653444296245383169
1661146869676777472
1692321522642251776
18767445
1699199721670348800
1700309204764893184
2885512147
1699190333924397057
1567340712550694912
1693718075705786368
1601800128440209408
1524682768256421888
1600111896665141248
1600720176906833920
1656904272632598528
1647313636031881217
1506534777028943876
1695006344397344768
1537576368199720961
1673724235024412676
1691160138852298753
1593075987532681221
1664532550193143809
1679221556302446593
1674174819728781317
1635433793812066305
1680369347607314432
1612453982135357441
1455085058197495811
1231433867220795392
1679677948226306049
1574818938013110272
1621241060193099782
1356647400136351746
1398376660853006337
1319038701268291585
1466604633657430024
1518902002796875777
1471312889478885379
1642250121864724480
1655687279036203009
1497550971538399234
1676148574709768192
1677691562069729280
1450803329722814467
1328894170577178625
925507456775655424
1323818456286855169
1674536031310282752
1591054313161383941
1590142379192877056
1666902725634711565
1671541304046518272
1614301038344916992
1650615289661341702
1153679891902140421
1666798391026753536
1665291837882474498
1523512846599958528
1594122544692576262
2322866384
1665330133522350086
1655353145202188288
1663868368925990913
1663771091528204293
1649241620531888128
1291478180629536771
1015159619637768192
1619754495100985344
1659080637876170752
1531761787124817920
1616237000083775490
1638009983433338880
1599206804092854273
844755859846553605
1146509923683131398
1658464970911227904
1586932279988953089
439373269
1651390537579020290
1647589043079725057
1656072153073356800
1600492476699115524
2481455030
1596110010081230850
1431780403485020163
1633604566850715650
1608131901134442499
1639062989037883400
1653932767196098561
1627949800644829184
1619795059632660484
1653200936314208260
1649909243586199554
1651478287015895040
1562145635637141504
1651130648239935490
1067067165663203328
3004062205
1641158346957832210
274537655
1647111364228382721
1646943685106343956
1603955500730953729
979606619557261312
1580428011647762433
1640415456161873923
1615016957203607553
1640033335345905665
1645456717616914433
1367242905048526853
1644413389303685131
1606086006628810753
1588411140664692736
1630787765087477760
1633920117015732228
1587270334268465152
1584566291985211394
1454261060068913159
1585845309598359554
1530749455485509632
783486171598946305
897675682645463040
1598793165162651662
1341898770380976128
1378392606476886016
1616608684838199297
803704565778497536
1623441417124352000
1552095535439306752
1603962451179220992
1605370004236636162
1609675365714206723
1622711411209109523
1560680910600765441
4586937621
1587625058729500673
1579000721445617664
1543053222360875010
1271491865368580097
1518703764252753920
431785296
1621664499575947266
1300694369591152641
850479140277022720
1604334092044189696
1579229422581792770
1131187770033152000
1161525992
4800791309
1603958097478721536
1586198062577467394
1599986520097783808
1282082459505561600
1036850688549171200
1595589534
1189604521028313088
2902182799
1315746590087315464
1030651179271737345
969160655059210242
414117686
977379883239305216
1605375583222988800
1601102587444760576
1604599983893774337
1606862612188508163
1598120847612461056
1612606345169063936
1606332798100721665
1594793886479572993
1591506914449448961
1264256390442385410
1587129436520022021
1595981737758269442
1618761531055042560
1600724233184845825
1585804684979326976
3302668028
1481443120738885637
3418123797
1591255448203628545
1608093395729219584
1598029956377759744
1596254435445022721
1596347931640168450
1617894330869612545
919015538038398976
1587869866630987777
1618014545976430593
1472230421131935754
382979287
1498594404042481665
2901047283
1611921153353809924
1618083512397041664
1617902104403759108
1617961128625152001
1617873388063854598
1605670538856185857
1586630882483351553
4500576194
1595984435891027969
1505976655839432707
1604681858603687936
1354652235427426313
1425619400095412225
1604543517803651072
1219099069
1589327542770614272
1600703165975777280
893348197040566272
1611853140311015435
1611190577177178112
1460825821271273476
1507067392098189312
1259963869625233410
1609261258116677632
1602760093854040064
1597457570821701633
1594160153787514882
1599253152724930561
1604485198720163841
1612004719005945857
1593795856402194435
1587524967188439040
1325049071753637889
1467511257636950018
1600850473610780675
1594466896199708672
1589073057137713154
1587675175226642432
1595154079218556930
1587643432293507075
1610876978239864833
1587544783156912128
1590187882056228864
1610797434396893184
1606360263493566464
1468079454555541507
1603417564473970688
1590082660398948354
1509699289341116424
1608956761582469122
1587265545044303872
1604182969819795458
1590445790836756481
1016522292
1549073377327038464
1597605757553459203
949458988902559744
1586836946319466501
1595671921693233152
1594156683454021632
1595470060616925186
1591336827960627202
1594195632557801474
1599443976355971075
1333175764049485826
1589587032732475395
1591263848841240579
1357296939679768578
1192968069460758528
1366509523687604226
1586850679091404800
1586821222859509760
1429593798712176642
1595982290089304064
1604652493027278849
1608298757321375745
1548094973861498881
1514991291016392709
1595618323491962884
1600565468246458379
1600708834531868672
1385762868046467073
1364312782754095106
1188162952299450368
910785736902819840
1601401737197195265
821490699749228546
1579004292668825600
1563661534068236288
1145536953468760074
736935927281528832
992376127904677888
1524866693847130115
861997844730957828
1559810841641353216
1483647523315019776
1164007977642266624
1575973639723356162
943579920080494593
1419739889969598467
1560849621483720705
1536522833517498368
1520566798877609984
1555039442
1569847442052628480
1518715278980534272
1564429657608540160
1564953879850225666
1531829490086825984
1560489765090332672
1541943458868477954
1277418400894115840
1557678792851836928
1966630022
1479248898153762824
1201872789248106500
2945287090
753045173551112192
1558816450151866368
1518687148706177025
1558885100103774208
1530314849535787014
1530061179120279552
1554263403794939904
1552578446856962048
1540076023940874240
1554647511800971266
1553189943131906048
1534311135272488962
1488643473725087744
1528482583792713728
1539667339066703874
1551035464353828864
958780925256654849
1418656021527007232
1550268181813628932
1271645513117507584
1400146851135905810
1483668115972313092
1514029516297056266
2986533810
1541220528689643521
1537596937486184450
1076877018862702593
1056316671105761280
2996797754
1497126340348239891
967164447063191554
1476250401389350912
1519261311821090822
1315120166133542912
1530475606961422337
1292282355978309632
1503354507207778306
1540457459793412102
1538159292506857472
4627081402
1522051963114131456
1537454217878724608
1537431983512354817
1159540664109023233
792634013634682880
1512126093985263619
1529736179184197632
21364792
1392467863152304132
1164185015753818112
1527765467015921674
856541739758256128
3248597385
1525854196427239424
319490086
1518706081739943937
1499965008033329154
762021248574435328
953824025578491909
1521971872333582341
1047713399071752192
1522513146614673409
751603454217379841
1521488031294840833
720855538087497729
1518663059706986499
3373141972
1468158409241419780
1282719613864878082
1515397720831365124
1493006124047605770
29658469
1270859433673986050
1383105390573850624
1372408736568999937
1399449164782706693
1285927603023511554
24667441
1354874561783681025
2225863945
1375789333689430017
1164980763059806208
1269824548523790336
