1217398872445739009
1466212412747567115
831941012285227008
913076671640633344
523971473
4717892303
1218108131647074305
1385670946099318784
1356101051682701312
1308603540949135360
1013070627580850179
1551693235688353792
1231156038
1521571770213355520
1696954567064215552
1546607967864250373
1423632584400068611
1689671471503724544
1170759331719127041
1342099797898096644
1603997064626479104
954005112174862336
263547117
65061164
20545835
3151825048
1575820198627549184
1387489102799376388
1675149348638736384
1538705932799987712
31047836
19091173
106204123
1224185690713460736
1492007194388279333
1366565625401909249
1474091860025122817
1058236791621214209
1651002793317003264
1585949064406786049
1589083577504890882
1452363629878288391
844081278
1138519199289085952
1689825113665855488
3171403062
1659361256602730496
1382209054999646212
1335132884278108161
16206258
117102398
450806513
1054575953169604608
848348952084828160
4484664977
1676148574709768192
896466491587080194
1435906191373180933
971921107992350720
1580647850958098432
1512907688186826753
1121807798826930177
1891490382
1504902093433417730
1274692457913962497
553224712
884791418845360135
1040629068264366080
1540460409190174720
1516538817427255298
1505042106435444739
1559556660640849921
1496192458811715594
1092887565806563328
14791251
1551725959534895104
765241482974470144
1316521894028378117
1537267586043367425
1584491882536701953
1632070170352013312
3376321847
18208354
419520517
1504897463626485760
1521309472513306624
1585882952013123585
1078548240239230976
1598793165162651662
775104300452311041
2201623465
719024310468280320
1258149995645210629
19017675
1608093395729219584
1604139215406727170
1680226745482444802
27012070
1524176909755510785
1500639956737597442
1280298812314128393
1337217263515078662
1542088334125801473
3895214232
1242201852567080970
821197105800810496
1493694047088697349
878739598821646336
1586456895166070785
1425132709098270722
2864217936
1253762137295486976
1226167963
19380775
36749572
886358633646350340
2474749586
4826563611
848313763728154624
826520941412757504
1655355981629456384
1605405291142586368
1679529192747319296
189870199
1588163631283306497
1670915963359752192
1340046910992748546
3401860366
717847958432124929
1605387621504618496
879311275519610881
1179125268407037952
845237686608769024
2432310906
36996328
1397193602330251265
900836759843594241
1092606785108803584
711273343396278272
1242142787904114704
1159662212333674496
1654654990022066176
1102987848741998592
1267257106652172289
1608180980468125697
1522706316376092675
2575780104
1624162278160359424
1482778774164942850
1481616560150265856
521167914
29658469
1574972893406052352
1332495262586183682
1547227626791657472
1542250526116442113
1568938182749593600
1532468526446960654
1518981310529871872
1638800105401622528
1295455922777501696
1611372298052964352
954124423
1392864463204782082
1339032784417947648
1612392414378950656
966821224595804160
41778159
3127947520
1041042565267697666
810175539411419136
1300094252874162181
1288099265953366017
18929234
875856268056969216
965451112395415552
15568684
934443084263448577
1429400366819512323
980516212059856901
1220629654412939264
1482224907702632449
833100331
731070444
223459075
1437416932458762240
1637507099558027267
3286710541
275771168
182563991
1297702236068253698
1372226734846775302
19222164
217749896
1145702015374438401
73874130
1931893196
1403015536879996934
90651198
1414693574399115268
1636180648502198274
1308433994887856130
2382733897
1498289205390323714
1483164714293248002
1123825692297314305
455264233
2199020853
16106584
1393287208426082306
1001802978431520768
1608922283460132871
19530527
1545070940094140417
1459057942507003905
1368166640978911234
54716387
1637366163268091908
1583622061775360001
1614380011493941248
1631158964099457024
827776722795913218
1591760265158094849
1335579235956690944
1489987177031376905
1308549999165407233
1272961221151600640
1629152100922826753
534023
1628016217674989570
1489989629549895685
19594736
1279898928041865220
1532218001746907137
337808606
289548939
356408677
1585993739780112386
730121169194655748
33863096
1054669807537156096
1387219918597328897
2984243591
1524226014271913984
1473731943778902037
1462921559241232385
1620203520799506432
1577293480308654082
805223648499859457
1390762874809761793
2772436602
1618512700572852224
2288646894
1360573050
1398991730175774724
415192831
1616975606104879106
1629885477879701509
2463171746
611986351
1633539073095655436
811875067
1469113380325761027
551839048
1590911769622495232
1568148595861250055
18311642
44988185
847075612841971712
542905148
1601161631140134912
48315339
2853461537
1363918699430776833
59590288
1317012311262089216
895595520
270850017
55647391
1534581074281517058
3957788915
1412518353822965761
3150901497
1564350839883501573
15906034
98992586
49641432
1499078613114699782
1052722633152679936
4041824789
1257333586052689922
1021461090671030272
632475061
1024255581136322561
1441205486305509377
19899606
14602589
383903024
47509268
1093297314830135296
14895030
240454812
1583775668252594177
3172112893
454007547
3418210767
833510865949200384
1537225604554031104
1496352048278872067
1519832102241325057
1470118590
1329891389430243330
1236913072180084737
2626059063
2244134066
581147148
2607421675
17298090
39844876
3177515983
315390036
742823052354945024
2724505142
58579942
1342989756611907584
741068948905578500
500273723
818948638890217473
19739126
761350109280043012
1570074473683976194
816652616625168388
132512167
1587909313665835008
2704681687
174628272
1540574681400455169
2947861414
3939574932
33665720
811509459310747648
1031747223569227776
1342174584594960384
333357345
18267548
369575370
4081106480
2835451658
1309835105171628035
1612584361869860864
1399539642639265795
418478013
17995040
16017475
249862904
1292797863500689408
1544408838308171776
1485689970593468416
737020800067375109
1451073109620977664
1451260712228200466
822903723445731328
488203758
22419487
35586563
3412634493
826641279412957185
78683448
1219238236779950085
19313770
1030725698460246018
102919815
1317568613189062656
846921210122395648
81371986
1603070100407361536
1584563155526639617
908184141862195200
873051724604334080
347228796
3954432795
1284660946229747714
1320363676893839361
824787330493972480
350822109
161488059
753195112176480256
1400900625051815942
432557320
24506246
1594411911679946753
962650783182331904
715146025586069504
1533857787486388226
1571425250134597633
1463884291755159575
749016639287414784
818905354205622276
41652476
1397392282224152576
1510961005794410497
1092825326676258818
2570178294
14246088
742846011932975104
1347702221065117696
1521870690630221824
48117116
188793260
238319766
1605
9701462
826261914
222436278
909141017114365957
1533091496659918853
1276715545551831041
1333212127939547137
435260935
1446932149148344320
1458157817072918528
116579971
978184280
112684779
14893345
226194552
1216818374417797121
1436186913317208064
1066392792715399171
897675682645463040
1506386193663021062
1066187390178525185
1189164249517572101
71048726
1586750869483167744
19489239
37190937
469960224
186533780
1483893386817986574
1392426037053517824
752749220952625157
1594533761777307650
52730608
95994080
2899862569
370291114
856010760
247247709
1463708041572802563
1078460701176463361
2816466267
2874102076
1253630270026080256
2472399354
402181258
1474419604231360512
1161261376846946305
119049214
18584875
54307047
169686021
491530957
929330286609002501
819034558058229760
109579534
18166778
1207874097251639296
878247600096509952
15987296
1585975552854335488
3420421481
358545917
1151913018936053760
23216714
1467931973616386052
1077820076
1043185714437992449
1389360201996832771
1082197856
19670226
2913992376
1588018000455606272
880602945632575488
1573074338542133250
948303184019193863
1509342101330300931
1570749041293791238
88702710
1571818090685698049
16330790
153810519
827639549488533504
2610099344
17376893
772966352114094081
1516450616914202631
16538546
1552795969959636992
93295809
1365393266523267073
1104524508709441536
487297085
730329614443270144
164070785
216881337
627526105
1251900966770794498
952695919014830080
75561107
1201670995435646976
1058807868
28420827
1517417467529805826
1222773302441148416
1267973798625775616
19580890
1083884006624522240
1500129462607925251
130956302
1258332990947627008
1497711967091535873
209693451
372187968
46479088
5820642
1019625316187295746
1018582177381081095
239098915
2829783319
246206099
16076032
12645352
183767243
1423621883333947393
1327266713054941184
2445134780
113075977
989721121
1321203011142610945
21976616
26637348
4439232376
770619360062898176
1280852842862034950
1335386736243830784
21822997
1359923836356018176
1280241715987660801
40721215
837585692
987288415858319360
1359154454914883590
1326229737551912960
31981508
14972982
3095130883
1344356576786866176
1303745800506208256
1376161898
971157641912229888
826065164504006657
868578294916145152
588569122
3066800573
19878055
830711834848043008
142415193
18856867
818876014390603776
15392486
210424042
27000730
1145560535498285056
866069141576441857
96906231
1431346003
39344374
1340370307
360946333
1098955584907431936
1060573081935249409
29097819
799362330672984064
770781940341288960
405605548
1069016744
822215679726100480
2795404498
27522964
1237542829766950912
3214466631
1185977202569076736
74756085
20722476
17393196
25073877
312696314
1044928850
14772775
898493621300867072
847906156278423552
499230066
1075498740478300161
2783950317
1116345515761909760
999426576763809793
837555557804339202
274567177
707231479047315456
974403456080470016
15976697
891098592869404673
902200087
95092020
1094742534348251136
908472159571517440
1220350601818714112
43906698
14862190
1268319819688001536
77046494
1257792281614200834
807812802761158656
19292704
846739637779476480
16989178
1176776408779186181
323131780
19671129
47436923
791398411
110835004
871650706381561856
2231109295
822299610018365440
1263838572924284928
1500129642
15912890
78523300
113137765
57338175
196168350
2442466385
22703645
700557730642325505
1181552885554913280
1146509923683131398
35039490
3267456386
767960339547774976
730693248147030016
599817378
1900293397
856162158845059073
847563392306917376
711535251835629568
2349347329
373144861
18643437
756664547457507329
1129532119192096768
34743251
313038011
44196397
2363203740
52352820
53979469
561968042
866525988095631360
690823
25235151
