846486979
1308603540949135360
1400900625051815942
1645837441662582787
1595057630459957248
1125766383801757698
777883544924352512
934443084263448577
1631158964099457024
738911954413162496
1327766492746833921
3320010078
846949171680739328
1578345572129558528
4869905412
1686794215387181056
1670989973456052224
1125189464576253952
1468835109621043200
1362602323613204481
1574744598097846273
1439722398404726785
1407593908771725312
3198777497
1405966368193798147
441545479
1460283925
1392908434174103552
1663574554743128067
1239586036843524096
1501219835438460929
2598183050
1496192458811715594
261718546
1518981310529871872
1469074531465711620
1266821924824535045
36134346
1345534790813024256
1561389624584417281
1671589202176380929
1509342101330300931
1590563664611909633
1367611692230856705
1448161271015215104
1364556856262279169
1269690704902729729
4239551
1281938600054194177
1622826542119124994
1156703991872524290
1573674135816904705
1382376115386257409
48861897
1273639475340554240
1215077597798916102
132641879
1176026136117166080
1225241728304787458
1598288213075968002
1516332119869603840
1544408838308171776
887434912529338375
1179396972324802561
2332951065
1164742557001232384
1646599345540681741
1633539073095655436
1110434154
1240784920831762433
1298299807497297922
1213227521392558080
717381804236386305
377653828
3070424440
935083829672529921
1222546624959873025
1648176442491179010
843965625177399296
1523440791057838080
1176624876054036481
1589083577504890882
375852740
1564771424056872960
1169602807151783938
1078478716307529728
1576104206531960832
1083416987479535616
23129429
1244265966122545152
1268749167427543040
184878090
234163619
1585080476275982337
23161445
120701995
1613940722075328513
313038011
368897808
1584563155526639617
116363549
1054669807537156096
87133189
1639038055624642561
1464109588324786180
1637284855066030080
1353040053602316289
1361420004885999618
1063202045950418944
1616975606104879106
3957788915
1615703774286254080
83992997
1931893196
1559556660640849921
1446231057259433988
1637507099558027267
632475061
1489987177031376905
1155472988290080770
56443453
1524226014271913984
1620203520799506432
1621448529817239553
920789748368601088
1571425250134597633
1542088334125801473
1591760265158094849
1621088199345856513
1539263784371494913
1515070660070019082
2996959115
1455381784351420417
1548656278783901696
1523385729707126784
1270516351682195456
1605405291142586368
3373146857
1570390590876942339
1312086187444776960
1534581074281517058
3236374214
1594485744080257024
1489956224179261446
261833690
1629234523685769218
1449237294435733504
1613637884875087876
1409052976770011140
1151913018936053760
1538705932799987712
830100965105737729
1622742375109115904
1504086687298822149
17770099
753478585
1586031052144812032
1580814563691433985
195856294
2312372450
906273810248196097
1520130560231981057
1428897074704097284
289420613
1570180292
191871143
1326015627727933440
821760439247745024
1335237183234519040
426059968
3895214232
1518678365548470272
881920920885112832
1376233171596021762
1323256515151745024
1507504725155012611
14723235
202622656
1390558489915842567
46078438
1288319695658135552
1451941051334283264
36529101
40586273
1467075696463917056
965431702838566912
1423472265946177542
1457765044612042756
1602056977164779521
775696688489099264
916734521374072832
2704681687
36152240
1360665534501695489
1216223744181460992
1592174249602580480
1344388000495632384
1212838525780946949
1599322070986416129
43661233
1322060763243122689
1593623025898881026
337611162
1179674640542769152
1572978787028967425
1590060828832718849
1451025651440439296
1431376295791824898
1305748706965311488
826261914
138920003
1590033816399228929
1584491882536701953
1577761560394665984
3938140035
1182066089041117184
1461754984769507337
846859247933632517
2369157648
1547227626791657472
1521870690630221824
1020045752393871360
1210889657904316418
1559273886012870659
995821385191636993
870284449274937345
1201935772158439425
1294663151129178117
4885613402
1483893386817986574
1419688307529818116
1564507847626555394
1575682700731568131
1078548240239230976
1341196030864453632
44634191
1570749041293791238
1503136307878502400
1346986271554486272
1158641239287324672
1422937774492200968
1557378141659795464
42786325
2355254546
1452406775660130314
113075977
1348605748666892290
1541478309623730180
1293038648762351618
1130021685351079938
1355225690027806720
1521322520464531458
1038519335327870978
1551725959534895104
1298654597259628545
1427330507054796800
1342174584594960384
1652311
2882847670
704391334128394240
1380691556722749445
1189707743000743941
1325554108359696386
1104518980067299333
1235333758448021505
19213332
1444922216244723714
742140900982304768
1511337976181182464
1343074678450102273
1443410536482279429
936238338356404224
844018233325707264
1412945612522283009
834402949853962240
750309994445303808
896466491587080194
1524407286910930944
38271276
368393575
837048318865862666
855947347947335680
2528491525
728409566338146304
2327592480
1292734098524471296
903228570536996865
1155845777039810560
374594501
253237492
1518790201128148994
932993859025547264
701774916920733696
1414226825434198018
35304791
955485791018352640
1465094099502088193
1209964794
1253724166978764805
23047519
431773266
36157507
1346461844496498688
2827076514
2172596028
1518707779334254592
548258435
1468662864353415170
1517417467529805826
1512682935547277319
37445714
706646642
16538546
5943622
420308365
1342642197422891011
503544573
44648896
1384579353217019906
1486872568489381888
130956302
99820512
48351615
19899980
1488799622357143555
1018582177381081095
846038308014755840
1238277918385733632
1428293763143815169
924787253360066560
1313536464022646786
1327266713054941184
1030443493104275462
1329693545221931008
1321203011142610945
1480542313566797825
1159960047918538752
29658469
1097235823559356421
784576257820352513
1318323148958281730
1480926325091323913
1366565625401909249
1316521894028378117
1030456117606920193
1231547726728441857
20253396
2967831
1248474590625456129
78964894
43257803
3177515983
3187410527
1435340411078430720
957651645302624256
211608220
1202081338712608769
1183140123497652224
752749220952625157
1262697537204555776
1276715545551831041
1102762082792103936
1446813263526772736
18929234
1032679998761492480
14795451
1016908862136332288
320370596
991741610718257152
1423621883333947393
822825713615175680
1257800440357564416
1070773676595920896
1452363629878288391
2570000082
1852899224
62329139
1320761028968353796
2343137207
1309073278871506945
1289659536232583168
1044033322802925569
2167653732
1227906596581388288
1381083480658898949
1008916382078025728
10904832
1411453275396845568
1273771418614992896
976891019810803717
1420799392093818888
1268032640042414080
1398481667350798338
189870199
24870433
1335579235956690944
1000503711330791424
124496369
138882249
21480702
849982797154590720
1079860190495703040
2274646646
2823797730
105369170
1177598072991506432
1311739895787016192
939647234991325184
1398960569684836354
152507831
1395611556935716867
86800628
1239302704230531072
1059871261092929537
983108315466162178
931681289614385158
2918039334
1272355013512310784
1383580834695827468
4914384040
1357717304931479552
57937608
1365086833969889283
1367134545745567746
1152659266861436928
1247223374717296647
854746255431315456
309970677
1332743085718200322
1645409810
1025410166483832833
1337151218880311298
719024310468280320
1331392369745408009
2383510675
1264199016088317953
1299007622968901637
1066392792715399171
1733467884
1234150264434823169
1240310688926613504
1211851854071484416
1251900966770794498
843233549520125954
1345531730116153344
1282418324228337665
590211920
987354691943137280
15392486
1218336944335347712
1338656378303508482
1249627237147709441
40079154
3079401397
1118290517748527104
3101588527
1269252865664704512
803420516438724608
18155174
1296010660573306880
1051000304001589249
1276956778782248961
4277523495
1275794967194152961
182524533
1210711945877344257
1312426546930515968
1310275768191193088
241072354
1063095078330220544
1098091506886471680
2626059063
1153042794375712770
3260357396
1200228946840735744
998873369666904064
3066800573
912064087676383233
394301933
1151261114384171008
1102987848741998592
3410843525
732612795078844416
300774820
802787680446808064
239885144
41902405
784738327425589248
965451112395415552
4249826728
176372472
1216501173764730881
971157641912229888
1191383915434520577
1147199102339485696
1273299433783013378
836219692763078656
1133399315836227584
1171839899890311173
67693241
2586724117
21614780
192547775
1068683987110019072
940124009798209536
1217559748557647872
912729106344579074
1270389025749323778
2452714426
1075211100398903296
43906698
708595485435625472
3239955086
1267257106652172289
1877198120
20722476
14335586
859409582426251269
799362330672984064
21222677
864606638594023424
1190856738003652608
1257792281614200834
725453362838179844
29491022
1201985743729524736
275276082
1193551087459942400
282747242
1469603575
1154866245885419520
129019194
487039635
2407544636
1146509923683131398
56497037
64643056
459483899
16689075
1006769795302346753
3218677655
1165485511328358400
110835004
785512864421322753
2704294333
1217213360846069760
2419511190
3376321847
1106698965947432960
839338162812043267
908548248368852992
1092437083409575936
873051724604334080
38172393
36442519
2030711
1231819534690062336
1122506204
832397935568642049
885208683352817664
739595634907488264
2985479932
243318995
1138844783609286656
19899606
1062427576407351296
972369958029029376
43378897
22703645
189305014
1183166375168217088
1145560535498285056
15628274
94336415
1160077787748872192
4171208174
1111246293706424326
1199570803425239040
226194552
846204140384587776
1085311252417708032
1075600295420260352
66643970
19563355
973576766651592704
1019625316187295746
2335005701
1259751343
3301401313
1171934210875121665
1364478211
817165073890377733
92680363
1186520778625425409
1126222498255781888
1195081760293478405
711776457463357440
997398619425857538
2739596257
1192023791611916288
1186704128896049154
1184570418511917057
838457598303223808
477864155
1186392399049908230
817880247777435648
1129532119192096768
2586123608
350887805
1151542729
716256825621004288
929330286609002501
2771235643
1010327180256030721
554511972
802480365386526720
895118556504797185
3095130883
705936824280043520
810342093637857281
1005263108032507905
827171894923186176
14144881
2363203740
856991644134068224
1145429843401695233
260347851
1112990088089071616
18572546
1615557272
873427520074461186
1162899685670965248
765241482974470144
726386299733696516
719191142437400579
902200087
3796452077
1006232241423429632
1157081403823140864
755913420394954752
95142015
1007121509020848129
929965004446511105
1090717414726254618
1145702015374438401
1152372215746199552
1151881667419791360
1094099644064264192
1040085744633700352
1379418918
172537702
521167914
134891802
1048856598666518528
178006397
5820642
114605310
962738290628710400
1095735806197710851
1022659973246005249
18664913
116745546
215154964
374331041
22211969
866005696428384256
820287683289317376
3400737969
909251516263014400
821758627333558272
971498870772584448
33665720
954021639687229440
1022089486849765376
559802746
1147200661819396097
943273399513575424
1662709308
305211380
833510865949200384
1112762346307489799
1097175756856188934
1054946877374951425
1116766980596543488
370753981
3081026023
51733619
837555557804339202
18706305
2588329891
2432310906
1031747223569227776
149760844
1681324362
1032468021485293568
21626308
2772436602
19164958
806205345462964224
1078366339507531776
1074756099973234697
1083490052754337792
717043467478810625
755141447234519040
1087587477412552704
1066187390178525185
1065040113372139521
4012983256
897532408144175105
39847651
735518199236722689
634122248
4736829527
457018146
1029990944211382272
4073109312
989040753992183808
820027394148941826
3123663233
762649146
569229676
198179597
872571580727087104
825445747
15652750
1093352520
766117300525232128
1008598678523842560
921035226469535745
1072559917901455360
741068948905578500
3761046317
1074053859792830464
708827623154028545
861389753563959296
1005007371159068673
1014624624
846856945919242240
106642098
810173876466515968
1000325836208263168
792436389988012032
161685142
773699453790355457
946562222607695872
874101252
16076032
1018778915895152640
805223648499859457
33127572
3932768472
795867123545440256
426123063
915647230681534464
879493993989640192
1026142277033492480
844617785636536330
4848952816
2444425802
1058157995652272130
18529312
1356030014
804194142393802752
1015295486612291585
835676407665602560
741578371
246039557
476199422
818905354205622276
3536963279
1023237049044873216
1009588379640528897
14458643
1350030492
809634353391271936
887542732255657985
560864344
1546467223
95480831
1612873532
16932962
701651067512160256
47611401
887270980242087936
868152995640463361
1604444052
2576238121
883433773894737920
824100475473723392
792906569310670848
1010161668742098945
795832924537032704
25083002
2850963928
1198992138
823446593240231936
1028139875655135232
606403456
2763048042
4196983835
636896104
730693248147030016
1011713370326618112
718600146619990017
819670088676704257
858297851230773248
2875479268
1000868999100497920
967817432
891040315079102465
922185407571390465
767960339547774976
2562414642
961411446654431232
88957737
4627236323
968502067257061376
599817378
735024071843426304
976853859703427078
1384996994
2574636038
27121313
948303184019193863
2828212668
346176939
1276652162
2937701728
2938794194
233338979
952364011
46613919
454232867
871650706381561856
2162803243
721096238020628481
748505470810230784
3208495775
791249544801554432
18279320
2991847975
499230066
799369395080495104
287871693
548136534
19419370
54716387
898549314284400641
2538196992
847804409044099074
767562015309045760
883382055421300736
2716396488
2710992145
901916131
119958446
3018742509
4497880153
3418210767
1494648920
2740108585
715979593090359296
129434729
780468465211625472
810895268971479040
3101985905
3512242402
893162743066394624
75561107
866981923091906560
2234711
825823841431732224
3669988757
218946709
2259809232
21613794
1474717591
2167525794
850731700174729216
4330569813
776272687
312696314
3273338030
414330772
2705002822
2872639048
1226167963
4835333710
711535251835629568
611986351
455264233
711273343396278272
711244331957542912
52352820
2231109295
2984243591
2349347329
74760182
53979469
27522964
402181258
745273
2463171746
2472399354
706959926879334400
8799142
3609762852
18856867
16589206
431917957
83748727
358545917
