1506086460
1707848440816754688
1361767691909005315
1674135545952325640
922233583019859968
1049546187790016512
1697346225626927104
1098425078608482304
1501364396903309312
924478805015531520
1482560732973735937
1078460701176463361
983108315466162178
18028981
130956302
1529947182010232832
767960339547774976
1653876971791679500
1613244867815084034
1218687933391298560
1423472265946177542
1646599345540681741
1322060763243122689
1479823740955504650
1372186389719171073
1615801781891567620
1526256454184972289
3093242123
894728198382080000
23533665
1527074139256803328
1139610479607894016
22703645
1647331070998638594
928930602
1229772625821478915
1479560491223633925
1544408838308171776
1467698301189476358
277536867
1509913938296639491
1261209916624318464
719745008304263168
1201985743729524736
1180576737383583744
1521870690630221824
1161261376846946305
1567305841371500544
1610721837737967628
1427310229994164225
1346962885294096390
1529960610632458243
1538705932799987712
1575682700731568131
1280852842862034950
23129429
436463305
1589419042338922497
1615703774286254080
1276956778782248961
1318748914242158592
374594501
1326015627727933440
1304537279332069376
1511183198427906050
1586061161774157826
998218376848658432
1587102104363188227
1464651464769474563
1387366965703061506
3308947525
183739654
1261270683285204994
2209980606
1597438040720506883
1547650133218643969
1264199016088317953
1889103997
1365766610883997698
1116345515761909760
25073877
1593409539952373761
52352820
2349347329
39344374
1108472017144201216
1442238195387678721
1465551815781412864
1591834567207522305
873427520074461186
1329891389430243330
18856867
968204866760970240
599817378
1582737967654866945
213058411
730329614443270144
856162158845059073
1454107719040909316
2886592462
26397587
44196397
1468662864353415170
1585080476275982337
887434912529338375
1342174584594960384
1434720042193760256
1004070871097593861
2231109295
1189990938237648897
19738104
1525138519857016833
1394831789277986820
25083002
1083884006624522240
2788451569
1392919510550663171
1561849145576636416
1101155156295598083
1003645782803861504
42786325
1221441944267653120
1180648114916487168
1273639475340554240
1375496667928133633
1382376686960963584
1452056858211016714
576808928
1273409925520244739
725538183568592896
910612885407113216
1517655068232802306
1276715545551831041
1334951133148815360
370513594
2907774137
1289725608558198790
3729917117
4249989674
2817823529
1328088074262179840
1398898007102222338
828621756776607744
1387757869932728324
37819699
1467563230084087810
1475584248404971533
1278699100159070209
1266326143097061377
1317793444086059008
1054925184325435392
724552064
3060230487
1025274127383494656
21614780
1077001305879502848
480702968
1268749167427543040
2258332112
1109891841552347136
1021866805420281857
1122904904975179777
3932768472
27012070
1141067933495336960
703699161183555585
3295694106
87133189
66761201
1009588379640528897
2373401372
991741610718257152
1343935155354947584
815273012
1116766980596543488
1427406288984571904
1298299807497297922
1368766975455924225
39844876
1142620696054386689
1328038279791435776
1420799392093818888
1269740568852279297
1075211100398903296
1372676160610525185
1306741300138475520
3239955086
1245706416809263104
1126222498255781888
3066800573
1146509923683131398
27522964
1239639651859783683
965451112395415552
2918039334
1392266663396007944
1428944978
1016908862136332288
752110277232066560
1226167963
117655609
1076027323206516736
1176624876054036481
1008916382078025728
1182483834614484997
15976697
22008787
1145702015374438401
3410843525
1316189605297901571
1196873493629026305
1144346832669171713
2344358742
1013925684555599872
1290782798186414081
26649679
1317301474595045376
3609762852
5800652
1333906855538663427
976853859703427078
2841773610
886358633646350340
1213248329921875968
92844900
265481588
1630603508
719024310468280320
1282023174469750784
605974171
999274189688274947
1259751343
3081026023
1112003189895806976
1151867562449391616
14458643
836779281049014272
970389424457515009
854746255431315456
1269450810330615810
1742804707
2794848564
1050875642739351552
1357365335733776386
1233588255049863168
3674014602
3165867999
274308336
953983428696924160
871017006
499230066
1025410166483832833
805813819956166656
15392486
797413056
110835004
3267456386
3958327401
844251061535817728
715979593090359296
912729106344579074
844434316943904768
3018742509
1179900335071981568
1142064494157451267
548258435
2204609910
968550061868240897
232731795
1268032640042414080
1031747223569227776
209693451
19254722
90657826
3262160865
775696688489099264
119559815
1129171903678222336
16146117
