1698095546211143682
1593729648399388673
1708516573135159296
1706997125609881600
1067649422815842304
1699435775270465536
1705303277879910401
1102987848741998592
1604672586117394433
1441643028746158085
1706349894816980992
1707768757534257152
1688940423979409408
1700076251484946432
1706902622031212544
1696527928631414784
1667135211065278465
1663630885772754944
1050343857685172224
1703895344445022208
1705597523694395392
1704135065612206080
1687083408017571840
1704306715477565440
1684339536405450752
1682910119430959105
1134927780062347265
1662272695352934409
738911954413162496
1600075964653912064
1702141719406645248
1147200661819396097
1698378359506632704
1687835519084806144
1588602245033123842
965451112395415552
1700291010457473024
1434058586171207683
1685827340947845121
1662463391661686785
1651004572314533888
1694408335343448064
1697673779932024832
1650903253377499136
1585882952013123585
1316468026716364806
1559213391364984832
1697088636628373504
1696467525851291648
1649517328436981761
1684377031931203585
1667353809629351936
1687822525055574016
1675378570351480832
1695526472901898242
1365052425271463936
1669641672899313664
1679190556113797120
116853271
1640022821945454592
1451082422381129729
1431693886116741121
1692272590172102659
1691607083618103296
1672983216721117187
1534292717882179585
1680775459536269312
329941260
1599447821953933312
1685344438573584384
1523004798064283648
1671700255505629184
1630965552075137024
1684061597218533376
1663538613143969793
1671493745760432133
1686051257885011968
2267896368
78456263
1679134399269412864
1663717979408977920
1515915916227198977
1684732703403294720
1670839212227149827
1055220360398942208
1414022198797520900
1450612454002597893
1646186014300569600
932993859025547264
251052944
1649049413061603328
1650053098390315008
776384191739072512
1638101548122136577
1589703081738092546
1358936582779138049
1643024046899052544
1196241374070353920
1674683690683858944
1679178677647732736
1551362893253320704
1677115529226534914
1480007065909096448
1475108118879248398
1578345572129558528
1662839146845556737
631781675
1663345190893912064
1589452358207029248
1623778868451500032
1588024950996094976
1654977179241832449
1509393975538507780
1626940488237342723
1597152522594033667
1641210699820171264
800603131
1666112180255698951
1628099665655922689
1607903747077701635
989991181
1670936242442358786
1599595922501017600
1669845237705977856
803420516438724608
1483590265000583176
1666790093506347016
1587646585860677632
318672016
1665222829988519936
1555689494791307265
1522706316376092675
1652351142108581888
995821385191636993
1654690369148272646
1594148005522849794
1107732377256648704
948303184019193863
1661395380670537729
1581501839022997504
1535281767183163394
1519577257660059648
1639057905583357955
1589691965674852353
1657166166693928961
1441519024655925251
1631093012464844800
1489140355442245637
1588700550555521024
1641962527515869184
1655061962781335553
1502901200269762561
1599851712197627913
1648676329288548352
1656099722468159488
1591227806142308354
1594112366152671240
1464072850088898560
1607913539913621506
3308983670
1653698560041570306
3022845167
1430262453426868234
1651085790657540097
1269380361450074115
1647967669847564293
1589471069794177024
1640871705781600256
1587612300319637505
1393787484589281286
1205297065774989312
1643340483047948288
1641639267997736962
1592174249602580480
1508533587473272836
1646186139668160513
1495443738960744451
1640917425917919233
1597780375102803968
2828752021
1207686658587537408
846859247933632517
413312369
1620832674452766720
407130636
1601401737197195265
1538705932799987712
1639350645282013184
1640177858294185984
1614034599327240194
1462549851829383177
1346147761129992192
1603123036684779530
889953622624272385
1639001777944121362
1308852474271461384
834788212900057088
1477602803489062913
1301306733344759810
1359923836356018176
1271166573760389120
1273024354574569472
1361787091789643776
1358772893468012544
1533681243044335616
1611859634851135492
1625943950182781041
1452859222404653059
1608452694506610712
2535347251
1361333653733847047
1631028409747791873
1590128048359235584
3049460688
1442560302650777605
947166162072334336
1062329423196651520
2782991882
1625123223661674498
1594887437624512513
1566796506165923843
1595272344389537792
1613238962818015236
1605964669352566784
1547601063510888453
1526564332083064835
1602050416908595200
1619704460560719872
24431333
1619958076219576321
1530749455485509632
1589617253485404160
21626308
1335889539903139840
1624854712951492615
1621448529817239553
1595081008964988928
601646361
601572553
1626830146467467264
1612187112421433344
1575690840936443905
1445292678867038208
1619774927132835842
1624390290500128770
543190544
1619498900393443329
1618663001267265536
1546754676288376834
1556824282231177218
506312866
1392009019141754880
1308757290577616896
1361463377235742722
57154896
1612175544145027072
957114895060885504
1618383311650299904
1590572909810032640
1615703774286254080
1594591397335764994
844766941
1597915219317198849
1591614549609787392
1605003381931753474
836219692763078656
1598477771889598467
1276652162
929065103449784320
1490704944827039746
1439221439090003970
1591314108778848258
1519662443739459584
1586249362396553216
1015295486612291585
1031726898
1568938182749593600
1602273671812374532
2586089180
3307282308
1589375522496253953
1522629366718492672
1591054313161383941
1233637371830079490
1412724952671739908
1415399109524168712
1364871942524829697
1286818076
161754235
924478805015531520
1596955979610001416
1362848187694907392
1540447587744071680
1609441165350432771
1365086833969889283
1445732057313841157
1453267793797857289
1316189605297901571
1375973772570853381
75561107
734769023049682944
1528241427297325056
898922311553822720
1559967551773343745
1432184995922202630
1557156959555559424
1161320496559984640
1548524381978169344
1460150176874516485
1507504594187952131
1421974805905960961
1591632820610666496
851124085019082752
1519133256184180738
895699671313555458
1425951202215448577
1540125095942930432
4760154015
1461754984769507337
612254343
1609616363424735233
1548443285999366144
1238511837722882048
1570507882247888896
1475847998928310276
1481328545175687170
1601635018517848064
1599322070986416129
1498955619201605633
1481748052125888513
1221441944267653120
1362449216035987460
955485791018352640
1528575538910138368
1454805741974523909
1599221475201908736
1598969662376665090
1030725698460246018
1481582232863227909
720085546983235584
1585890738872750082
1602817429406683136
1276956778782248961
1523658772287262727
1586750869483167744
186395658
1608816942667759616
1608872035471466497
1460467516246052865
1200060765203509251
1571766171275247616
3418210767
1592127990724542465
1482721834860695554
1461055693688029185
1513312925443837960
1589421189243338752
1127937954637389824
1590108189504294915
1596875354584514561
1603157759691743238
825442822996295680
44196397
