1708452088999747584
1635717476112531480
1707768757534257152
1663574554743128067
1151693791100694529
1655618244760182784
1648108704569384965
1575621052226764801
1321856468086382593
1706486429948289024
1332844822504226817
1706329938691784704
1698807158287048704
1704306715477565440
1633604566850715650
1367253795005206532
261718546
1701975500392935424
1654158544789274625
804506292492664833
1683652004487262209
1242142787904114704
1653444296245383169
2432310906
1679499624401321985
4586937621
15401398
1692258109517975554
1696016852105711616
2874102076
1466934157569843206
1633920117015732228
1644885515114536965
1686462673326579712
1254142319646867456
1656904272632598528
350822109
1427695658744442882
1696314082885033984
1695172479629807616
1694499889240047618
1641248391488258049
426059968
1366998836363857922
1686402602462830592
1692008589634961408
1028376320076591105
1604013160763387904
2987357114
1689091823015436290
1592580966035357696
1685074721467949056
1691046480306434048
1678915119374557184
1684938310945218562
1682145502299652099
1688575585868505088
1524226014271913984
1688331601216753664
1267290680252076032
1687822525055574016
398516455
1591795067009863680
1333398233687621632
273542042
1648364000768409603
1678063437400662017
1383580834695827468
169686021
1586157699997237248
1674174819728781317
1482224907702632449
282695161
1667914131968520192
1650611905520697344
1399449164782706693
1680609901234515968
1462921559241232385
1511107158137520129
1670915963359752192
1573074338542133250
1529869241691869189
258217890
1678940381331832833
1480164823199584256
1521309472513306624
383903024
1678216899115581440
1451941051334283264
1179954891525165056
1545099891587928064
1674953071795765249
1671667744599580672
4160517853
1146509923683131398
1518815025233768448
1511496958980014089
1608814672181878787
14498484
1567850395690573827
1641556210309636096
1325978325064572928
1587151191712071681
881920920885112832
1366831736215191555
1423407608627617913
971921107992350720
1109891841552347136
1671589202176380929
1599865667192512512
1663925510290776064
2468400486
1669713486362935296
1669845237705977856
1028540906037764096
1479604215962124294
1597623765940281345
592730371
1281998654723612677
1666786341294620673
1218687933391298560
204881628
2966848055
1662136302848950279
1527657610597519360
1393240605828993028
1655353145202188288
1460714714128740352
1299787733548834822
1597680539959427072
434458299
1374968033265864706
1460838318556413953
1294461531887894529
809455279825821696
1532726913361276934
1651390537579020290
1596618068767264771
19222164
1330328817349648386
1658244102096318464
1657423853474263041
1657472608969924609
1250465227809972224
1657079695131697162
1656848583252148224
1480926325091323913
1625493998
232780049
1475847998928310276
1138042092603621376
1528089558155415553
365441204
1544424537898582019
1517342594652688384
1520202720086564866
1646489301352603648
1342174584594960384
1382204135366393856
1412582528381337605
1647906032398774272
1539350988099837954
1442524786521870337
1521929377747206144
983108315466162178
1518683932429979648
1432026116420775940
84816752
1552795969959636992
1103058788494598146
1595987533053165570
1481773144427966465
1645072832928550920
4241210177
1469414148467527684
788794717806919682
1628818357368631296
1278099265387200513
1582737967654866945
274567177
1533325978151399425
240760644
2261798839
1054669807537156096
1120919064803708928
1227799690579718144
619494463
1575937359824158721
1619852272988557312
1414833422321819648
1456729420702617601
29658469
1640775978757820416
1639355757517758481
40603087
1585867578488020994
1145217215609942016
1629234523685769218
1369468551032008705
1636851199738609664
2274646646
1487135022796591105
1329307685037240321
1328555847002193921
1569515124318420995
3262160865
970884857126506496
1559762417319567361
1331806702040199169
1287788064450936834
1342905710997286912
1442193740529999872
1605405291142586368
1538034276691746817
1449158998847016960
458464133
1387219918597328897
1347704593438879745
1200802106652758016
1419698241902366724
1077820076
1500160140854673409
846949171680739328
1367134545745567746
973471717937967104
1251642753584422912
1531353696105291777
1627949800644829184
1538705932799987712
1325554108359696386
1265214819768008705
1609353101319802880
175260985
312848382
1626037217737973761
4865550959
1461055693688029185
1451025651440439296
4459180576
1378392606476886016
999488642153435137
1368834801889779712
1376251797640187909
1524412669897457664
1495472426033033222
1478115811197919238
182563991
1069422303816138752
1621279702693433345
1098330755346894856
1214345382584635397
1415317224529793028
1542228578
3273239040
1027351783071346688
1468662864353415170
20800915
1108472017144201216
16063639
117338050
1468054692945358848
1618383311650299904
1553951258297348096
1102987848741998592
1410190871216132100
1543127784557387776
992191188881960960
836861785
1602050416908595200
1600703165975777280
966320459578036224
937799990902251520
1598809236355497984
1378541651526889472
1615942416531333121
3461168303
1378657046564798467
1411137220854038530
1522523864869355520
1214762081272111104
428694491
1367000800124309506
1466751005035405314
1614991574965919744
1370904134
1217398872445739009
1597363536161816577
2372231498
165039823
1615157029034754052
1553571955801989122
622310854
1614849968266788866
1082197856
1167453570884673537
1272030510831845376
1613637884875087876
1475231323480543232
1486577592169758720
916734521374072832
1586932279988953089
1457558434044203013
1377243624669339652
1126941492965253120
1478287046623961090
1549797358849761280
395689514
1407569981555023878
948688862
1587524967188439040
1603181051035140097
59001488
1511107848998203395
313038011
1586967899587108865
1416526569552498691
1501364396903309312
1328563136778027010
1411821879388737538
1269445266316247040
571180553
1265053791050743814
1589658549495513093
1458066281043689473
1407593908771725312
713377689743335424
1393287208426082306
1589386821204512769
1345536897838436353
23129429
1610797434396893184
1607617591274770434
1385461673641664519
1204879528650330112
1610626496820805634
374594501
110835004
209693451
1179396972324802561
1742804707
1599430855675486209
979761997997801472
1549926330841518080
1477311278804881410
499154896
1599859010572017665
1597438040720506883
864354979724709893
1586800366036959232
1575180862735392769
1483163163633856512
1248205883852685313
1489987177031376905
725538183568592896
1215077597798916102
21480702
988807767031885824
1585805083224186881
1608581595010662402
912729106344579074
1268749167427543040
1497001466376118276
1485285771141541892
1603958097478721536
924478805015531520
229698910
1228286940488880137
2876378805
1468128292029014021
1580428011647762433
765909323545513984
1503354507207778306
1251900966770794498
1669312890
3729917117
733450396807667713
931346315677593600
762021248574435328
1489353200587190282
1601800128440209408
232731795
1481414293300076544
1226167963
1525138519857016833
1212806053907185664
1043939776791867392
3063933906
1585034686627192832
3932768472
1568148595861250055
1557378141659795464
877374924234653697
1428293763143815169
927531930601521152
1508627477224112129
1025410166483832833
1366593297708429318
716674418907422720
953983428696924160
43906698
1483893386817986574
1576012578622296065
1598157158805569538
1603157759691743238
1556988057408180224
1605823245407715328
1403436686802100224
1594152764992634883
1597614608402984960
1606332798100721665
537709549
1468130720573009923
893348197040566272
744273252378382336
594886554
1442238195387678721
1590256216726388736
1606162104989483009
1540013847347662848
796151032208392192
91583544
2359971372
1591481365081505792
1084107871175012353
1425625145171845124
1594572831295434752
1429561200858345472
1496237302548508679
1369381753090174977
1138897598041878528
911157448592855042
1161261376846946305
1145702015374438401
947984296224096257
1601062664775819265
999274189688274947
903228570536996865
1357365335733776386
1595154079218556930
479970709
759789568392658944
1569798597159559169
1377635992732045317
1598393201404035077
1562564466566643712
1471664814548299782
970389424457515009
1292555805833728006
1585867440784904194
830060117437534208
1516518935172067328
1503404347144744972
1556895808917848064
1365086833969889283
843965625177399296
1469025204915429380
1437800672146165763
3386619826
1540108905241612288
1468060570750373891
1093952872398630912
1366130381045530626
1478621693715173381
1334918947918012418
44196397
1511743429667131396
445769251
1580324453594329089
1234687572292456449
996704669844963328
1592387830944145408
27590163
1040038881025040384
1189990938237648897
1171963197601046529
931604959195475968
1599206804092854273
1481443120738885637
113137765
108465379
1595904217813843969
1594466896199708672
895485884098916352
1395771126488309762
1589735211050450944
1268032640042414080
1732267560
1464322912979144712
1282263457610506240
1395563728624660481
1395040186447405058
1304164799278845952
1322060763243122689
1587517733025058822
1511640528
1367284695172546563
1383105390573850624
1529189997261139968
1384573738264383491
1587302381150257153
1528987322280206336
1587183203030388740
1452757650345693184
1230169863538257921
1533303219874578434
1296958443287437313
1586856061805465600
1304208025058783232
110075467
1476597126880808969
913249097578090496
1593409539952373761
1524986014682566657
1419985713341374465
1294372749062832129
922267018526707712
909882725544407041
1483100422856486920
4828051710
1435340411078430720
1522345072980893697
1507971293051863042
1589639888298979334
1567489979147763718
1367584818586939394
1384975323255746565
1561389624584417281
1584491882536701953
1589771008075911169
1373521707202310148
2918039334
1177213504627105794
1361831101589774336
1353040053602316289
1320401686398144512
1015295486612291585
1350577991395393537
1070715394539827200
1314006285684281345
1354946698024529922
2236648082
1031747223569227776
1336462694912839684
896143758097498112
1340469676225286144
776384191739072512
866005696428384256
1328797819059093504
767960339547774976
591882585
1336254698102415361
1344390803905339394
867639769794101248
805502502028398593
1084551805944676354
1112003189895806976
1329231299521900545
1069720356552916996
1340611359952805888
919794257061404672
805813819956166656
1295228628695883777
1217559748557647872
1334887852140879875
310043213
714614269032198144
1331272016809308163
1089308757035794432
1330001274629201922
618669291
1250322626
1270389025749323778
43199322
1069621610
2793426281
1317562023123865603
717381804236386305
1313146551515004928
1312197988014592000
4627081402
32503010
1304537279332069376
1303439630361128961
1299486140081287169
1106890204294627328
1283108020839481344
871017006
1153042794375712770
2190657470
25073877
873427520074461186
1288234585638293504
1380012342
1287092687024291840
854746255431315456
3239955086
1281068562002690054
1285965459142184960
203779352
1201574526347366405
1267257106652172289
309249049
18983688
1267353104284110849
1216877059349405696
1278143344586166272
802290153314283524
984104858256134145
1276867388177342464
4639413136
1275232337844826112
1266954979648176128
1270531866634878977
774614125095817217
1177233291138781184
1090539455256104962
1727668796
1263688525859434496
1649363450
1243239286129950720
1090057021439635456
2319251126
3827082195
395570406
783099008227041281
372659543
1255981405416243201
1138467559366418432
1240154756930244609
1188893517097164800
1232178094527651840
931306379645767685
1249193324461916161
1141132924604960768
1101693420
1245736441369501697
1229337264272134144
2936689081
1212757194984181760
1158489060286971904
871819342685646848
390432281
1217259688582139904
2211763893
1176624876054036481
1038842491343187969
52885515
1235866298254426112
2201409482
1174517985396043777
1235339896925102080
1234125015857160192
866771086012231680
15976697
1233187046891687936
1211821040638103552
1232786112751579136
1202756880004780033
905802849942196228
1228714449340637185
1228385676758048768
1188162952299450368
1099343905634553856
137878848
1216569268453756928
548258435
1410662366
775696688489099264
719745008304263168
1046650817019662336
1161597044
3958327401
1218336944335347712
18643437
1083026477157883904
321121989
2258572422
15818705
1099127536892690433
878330492
1283710490
245526752
749607928768917505
1040367607336128513
120559031
130678585
1211866035088838656
1146496642700308481
1006314452843728896
1137684447686529024
1013925684555599872
832886564
759889234295525376
1086337982964092930
1048444643778744320
3410843525
1157788002564923392
4859689444
2763048042
599817378
954283519580221440
703699161183555585
1203129289450893313
560294989
3536963279
4790055615
467659996
742530593808748544
739013222569807872
1030583656706965504
281851419
1196873493629026305
896777655156133888
785626002474930176
222582311
1190124295676203008
965456314523512832
1071431363503505408
605974171
795342400239652864
1136150643070996480
1001126462760542210
305211380
1191086322771005442
1203129508821258240
737862347616858114
1189977863027642368
1050875642739351552
932349813009666048
811710700334813184
847946368073297920
1202455716050505729
2440796573
1202062848207273985
859437868804173824
1023260407274852353
3267456386
2914166602
92844900
1190280947054370817
967233900354433026
9287122
1079447562988519424
919462469956972544
1547461016
921518957261189120
721096238020628481
3018742509
92680363
521167914
1009588379640528897
1190856738003652608
997975957985202176
