959538955803942913
154350597
4121071047
1217224105835073543
1633586531951689733
1691111378126254080
1300124628183126016
1704135065612206080
1655781325394313216
1648689054769111040
1682146898755440640
1692638198004903936
799392706883633152
2492876569
1851981398
1688200875603316736
1691890422992510976
64921376
1453426877385826308
1652433010166251520
1688961398993301504
1661282697132556290
1654795802533933057
1429488059284865024
1645863068034035718
880153016065826820
305359739
1606266616324530177
1674512806073319426
747923910
1685175475058909185
1610428764139184128
1267886076632469506
884791418845360135
1670839212227149827
1645332699077550080
1314363825605541889
3097242767
1677308728272465921
1681386772435984384
1680189133199687680
1665658139297959939
1269761200436449280
1583452400110665728
1675133659551088640
1614380388171845632
1674713224980189184
1673686482714783745
47094621
1663427366750932992
618633729
1209431105067241477
4888484500
1516484374673473539
1610946472970956801
1549835667819171841
1490487202974949378
1669417582447738891
148506801
1668140061370765312
1571528396701581314
1589591757154656264
1133071616714432517
1666178312354267138
1644462490464444416
1393853545099694080
1172331172350742530
722163102305935360
1667029045349842944
1667428913579008001
1667150479330283520
112684779
2886307114
1488042051967107076
1159540664109023233
941487270
906193647640694785
1478434407316918273
41496897
1587186622990278656
1631768536275202048
1490554222860984321
1652000032525103127
1469910983359483919
1642020848457637894
789088733672931329
818389002000666624
1469792078758559753
95287789
1601977194451976192
920270816285216768
53895022
1010073538022305792
1518883624933900288
1595194787321241605
1259726904
1015689245049180162
1587823722915831813
1617171406046871552
1528575538910138368
1560350230427701249
1303367275781726209
1590647064333008896
886286144886984704
1170104161033162752
1567225564020330496
1535893285541011461
1593271340773117953
1478177959840206848
1206522749553917953
872423437
1151084197345447936
1586149207660019714
1274321138676572160
2155437262
1180757123522846720
1453037999927799813
1380545754607931395
966681366
1567692239958327298
496192321
1571572311442038785
799772852287324160
1405215682229325826
1323390255832145922
1637370990651924480
1591859494044274693
829138597
1407004701682454529
1638831566309695490
3419114890
1403105015993188363
1415040427879714817
1492951013736828941
3842459715
1519042109269061633
1536324869809393672
1635286256010825729
1452303406673141764
1446598857241026565
1073167206287110144
1519362385810702340
1625141523087077378
1639016496079724551
1545376971634495488
1464265345976479749
1449766784
1124059276685840384
1638174707777425413
1616584422026797056
1625935641283293184
1629835232420544513
1580166286503743489
1476870688887783429
3289303695
1596282282448486403
1593078718922113024
1637021203196985345
1143559212
28314964
1633580604926115843
1583100823348936704
1416212479865196545
858305261022437376
1270280812391530496
1563961598896705537
1179979666200899585
26965543
1634517679212986368
1634963279238840322
1519697626807123968
1613692997564268545
953108617313574913
1588082179015319554
218014865
756835113229545474
1634676782740942848
408066215
386776508
3801411075
1633657813682495494
1601009335320076290
855898933968678913
1595545945499901970
1448368776383275013
1349700969366511621
1326090016578277379
1626728594264281088
986259020959879168
1508645133390168065
1466470039784235016
756114990193606656
1627468918745866241
1558285505808470016
2334001284
1410715953550217222
1585971518370205696
1491450447873429507
1566498747256905729
1620664940196667392
1547818506925719553
1145702015374438401
1551362893253320704
1566800196998086657
1598488853169348608
1552211794516664320
1579925733354397697
1346835910374129664
1571347805486338048
1468237583805296651
1474057156743864333
1496418146
1628089204835028992
1427253460009881613
1312851175599996929
1585797095155433472
271633048
1586420415571836931
1626830146467467264
964428688812072960
108095116
1619335626049871874
207175934
1612104963336900610
967515905298112512
1167886623884881920
1620727798619930624
1625479710481481730
1511585586318135302
1235523732241879042
818238459504709632
1585771214768947202
949097437322534917
1614755884420239365
898083770087206912
1208684439338987520
1533489199214735366
1346147761129992192
1107569015030013952
1585687197575184385
1622638032489705473
905500797244506112
1062329423196651520
1353053161817329665
1028046039109066752
1609116266052161538
1175553967847292934
891266188466163712
18732686
1007324837445021697
1279476625919414280
1577688502422102017
1592262480704806912
1119277255593791489
350887805
1422231878136995840
1520078173454614533
1594316645316661249
1619762442820517888
1523072537093152769
1210555065699852289
1608449243739746304
989164711936749568
870547985221988352
1620478026235645952
1608777110058942471
3081649792
1593171104134303744
1619612662521905153
1616802759063531525
1568700656503881728
1595661746668290054
1457376725084643328
1608426931317350401
1614029106999435273
1416384128
431785296
1494699667132715019
1592530527277518848
1473187699871866886
1619828276997885952
1590324080225488896
1616877332773625858
1109052984049188864
1094978708371374085
1619650844709847040
734703626099232768
1508533587473272836
1595182217407467522
3287911091
1586035296017256455
1457270460031410182
1347134977
1607834464712855553
833510865949200384
274567177
1617198991539683331
1353798863791005696
1616470766308020224
1586104776139350017
1463418179938504710
1244320311954345989
890166676947337216
1553788590739673089
1614953065768968192
1555668221621145600
1582636535228370946
1390498586509578242
1591142530510458880
3928006645
1592612662550085637
1029002418
1573699792991096832
1535108163766259718
1058290562
1503809195187093507
1529470180149014529
1230698347129794561
1540712364814876677
1311589670053187585
65946615
1364871942524829697
873580168467578882
1131230661971513344
1511440410375241738
1612149052782657537
1245437723500056578
1544432516492398592
1573051689103511557
727593816455262208
1567080478649221120
1594475784160555008
1421554656161976323
1478692473643884546
1602273671812374532
122479748
1600129935452274690
1365092947230937092
1524420990255706113
2741072065
1587095081508642818
158324705
1599100118925549573
1596230535369695233
1594362515554697216
1504916712558374913
1541418497670094848
1205967691825238016
901633990163144704
1368195175529521156
1069340703405350912
3258970313
1605609587054370821
1609217649006755843
1609194130965422086
1547012224354381829
1582693136165388289
1608397845706555392
509103921
44152712
1607963673695330306
1607785479667159042
1577801393808752640
1576990647730540574
1302154180744736768
1587003741932232704
1596939507747766275
1520180784803504128
1571609079532904448
1509926771369648177
1590673957635690497
1581762005647740929
1519741887061671945
1019950109465903104
1583360983711551488
874221618700185601
1488844595672797193
2292389298
1597630410497921025
780186826233577473
869273210520555520
1598969662376665090
1597659929598361600
1125245053608374275
1347525648177377282
1581001030443188224
826528133650190337
3537209243
1083560424912683008
1594067202340274176
1292041566249537537
106762289
1322144239195664384
233997774
1138056774483894273
3187365803
1560570667103166466
3079332256
1593299583312039936
1551158517171625984
3418210767
1600090029266636800
1055877718401794049
170310755
1595489548875841541
55962977
1591993016713203714
1603444923910524934
1545037793738383360
36699408
1590161793862737921
1542435094782164994
1467277554889506818
533327774
1410318881500110853
1485298518222946308
973568246262661125
1281227213149556742
1586786261364154368
1162494449735426048
1271776358201466880
1598426843853496354
1369920783779303426
1598359737996828678
1597987963379617793
1573830828295163905
1158812631127547905
1410642940423196673
1512491703084720141
1100789720592932865
1175417767371137024
2659668279
1519785555017543681
22055396
1355905419462508544
1198589607866249216
1588315829816492032
1110872351216947202
1519005090383859712
1369715967543152640
733678863591559168
1585931455636676609
1586094966111076352
1329454116855296006
1590133632836030464
1490409021026844672
1589362717055410176
1587145752811298816
1581561370511826946
406601652
1587194959668678657
1519218000628441088
1585872838279499776
828968198900957184
1505225353626898433
1445826235095863307
1527629776328003584
1570870279806517251
1567957724276695046
186567121
206828307
920035475037048838
1246410787977146368
743574020428341248
1570434407135154182
2501960385
1439599834311405575
1526741521139130369
1486416236636483588
1384933637985079299
1444977667342753796
1960224522
4439941936
1322738784082022400
1518989317791793155
1564646059317641217
1564280466638872581
1533225969883963393
1519443958849740800
1563930607473901573
1557454923108859904
1468348632671961098
1421483851256373256
1297621473771900931
1037438720847355914
789182627760648192
838043723791482881
1396986178604306432
1548619915686543362
200474293
1481347846435704833
1553271322058190848
1529134505205936133
952958803586273282
1553304478215979010
1433547317290827777
1205969900843520001
1134410125328838656
1522684219880878080
1471922488099721222
1545052782817775617
2584497349
1514125742208126977
1519202026391023616
768859105570201601
1546502669723963398
1206234577011916803
1284905393571979265
44114927
78713306
460071555
1394666612721135616
1518930206253363200
756429350371725312
1160537265770156033
2853113635
788353052017356800
1136203371080298498
1463949967622643723
1133677871233470465
327823484
1154376378801885184
48324457
1551204260318257152
1400166730249474052
1527521853975183360
1490024255127445506
1376595286924099591
1296936921785159683
544644168
1528453180471795712
1219572070209724417
71880277
1386642474
1343150345959170048
355752178
83879008
3326770761
3341660961
2372888671
1081637403444551680
1510709608117116940
1467669102189858816
765885876
1071875283509231616
4866409553
53739323
1523814875599970305
906959181873369088
1518991276129103877
1388216095979540481
1268571648199966720
709299200
1484984363242725377
1518672136050782212
58861344
946671587872395264
1350528051441000448
1288099265953366017
1215672160469078016
1123425652336676864
965545631589851136
1461142993012994049
1511773532849688588
2303114864
1353103221099794434
1398705086692474883
1063058052901953536
1126270024224858112
538078599
1186441026103336962
1171727394744483840
1270416043572375557
1469445232374784004
3344564308
1505135954931044355
1068954250951168000
1492197405852372995
3218868310
1398576491424780289
1414942603318005773
