955218702466629633
1573074338542133250
1646353998054604800
1521309472513306624
94336415
1423632584400068611
807355480188141568
1616877332773625858
1279898928041865220
1438228289848479749
2432310906
1595182217407467522
2244840272
1589083577504890882
1500597439321026565
809614172
1586064406886203392
1128430399376502784
1678791619363979265
529540495
1374292764117045248
1524226014271913984
1396887469845590021
2607421675
1076789110382215169
233686488
1657562869658009604
309970677
15568684
1543535465323810817
971921107992350720
869727675648282625
1313219399290150919
1299787733548834822
1578668661857845248
1659759404668063744
1520130560231981057
1649120513019588608
22299476
19591955
1461754984769507337
1427664294330699784
1245828900187496454
1463980227886002195
1642947673337757696
1631176739907858432
1012438196729376768
1267257106652172289
1337151218880311298
1556895808917848064
575938239
1621758225002659840
1489989629549895685
897058816226844672
1647331070998638594
18001922
1354227643479171073
1474091860025122817
1259862054
1054669807537156096
1317304122
1610128351582208000
936238338356404224
4190747178
3303536487
1616975606104879106
1587469541109555200
2558068357
1608273003560964098
1400395220085207041
425365329
631773144
311976920
1607937420250464257
35913487
1246410787977146368
1180533698
853477277979611137
3670834282
18929234
3957788915
3012460798
18093097
63962977
189870199
274567177
1547340168432082944
1429903720876228615
924541717944131584
1412196388796960776
965451112395415552
144367359
350822109
1288319695658135552
1523658772287262727
13014082
49969221
1601062664775819265
710663022109401088
1596618068767264771
1464322912979144712
1596577770963877889
108465379
1445000873726332941
1469414148467527684
3939574932
16343974
2511397645
1261270683285204994
588703829
2945287090
394301933
2546037755
17057271
314542577
18725415
18807671
835676407665602560
250166945
816009980604203008
816009404290109441
1262809812418482177
1188872593140584453
70100659
819798928837120000
856541739758256128
1524407286910930944
25073877
1365086833969889283
1577761560394665984
860998512254701568
44196397
1494188248733786113
1168513974763171840
169686021
899323715225178112
1492007194388279333
20722476
1464233909101731843
18013550
1371458611084472322
1462831966299078657
294293982
1496312248834342921
1252520990
1252542024299012097
3355775956
54357257
1575682700731568131
2918039334
1559650033686953990
1342174584594960384
1291732240456650754
1552795969959636992
1212074331867451392
1020467236971188224
1358772893468012544
1441533663729131521
358175664
19906615
986403517081505793
1446932149148344320
467620549
20675681
1035110731669286912
1302053815512895494
1451260712228200466
3101588527
1497414703135481856
22170482
624315278
1269252865664704512
3418210767
19670226
1472940347949035520
1444760227576881156
1434077727041015811
247752491
24530653
3376321847
1223021000784338945
903228570536996865
1339166129110065152
4518563662
44306104
217228590
370144870
972654691434692609
846856945919242240
320370596
1717348572
1407892010564870144
128650032
935349020
1426043134073524224
1201151984600002562
825442822996295680
1427367234926694514
13737002
21837858
1493436366457229314
1262398236347830274
824980663027769344
1230791624898146304
204806197
1522998909701922817
4248868933
2740108585
1393652927986913281
17591170
1455311856092995585
1353359901251276802
1524369652050186248
263514478
718600146619990017
1429400366819512323
1093297314830135296
59220775
1478130292728733701
1498385524368850950
1490612627068026882
763156668699975680
1400585627981201409
1093553857031036930
1249404350067134464
778737051747225600
1462052896925696002
241072354
970816964976259073
1488447172911972352
1211002631998459904
1460467516246052865
47436923
1478260369269297160
743108356357885955
967034117643579393
1480542313566797825
1107732377256648704
1335290259651899395
4805771380
22993014
90552683
1215677004911120390
1109532876310302721
1375490702373646336
823255657902129153
2181493660
488817598
758421503813844993
75561107
1448649268156194824
1082636958239809536
813075601
1351906066519490562
4196983835
1383306124405862408
91202632
46078438
1199455900802535424
1019951
1179129813434548225
953338722061312002
1224166856040173569
20419776
1467931973616386052
1525332984
1312387913393545217
1334682373976363011
34670585
1044196890777145346
1960415100
67676097
95955505
323803336
1340447288582262784
1138396700
1153677382936616960
17349381
916677885494202368
217907114
976853859703427078
1326232391493496833
248859211
1033062233469796352
1179396972324802561
113137765
900669223122472960
2882022965
1652541
469960224
19563355
118834295
1316137211872632836
3695854095
2212215020
2690608982
1146509923683131398
1353382185819058176
281065795
1016908862136332288
801203059359678464
19923638
1400013985202704385
1276140426
1174816521320722432
2832261790
1379810342713372680
100650272
197992991
114241733
2907774137
1917731
173271731
20565876
3065599500
3260357396
3260285413
1420863242054864898
22952132
29264015
232578837
828032385904021504
918306539131277312
30623732
546980774
1204097972
273354091
2863574275
1216240398575665152
1432090822871244801
1416212479865196545
584576439
1003990727767052288
923113340548784128
1400746960928317441
715979593090359296
1335579235956690944
3256876080
25443293
41840240
621162709
2870185546
12524522
1362509606224875520
18572546
1326229737551912960
704181782921486336
1316770138805338112
284192797
1277083768285810693
305856022
123975474
2899862569
1391065120051064839
1217630050000023552
948303184019193863
1335367583650836481
1123825692297314305
479026758
535643852
4849786505
158254062
73204975
813311743
3290256479
1354228711466426369
821229143404802048
719024310468280320
1310974251617329153
1359923836356018176
2274646646
1280241715987660801
45901207
1225904696055009281
87679233
20800915
334715818
35013035
17998609
359359935
1604444052
1357717304931479552
1068210823867314179
12413162
1207945795015782401
68545042
2259809232
765061678794993665
824100475473723392
950762176045830144
23254670
806344552718045184
1048229681273741312
14791918
1047842156029861888
350887805
2835451658
1077826173453959168
14335586
16028241
36327407
866005696428384256
971157641912229888
902200087
28785486
15438913
3290364847
1295221238810304514
803788403179474945
908044479629799425
128372940
226194552
17135413
83932539
153906476
1317568613189062656
386551109
590211920
1041334590768525312
917849635787505669
1604931252
4071302420
1138844783609286656
1130021685351079938
25816369
953983428696924160
561211239
1015295486612291585
11134252
1908204763
654203
2218230726
15392486
1268688487403917313
16543760
19553409
42698622
1265584056
1273299433783013378
337808606
1263205289618214913
775696688489099264
51241574
2683391701
1102987848741998592
739013222569807872
1176026136117166080
2371009784
3221172655
1626294277
16740433
728020712850481153
4012983256
2372135702
1280852842862034950
1142064494157451267
999274189688274947
226631680
2372663528
1081022379910881280
416586982
29658469
1257792281614200834
18856867
17925320
15954704
1247744554700136449
984431192488529920
732612795078844416
1085230970402492416
4835333710
27987687
129009730
64880460
110835004
1094742534348251136
1145386402378604551
1048444643778744320
606400487
1069720356552916996
982468364
818905354205622276
121217779
270403166
2985479932
2371019606
117096653
1039931087416221696
1206955768760741888
1009588379640528897
1164176887712796672
1202062848207273985
52352820
1197676783426031618
15976697
305211380
825445747
973576766651592704
92844900
3410843525
749016639287414784
767960339547774976
3095130883
1088862056705593344
1164738450274365441
1151261114384171008
415642177
134846593
1038208115525799936
844253741620457472
132235973
1078460701176463361
3214466631
971498870772584448
189305014
1156303704229683201
18927538
1066409997767200768
1091718864952541186
17469289
5820642
2231109295
212482217
931594364010168321
922946072669954048
1145149649877184513
941753248620449793
1145702015374438401
109640315
837555557804339202
721096238020628481
1140133160035991553
832793144085262336
79902790
730693248147030016
1494648920
2852096265
939992286645043200
822299610018365440
172852209
21496427
741057139687362564
3018742509
997236098228211712
129019194
499230066
1116345515761909760
961587777497387008
1116766980596543488
183292208
804101936345731072
4184121269
47457078
123171022
2828212668
4895624396
838457598303223808
795832924537032704
1055439777284141058
1012795873942757377
1035291012191715333
383025624
717070029334798336
467955084
1032034780324364289
369844486
337611162
1092606785108803584
741068948905578500
540124204
847563392306917376
3223739808
2192482406
31531035
62238138
2901750790
1658893915
948034167106924544
2562414642
3932768472
874101252
19933791
870149492603006976
742106349350342656
1073983256607875072
805223648499859457
828253251535511552
2567327096
855318254
271160889
874658640774414336
839338162812043267
952911386874646530
3292463759
1038227820705542144
1030443493104275462
28657994
548136534
266947137
1028682134846926848
1013958950465744897
1054946877374951425
2955429216
4661635529
3063990535
935871324806942720
136684975
825593358483652608
1129720458
1641862027
521167914
4498776677
1040538994331840512
1004070871097593861
930945496876797952
885208683352817664
1036399090932899840
3370759013
36645898
1010327180256030721
62630259
3609762852
14458643
9287122
929330286609002501
2349347329
182038243
902890508
83748727
997295617172033536
904709913213063171
606403456
3262160865
16145985
3267456386
32304381
739018956145631232
886810743127060480
970884857126506496
73012821
955485791018352640
15843059
74760182
270839361
4105765714
220478007
711342239432228865
856162158845059073
537709549
209693451
19599446
375721095
706959926879334400
15362651
43906698
1226167963
27522964
455264233
2438552886
546970974
113987669
233000889
3008301599
773108342
30356674
14862190
529083043
196168350
133864378
25537232
366258038
