25073877
1233637371830079490
1251900966770794498
1481349484915404803
1437800672146165763
1343074678450102273
873051724604334080
1476597126880808969
1194116373661782016
1142620696054386689
1478127364399841290
1367128446426619906
1266954979648176128
1472214784783302658
996704669844963328
1201574526347366405
1421890350390464513
979761997997801472
1340073954820694016
829436361560121344
436463305
1456655802236915715
1461782957354627072
802290153314283524
1378392606476886016
1434720042193760256
47139269
599817378
1261209916624318464
878016080991727616
1362449216035987460
443719711
1333398233687621632
1427406288984571904
1256680388
2959801320
1346905483815301122
1417352143300874287
1366477358224592897
987349034850451457
873427520074461186
27012070
1366820419832066049
1396947567108370432
1367235265060691968
1025410166483832833
1403436686802100224
1395040186447405058
1395563728624660481
1392266663396007944
1380148653847937024
886358633646350340
1366576530885902336
1367284695172546563
1306741300138475520
1328038279791435776
1268032640042414080
1290077344703680512
1009588379640528897
1319347567222771712
1281068562002690054
1304537279332069376
922267018526707712
1290701071321649153
739013222569807872
1267124321249628160
1270198865975705600
1112003189895806976
1146444864294400001
1105567415138729984
2455049024
4487256253
938867051971485696
817406786579922944
1012425607764852737
1159113690177835009
1202062848207273985
1201661165740257280
2344358742
1182330623651913728
1146496642700308481
4641772220
1138897598041878528
1173598968946843650
1158871460582187008
1069720356552916996
721788566175485953
844251061535817728
909882725544407041
924478805015531520
968550061868240897
1019820244691443712
1077394736581881857
965693789192032265
1003645782803861504
1048743055292080128
1013925684555599872
844434316943904768
1115979749426438144
