312696314
965451112395415552
1618094565319229440
1695023031830433792
1656904272632598528
1431376295791824898
1700309204764893184
1655618244760182784
1706329938691784704
1705725063289290752
1692258109517975554
1584563155526639617
2432310906
1436081149307015168
1172289543262887936
1506534777028943876
1695006344397344768
1689091823015436290
1596176338817163264
1267512884109676545
1633920117015732228
1456333572693176320
1618264658372165633
1655353145202188288
1214762081272111104
25083002
2298174714
537709549
1591135152989736983
4790055615
1046650817019662336
910785736902819840
1357764031960997892
1292282355978309632
1399449164782706693
4891451439
402181258
1674174819728781317
1618049423757516800
1590704958420226048
1649237147776610304
1680609901234515968
1518690130483048448
1678999488734679041
1666902725634711565
751901441921388544
1335738259700387848
1408480800438374406
1012438196729376768
855300206086168576
1284868041222901765
1483992266557509633
1626052039393562624
1653444296245383169
1622785697756086273
1642956745147293708
1587270334268465152
1633604566850715650
1650169771260821506
1359923836356018176
1654005243183779840
1004420067243712512
287350136
1451025651440439296
2693229229
1524226014271913984
900687845467328512
1647769567081426944
1648581080486641665
1640415456161873923
1376251797640187909
1594785182267150359
2871659160
274567177
1646149366388781062
770619360062898176
805502502028398593
1622436236953518080
3939574932
9287122
2274646646
1270389025749323778
1054669807537156096
1146509923683131398
805223648499859457
759660076214853632
1601800128440209408
1617902104403759108
1353140272620822528
1613323500160454656
1639355757517758481
1528351659436408832
1631505383742140416
1478893991932268544
947984296224096257
1191210152696930304
1385248429522264066
1638634932212776969
353780675
1586002145328889857
1503354507207778306
1595981737758269442
1587524967188439040
1596347931640168450
1613655309154754578
1966630022
1599210440093044736
1587151191712071681
1518706081739943937
1461055693688029185
1627949800644829184
1637902035038216194
1591587170032173058
1620203520799506432
1329307685037240321
1635522121794453504
1598157158805569538
893348197040566272
795342400239652864
1593747412241317889
1151913018936053760
1319400309022707713
1387219918597328897
1622588070246641666
1243196401439277063
1605304395146616833
1626043585580630016
1589788896442945537
2472399354
1335098200315867136
1600720176906833920
1609263348868063232
1511743429667131396
1378541651526889472
937799990902251520
1596618068767264771
1615016957203607553
1610797434396893184
1370259486661767169
1615942416531333121
1615187395602776064
1608093395729219584
1595983949108457472
59001488
1354228711466426369
1545404503373012992
1392426037053517824
1317568613189062656
1477311278804881410
1552969766775787520
1602565127362019329
1261270683285204994
1444080484208676864
1201985743729524736
1605823245407715328
1080299095150002178
1174708184126300160
1169111318277709824
1538577621574832129
1604229320741978117
1471312889478885379
1446505407590146055
1603958097478721536
110835004
1603841948447608835
1603181051035140097
78456263
1399539642639265795
1329231299521900545
1595904217813843969
1595154079218556930
1188162952299450368
226194552
1524572470937722880
1599206804092854273
29912070
1162323988493799424
796151032208392192
1530129316901699585
1592945249437077510
1594411911679946753
1598809236355497984
1598536469274050561
188411919
897675682645463040
1468672739095592961
1496978284025896968
1519338715012902916
1585853927009968128
1597369968504578048
1598528889495625731
32503010
21822997
3668700561
1597363536161816577
1315318716335185920
1549926330841518080
1590452156003385346
2415672998
1092346141998370816
611986351
446282869
1595180798134538240
1586842622890582019
1594466896199708672
1594401084218527747
14458643
25073877
1483150124264136705
767960339547774976
2989441184
1537559530254610433
1588898107433132032
1536583347832385536
740724798
1322060763243122689
705892738462556162
878247600096509952
1516538817427255298
1485068728412913666
1586932279988953089
1474091860025122817
1585832649871962112
97829983
4914384040
818905354205622276
1483163163633856512
4586937621
1518767109295292419
1435650178413891590
1507846331536052229
3060767230
822299610018365440
1540108905241612288
1486473049146904576
746877644763971584
1313469954977681409
1549114087145197573
1563288963191738374
1477818670495772677
828621756776607744
1042563175827165184
130956302
4627081402
1540457459793412102
1519269990578458625
588703829
1557554121485557760
1518980094949314560
1553189943131906048
1288657837892218882
1518006128646500353
753195112176480256
1537538909814640646
1264718705256169472
1518985885169205248
1351784175456555009
1484051034742063104
1174517985396043777
17376893
1369444443292635137
1540197265150812160
1164980763059806208
1255678480295084043
165021348
1329894948259303426
1306004502303010816
1446932149148344320
1537454217878724608
1519519170198753285
523276626
1466272170380779522
1207874097251639296
240760644
375721095
1524929571438534656
1518663059706986499
1468068237762252802
2672615846
818948638890217473
3290152525
972569324
1289725608558198790
3591987254
1533325978151399425
1483100422856486920
1532726913361276934
1400146851135905810
15392486
3579012568
1500129642
18643437
1326951397628260353
1503799842904195079
1495585131678994433
1031747223569227776
2945287090
1463757437664645123
385568181
1225241728304787458
1295420563205296129
3254815295
1341460472491433987
1077820076
2455740283
13298072
34743251
1230018084389343238
1190856738003652608
1419739889969598467
368611237
772966352114094081
3895214232
1517807398920011776
1187808818522030080
1481443120738885637
1387489102799376388
1338206224500842501
3051623806
899401541177622528
730121169194655748
26784152
1500001948782661632
164070785
816609107943845888
908856245414531072
1362301673335570433
48117116
783374230444400640
888232686153867264
189305014
44951059
15025985
856162158845059073
1493006124047605770
1369307612261519364
1237339671212036097
1241479902748119040
27522964
1476250401389350912
1041487319751024640
836504554585878528
1963156225
1331134495475568641
169686021
765962513183870976
1411241357629222919
1316456159071567873
1121171435354042368
1298924462264418304
739013222569807872
2657347285
2794848564
1396921731315609605
1468059996436918273
771616187264315392
548258435
1381415276135247883
4096365088
919385746653323265
1356514488451817472
1326229737551912960
1226167963
1390762874809761793
350822109
96502351
1366874261353299977
15976697
74760182
358545917
1151261114384171008
216881337
18648926
37760670
902200087
58579942
1404836231054249989
1428293763143815169
2918039334
1089308757035794432
3958327401
867639769794101248
599817378
873051724604334080
1145217215609942016
1468281600173613067
19631395
3267456386
873427520074461186
775696688489099264
3018742509
872148729184362497
765909323545513984
779797897898434560
3410843525
92844900
29658469
44196397
