942327663707828224
1433083932740780036
1410647577083760642
1475592421123796994
1501677508382633989
1159585840114339841
1545677751557971968
1485710964267880454
1571881405776289792
1176507885305679873
1565986946304077824
24085676
240779308
282706947
1464569794699612160
65566842
1000185805
1454855262980870155
4878708323
1568547879567884288
1567287887112323074
1442880428742959107
1538099184863166465
1546614752356483072
1512468768789831683
1461515875421409282
1493224484773548036
1176620316367446016
1429830508431687689
1520958243027263488
2296488054
1498353082933170178
1561496831757918209
1526829842355716096
1471987798404173832
1474282487824146442
1568443232476102657
1567841277265190912
317179072
1547253744584118272
1225398678522880001
1394957177283043332
1489140355442245637
1477492494631845891
1346643496111919105
1598023790
25768885
1358841978385956864
586346748
1524803780025495559
1546974875549679616
1498670541099704322
342951419
106043935
1352449923283783680
1495305140546457601
1519805978094587906
1520431340319035395
1467207528568090626
1405353017143009282
1501948292329992208
1508861448507858949
971099748877963265
1496469060279799809
1520396527193182209
1298073091843567616
1540298993976184832
1553271322058190848
1466729398187474946
840015289072799745
2715353311
752984680765329408
1155062445980954626
896810349172797440
1126319471650660352
1050343857685172224
825728106405183489
1484753753207185410
1012734822043791360
1428929466185621508
1460066078017654787
1538796162551005184
1324766763511283713
1465393645083926533
893924096295055360
1318620468916719616
1458334376761217024
1495745698553290763
1519673084579618816
788879917635112961
1520850000070295555
1042841352776704001
1272253043761909760
1537543398302834689
255686676
1449071527719223301
1334268904760291332
816711080516976641
728020712850481153
111969296
4793347349
746790212223778816
109295079
428431496
956691790144434177
1141122344250945538
913344208546623489
1498385524368850950
2693854722
1396616962684375043
1499008906340835330
1488843764877737984
1220629654412939264
914543643373002754
1468565403240890368
1347091733432078338
1035943584195854336
874311923503902720
1534199518274719747
1518698268477333510
1491498681199116289
2606172150
1518776860833988611
1493999224857448460
3289286196
1062417602604097541
1513577621841350656
1369065478581350406
1353571906042040320
375521518
3230033035
1511959411606142976
840017689234026496
870086881089859590
1519389517593120769
943561261035544577
1441901570824704003
1528575538910138368
1519342978988486659
1436706530557145093
1532419646724481024
1269690704902729729
618732997
1429975483802820614
1519832102241325057
1222692149386452992
1595171401
1363751041771126785
434573147
1518744516051750912
1529443160253947908
495924290
618976435
1519353445349740550
1504685139917524997
1021596229510291456
2784335164
1501628569679810560
1481399437427503104
1482797592345985033
1488662163497668611
1467225591166476291
2382733897
1262915436531912712
1530658946146570243
1496929965392207873
1486950232000712705
1524069862343168000
1422911191563833344
720732673631744003
1298625091878690816
1392908434174103552
1479922910340988933
1312175838285066241
1195287206929281025
444792775
1442487726696108040
1424088441298554883
1506409024274812937
1483201066141319171
474552165
1287780767872036864
1496248623973163009
154897836
1430887847603544079
1168068836119044098
1457835340610379782
1499610724867485696
1472257878820016130
1357567501828317184
1243943147744436225
1274160867207032833
1460346281927319562
1493039020871409672
1475535549997977604
1548963594
2971660913
1109973641645690881
1432878747154370560
787736059530637312
989695514441633794
1307889048904699904
1055873293448818694
853055464426397696
1238291399528919040
1497130845722796076
1416212479865196545
1322329445617831936
1496967334711504905
1365984895500181505
1011658990017654784
1461208741345386502
1498210217116459008
1488572012377354240
2482512756
1224879607490449409
1507078380675604489
1504183055673659397
1375161399522033668
1503924402676711427
880251266206765056
1271452975714766848
1494647192468004866
1491446654519504897
1051550250568167424
1487891625837834242
1471519876544090114
906345293964333057
1464396856130215943
971066156835655681
1395079618206519302
1457817700701454347
2473676804
1263736690289639425
838860263789064196
1483782532479000576
866749606754910208
1236323654675451904
2865059762
1445140705182113800
1266898684278648832
1494156279589265408
1442661165717495811
1461242887333683205
1135549182284931073
1426665482665357312
1507204167567216641
1492837300518236166
1118025198341541889
1239683266451345408
2209483106
1495610494538768385
1482477760765382664
1477888247867060228
1299648692077690885
4782549661
1059136585759887365
1257750583940804608
1486287215219126272
910795681
807784040
1432929289478053890
1509956646574907397
3390430893
722249684614393857
1065737142
1463904418571722759
1488364141190520837
1205761790434516992
727497059947810817
749785296628092929
270954022
1083416987479535616
1497534780661014528
4886680186
1409052976770011140
1183446539529646080
3298973887
1496065030801924096
1490627534555611139
1474525045271711744
1496252256898977795
1220690742290546688
924649224825921536
3527061916
1466465307371921408
1438672767407337472
1463400097232801799
1416151570992046081
1480677449486774272
1504912830008639495
1193763105802608641
1502712747464794112
1238644277145735168
1501951235565445120
1125245053608374275
49540266
1507538017044606977
1123754121008431105
1506377725451374602
44899517
2582068928
735095946351149056
706623732186537984
1481626181900382216
830837916553322496
1466409528476508161
1501666880309837829
1407052570246385668
1503593247884644354
1246243675
995821385191636993
1457874082603671552
1479683129271062528
1162903949353111552
1309248521074245638
1057711640580362242
1368426927669866496
1657421934
1097950656743305216
1474059277731958784
1223017792435380224
3529462040
1469113380325761027
1471664814548299782
1244325815610998785
1491124561672290306
1486872568489381888
1483893386817986574
1293681632201801728
1480926325091323913
1391251893721124864
1443439238742044676
1352051178591444992
897035686599176193
1465327074776866821
1403010024956440576
1231591561206456321
2903520095
3123663233
1482458730398875648
1303330797479505921
1411188131668299776
1482060473080111113
804059422267846656
1063963083859730432
1139235170853281798
1479831544290107398
1281653677510533120
1081862644343234560
44215682
403516709
879138294575005696
1448312701701214216
580605970
1442894083156893701
885544294081331201
1143359171229835264
2222089139
803747394433273857
619589666
1400277084921020417
998388367636226048
317567434
1064499251244351488
368154645
1451478217592918050
1413002894002036738
797194222726037505
826403137565102080
1315992417774993409
1155253551494500354
1274784512304713730
1441911520011505667
1392947770173034504
1248726277957304320
1471654537576558594
1245437723500056578
1272928165615329280
728188940411277318
1467618555755696138
1442845659061702663
1363225930639015936
1239686078157795328
1467194602197291017
1365855323777601539
1451370584609198080
1470219246038831104
1474606629572079616
1274772200516657152
1135987028611350528
1447214249227472896
1053660230880579584
1439110080994156544
1331259840514187268
1471910121458618376
935349020
995355946917466114
826812995649028096
1467171521181499401
903135043358400512
146838739
1322605842865262594
1322226573081108482
1306994083848691720
1390122173952626689
2529407787
1324951786151702528
1467106254111707136
1185769379247644672
987349034850451457
1474634019002372096
1333019749324910597
898083770087206912
1337734696835436545
1331130817540726784
1343466526226178050
777338169209462786
1296692866966794240
1275272770407063553
4064304879
1182357039332376577
1473936639231676420
868256926215393280
1019256135981944832
874755860752453632
1363058530715119617
1374915357408956419
1288452485443735553
1370750022
721471331
1147073753274310656
1067096627524050945
1365849592466653186
799178931085643776
1465966343619067910
1231862988401004544
1275790126023499776
295506008
1321570304125100032
2721877566
1440465691161751563
1367278415351578630
4420225815
1362425916295626756
284637114
1466938853487529989
741295260081360896
1054143257427484674
1462036943517147142
1430584098431639554
1471241826421993476
1437419406464716804
739191736602402816
1444412395355508737
1308915430472314880
1325606110447931393
896692157226131457
1447183123033333765
403000799
1409310010073661446
1267344896395894789
2214558306
1085416398803951616
1375204226717077508
1202178452377538560
1318970681619632128
1145803251742380032
1324394934649147392
1408839670495006724
889159210138832897
806974834097999873
1161092556505174016
721076375248048129
1425206235264163842
1058558942962434048
1387487152582373378
1332525194259410944
1912308060
1071929238654255104
44114927
1170828074209947649
1427743430197878786
1297598361504292864
86997056
1279684653247594496
1333409616458375169
295284470
2263025520
1432192298960490500
1461583726048161793
1189009999416180738
1444759773321236481
936750410676817920
248938388
1407011666705977344
1386340151136329729
959779916270264321
339780511
895854952651792384
1337451522003701762
1133677871233470465
1220135746981580801
1157031801707212801
1429090576524222465
465282011
1095510059465859072
1442248853500039175
1409895744610476034
1324332548898607104
1279317675932409857
1077812173072748545
2372888671
1599706662
1452363629878288391
936238338356404224
2192550834
1366831736215191555
753195112176480256
1365805464500514818
1459359733241024513
1433825604491677702
1299385151550623744
1335222290250862592
965304443142107141
49097621
1139297111638446081
1138192926658433026
1439580600818708481
1465148333555687424
1035069856918298624
1250504647384711170
1433105598485250048
26516292
1155774835072614401
1463708041572802563
1003156630001811457
1383824091228950535
15926060
949247662662062080
29921247
1174816521320722432
299210853
702925186300039170
75868199
849088421377318914
1429439710137626624
255156642
200268145
98686011
1202117144265117697
1264199016088317953
1369296067544686601
1398400272662208513
1256748931066798085
1154195859698925574
1042967341448024064
1325554108359696386
189778932
58807902
1339265075673260033
1266748594104733699
1461772253750775819
1327927786183544833
2417586104
1264828287655780352
1460649118838272010
1238412889855111168
701651067512160256
1398481667350798338
1272880648894767105
531950013
2930444713
1368517291256602629
1266797320793985025
1099554212185133056
282379199
857906139173924869
1329883229189525505
1367134545745567746
1239302704230531072
1428084321684836353
904300784766025728
1251900966770794498
1238538039498072064
1336738941580406784
792225664325812224
975878837291634688
1171547195235086337
1384412886920056832
1459329503650590720
863904387726536704
1355138998772101122
1073061078932832256
882227728287760385
1312371082205245447
1230990099560771585
1297921655575121920
1165485511328358400
1430420912185167875
946362507660353537
1210160393101938688
2816466267
1374598416320364548
923605041172369408
1382603701987143682
1369823782333018112
1369062479649726469
1155814822015119361
2584510387
1326229737551912960
1273953060474232833
1239729424825831427
1416533195072364549
1364539557371404290
1265376264224899072
1365086833969889283
1360161820523200519
1276715545551831041
1316456159071567873
2616488888
1103233738090168321
1428413259355508751
1344241350766592001
914267633855356928
1437480808605011972
243791846
759463304209264640
793616873476747264
1077820076
1366782054998945793
3174240940
1387237992255926272
1351525075812556800
1378918898297344002
3192991961
917632225
1232783535787954177
220769252
1336664225981329408
888162910987583488
1402816435945103362
4043189446
1216240398575665152
1200626891838951425
42883807
1304099011805286400
1014262518
1367979062283632640
1145702015374438401
1532323748
1397615624646430724
1367039114877407232
1109988102108516352
818876176554921984
1117447716286734336
985912783232417794
49485394
1345411104822931464
1347109257641123840
1268539492463456262
1298299807497297922
1328563136778027010
1152094008518139904
1127158321482489856
796862655017394176
833848160476942336
949828030305918976
1215672160469078016
1234955753502511108
1302072920160628738
45282919
1268106159719804930
1344385076260433921
1291776748703580162
247752491
1193605662233763848
1234150672473501697
1261988461948665856
931306379645767685
3244570184
3239955086
35043063
560864344
3039785666
1093352520
1258030736726261760
312211140
1353674688447307776
1383992990843080708
1151084197345447936
1331235108515438602
1328473059112722437
1383818183841181706
876769731776327680
286974962
1283581815694012416
734490118694801408
1038319071723380736
1365804084322828290
263471180
884376867075231744
1297685186533040128
1122582715021299714
2810395514
958638097641693184
1317239145715142658
1110233091908530177
1031747223569227776
1299838319531044864
1167028576937480192
1307810687381463041
1293171251565989888
4194772152
1240113408206180352
373872156
2204609910
1326060501202251776
902950509769875456
1060297512446246915
1231742901899669504
1250771005590712325
45599954
1301604178012393477
58280294
732795673
1378152316478631938
1379473090741207042
1305222773409681409
1184341742251757569
1216003419334488064
938135533
14432483
729296053934116864
1090426874843394048
1372671257867616271
1161676097399824384
1259890492042600452
1045334406
2548063214
1276110624666333184
1229031089123057664
1372607126288359435
1354472562030305285
946325993588793345
842613002092265472
1368693404020977672
1153986138199199744
1315624787620892673
4811541973
1316189605297901571
1204951744775643137
551290667
826141415163858944
1247172060
2330779034
1366142702979584001
932012848959672321
988755041916997632
1364763925380624386
1218482002288050177
1064952851804422144
1185600331
1273299433783013378
566479653
1368626568420024321
986259020959879168
542962969
1255528678949298177
2180849153
2786415580
171653428
1364631798341398537
1346926585522356225
389879852
1116548763168858112
1173402306949386240
2230467262
1147393985549348865
1367584818586939394
1226320753907392517
1352805839233560578
1365716304376852482
1189796810035994624
4888117341
2457538657
1355573010980237314
1294565237493043200
2847129573
1307888067991269377
1294036913880522754
1363568897388130307
1153042794375712770
3930057263
1352973686232510465
1272017027759128582
1339092965575290881
1098330755346894856
1357100647599009798
1270416043572375557
4706210480
64753536
489759395
1067104478627856384
121299797
1168250328271265792
216867599
221651717
1269719824520720384
1172324726074560514
1687314104
893525837684899840
1237339671212036097
238180395
155701344
941781
1032955418266492928
520245212
1297899429673013255
3944363717
752700896858017792
810261527269777408
1224146288213659653
2607421675
1043356226166431744
1335420584516349952
1303839149825327110
1349500139967180800
1094361949175975937
1211264220165103618
1110872351216947202
1299586478784368640
1267576622544273410
774963262165229568
256426166
817794156122832898
923629976590614528
1025410166483832833
805261960904196096
228004460
1271156214089551873
1317568613189062656
1296831448511651841
187670699
1282674494876917762
1271510341080547329
259570259
840433985939419136
1176854013964251142
1259147660914720769
1040666772901425153
1318802921983627265
1212469224448245760
1144397061812609024
2306765980
187047893
1154079991858159617
1209109173352443904
1246602557696417792
1120838747807940608
1290610715124994048
1283054154403979264
1239586337675784193
1274692457913962497
1325505371671289858
1087445293002412032
1152269098849570816
900285272298053632
1192370202211696640
3139789282
2867492272
67695695
1059883746118303745
1105325614247104512
1299812478638006273
1190662037996748800
226892086
789839416059695104
1173622703254921217
1007093133341933568
855947347947335680
812295583578882048
1318015775140122624
501280999
1173375464
1329780147772329986
1881726283
1146714432803753984
1266724439816908800
2197021621
1306054597019009024
1323417691185729537
1236248176077791233
967378617721290752
1316548036265414657
1093297314830135296
1320017374012203008
1319545286482604032
24325637
1491709104
2833433118
429564183
835876650764156929
1295929622870228993
972285932136226817
1242047226228211712
60999529
1112003189895806976
997802460109529089
1269725363610869761
1111918037941116929
1037327180810911751
1198062954798886912
1283781320699793408
1301132650346815488
1298281830056173568
2391897518
812870272210665477
763290990652162049
1239707173799649280
1217504511503278083
2252943488
500546017
1225234876565196801
20722476
1071875283509231616
1305581733337870338
51149971
735842874
1249315862059909122
1293039197226442758
1305992920856768526
366721494
57411369
1231175375255982080
1303675395892555782
798076389924753408
1290799949681053697
1197630612997312515
1270244809886834689
3826201829
1261722414909722625
1287006486359691264
549800447
1234663272697122816
1294960278233382912
1254376523345342465
1216510540194906112
357084940
1281479611982008320
1280852842862034950
751077363463647232
1024735850653986816
709482494341586944
1221508135157936128
1303087755912601600
1303954625289224192
1187872471837487104
945662464208781312
799698162420105216
1207679377871425539
1258883821484810242
1227333502754054144
1133610232230424577
1036953525710987264
2270083340
1268176274780012546
1027513106010923008
1299725580473176066
3741032655
1019625316187295746
129629925
582747462
422822471
1275981251623612416
2493204512
1078638895779274752
30204009
940124009798209536
380832138
1259868294602989574
1278773537982070784
1277078883486105602
1084836486456008704
1265880846130503680
1048602250107658240
718303168875139072
997603378027905024
1072727044604211202
822510632637321216
703697680917209088
1202421298711777282
1008916382078025728
1013958950465744897
1294679228751831040
1295812336868098048
3953698334
1186472277573062657
1000432550
1291905459121557504
1266969389644931072
1249497275144912896
309207464
882604355265941505
1093838999318392832
951302891708583936
350555825
4774581733
3149302120
1291433392509276160
1291103015253020672
1146238866698964999
1038782791071215616
1107793674065317888
959768272232206336
3317514080
1020079327168278529
97925525
4656684257
1272917390582517762
3095130883
1189565818281086978
1195483267534856192
4073155150
1124975332510007297
820403842298867712
1207457008175198208
1063987764214009856
1090717414726254618
1239559377167753221
821190684711342080
1259336086507192328
899323715225178112
1063146518746746883
1268672720314736646
1253312671564341249
226194552
1026182030806134784
2658760976
1227679054616285191
1048437546844225536
1040629068264366080
907228414100299777
387285166
1093712344859979777
1245987973264363520
965451112395415552
74245749
330288503
1084835068638568448
992109560755302402
1179979666200899585
799505607455809536
826905335914860546
1185977202569076736
61944577
1221256496253677568
2753302650
817871813187342336
1238284344030093314
20820347
1270709102188978180
1013925684555599872
1214717992359137280
1226928493507829760
1092631175145742336
1266965923883134977
753100503018528772
824045958250037248
1268600045051543566
1270718324280750081
1183570949192536066
1071209718331437061
595224930
1132033298975399939
782624583316758528
1209262461695586304
1153844098383699968
1268886701239422978
907363506323943425
84129927
1185210087796809728
1130965639001042944
470326725
1033467026541445121
1151642931322937344
2651509292
1208523603701989376
1270911243180703744
1071649577193721856
780791260328058882
30649139
1134416432605872129
785152663
1167960440204398592
764248146696372224
528880159
1580127061
1269648991127511041
778175941910601728
4311840815
937370671100956678
1006995287783755776
1087219613555814400
984883015909281793
1209497788846878722
1269880747869028352
2980317741
711776457463357440
4891426522
780102959644291072
1266825456168337417
1137286083148861440
1241715692304556033
1261270683285204994
962650783182331904
971515394061201409
258355473
982591686709858305
287660375
1172544542337167360
1171383266810744832
941661313624879106
2963573765
95860369
1255947484100210689
2741072065
19343824
1085905955018149888
60189921
710223901
791198196
1158820232158486533
1042552397866905600
1210825137416654848
751954389321998336
1191881645248278528
237391164
944963125077594113
90591983
1145560535498285056
1246638223511531521
1202263109945241605
2983097830
708068920616300544
1180720929711652869
918448245034102785
1245471044074381314
2911473153
1127965650985586688
1120888279686156289
3063990535
1126985039432970240
802909835272613889
1176847113575108608
1267920162679918592
941487270
1142577508837220354
1128793496696107013
1192844536730542080
1215821868902633473
1267977254979715076
1266288287301263362
1144346832669171713
779208371484430336
1241793178065424384
854993716624449536
1132042363784839168
858380297553027072
3423670253
1222491562824949763
1235017539773542400
1048444643778744320
178231524
1253005207501406212
1068948679527141382
1191411165127041024
86604823
807319786816413696
1213266034938892288
832070187121651712
420012327
975341687466872832
1248640698393464832
784911173565108224
796164670243487744
1194149504297111553
859166925594787841
1134713811892670469
1213999330274594816
225932851
702007905621381120
1166158123
4885613402
396099831
1012333676
982049008024805377
1203735918496141318
1010243147098656771
871365272938196992
1067612214079746048
1260020445631311874
894757998140080136
1136618731847659525
1248139516457738240
1004420067243712512
971460587531087872
1125479264088883201
896390903081836545
780440012332466177
992231841628393473
2802453080
3302461004
1461871098
832437479244460033
1095751853130829825
2819882936
1023500149538975744
2261798839
855822386700193796
1013780245
991902438100631557
1192476465054601216
3566208443
1008648683599073280
1251569902982516737
1148938355943661569
1200854168161771520
926880879372357633
325979892
729665055718031360
418258099
1029093292355543040
1128950490719490049
3003766284
771750226029907969
1184479080026128389
766009494673522688
810342093637857281
1107732377256648704
1246410787977146368
2304943111
1563592711
825731800056082432
957343018855649281
1154453364769320960
2295387722
1018897017500852225
1016415233475334145
753872671998214145
1190844707737235456
1154686437251588097
1100035380387237889
2377494538
1255689607
1148620906492768256
1079997937172795392
971509219995262976
1142261574394097664
2227236478
1072899314941390848
1168591784911331329
1086708506038816770
3206256441
1050730495
117767052
1167787470106312704
1219488552901210113
825648048541835265
908184141862195200
1180494017940860928
57096982
764455694707765248
1109805457479225354
956397900845723654
1145831414308495361
929922456306950145
1234135301569818625
3253885297
1078366339507531776
1187004672399335424
959219838156705793
1166366182569598976
4564461831
1190952186211115009
415740663
1251510910390337536
93146330
2802808279
1137797476101054464
1080341452071284737
1258475115140075522
1257068261730070528
1213608979386920960
1068979155092463616
1002953888801132544
1160334575295520768
1187946017498505216
1156079201478275072
1259955661720285184
1172289543262887936
1257792281614200834
956167365330272257
1197186629292703751
1230948208781778945
70320656
1552235011
1199374781998649345
990994081001234433
1145797346644680709
1214649921787219968
3423530777
3959790563
1232063415985823745
978335225284579328
835908866953084928
1152477001904775168
1142360409808277504
968155068687056897
1185557560079929345
1065415419127898112
1121862424267767810
43683310
4330971559
1084551805944676354
802787680446808064
1166574841551622145
205087141
1071213733911977984
880547584795955200
3924885327
1094099644064264192
1236973612038381569
3420421481
1052782638988226560
866771086012231680
804306444531236864
1245461251137789954
1247711465055887360
1194010389186527233
854746255431315456
826038263869800449
1166880735212576768
1135183911850582016
892225822475472897
1070042926506500099
976796785422290944
990317363915579392
215154964
1228272339844030464
816648966444093440
1035579515949473792
1224429763743420417
1241109933824839681
1161546762
981990909494603777
273432430
1132438565101744128
13748992
2885045582
1203004891784007681
1252116466826186758
1021250600305086471
4548690796
2430199825
983010260
907619507828609024
781001334
1234106699876880384
1003597787492241408
1162063386034810881
376442205
2543869284
388158374
799362330672984064
1035048623908823041
1199934477407019009
1007210324
2920221496
63354194
322252112
404874210
915316112379797505
1240470516915302401
979385430935261185
757945077507493888
1222410979302092800
1075151133067411458
1022251374837477376
701245127285723138
1039056274858500096
1175424186816184320
1177478752751644673
950451029329530880
1233324722433249281
1651253461
1211401039007453184
4873173484
992193675873562624
1227648489770881024
1206361184011792385
1210719423990026243
2737839626
193917732
1049498595739734017
861522643
776384191739072512
1237542829766950912
850867627056672768
972569324
3207657441
1191387434442874880
958686514678026241
823590567292575744
88887465
2257182427
984819250903814144
1185148425605648385
1231782253010681856
578996048
1229245234028011522
976992472868970496
935654063076757504
14808521
823603819867054081
1140133160035991553
1931893196
1231002389836128256
829743077799636992
911006008474038272
1167036287435575297
1217609034708213761
1199580527323484160
1131230661971513344
846204140384587776
1240133351547310086
1233588255049863168
1115420719
1179648655659126784
63306597
805167486127767553
1111069953543815168
1022185080956116995
1686667423
3551827156
86024141
420612948
4464581428
1231283656779554816
867181057493356546
771057033348911104
1239301297255432194
846378031
1215011858911911941
1180809869122834433
1197653882937196544
1065464738312802304
1191923436693663744
897810916150054912
1060861928938135552
1240134448890462209
734345301121748992
3002457954
791189954189811712
908573161054076928
526600349
1106869915921928192
1001115815582744576
1162899685670965248
751893378372173824
713391837487185921
1209053330439323648
842597539991896065
1194463408927715328
1656276878
694835008041713665
758307228898254848
26581678
1062197256441466881
1131317018374938624
2419511190
3021663385
2397116178
819200364675072000
1235272890116952064
383442235
69125314
48014998
861272191735869440
1212958802183458816
860024314783043585
719293082877825024
1117508281352826881
2914166602
1100222809899495424
1113591379194568705
1104165722996043776
373565760
1099343905634553856
2288903261
1015545763882065926
1124381604783247360
302127544
1122172386403602432
36412161
937631077325262848
394390258
1075050251160092673
1136365178474434561
773264262051553284
1056740805723877376
1223040900294594561
1039634773248036870
15815757
1264869216
402290737
2299518221
1223085492989595648
1087646143394316288
189868631
1206357044929937409
2387414514
18706305
1026494297112236033
1138844783609286656
1106890204294627328
1163635901202722816
979854661397118977
1145497774907170817
3142764926
838457598303223808
1012795873942757377
49257389
273667747
15787194
895736295703457792
1186645266574778372
471637875
42287619
3341940237
2359841120
1047561774835281920
749386665420926976
904035572586610689
1035516830339792896
940076696
346063582
894398132590485505
1211447239630934016
1137901050130784257
1218336944335347712
537549430
766617408211656704
749607928768917505
997886230858788875
1111093447979470848
2484505992
1054435486666764290
895879808709611521
1129532119192096768
1180871463395454979
1084523769585197061
1199570803425239040
1214693145876848640
736016951332372481
2387186942
1133506956042350593
1199580124821147649
788794717806919682
56733855
994189320050429952
1205876010534756352
719334353810157568
1050606888646144002
981260928032403459
1308740982
1159960047918538752
1088648487481225216
23545373
932349813009666048
1151542729
457420987
998873369666904064
3108658431
2808957630
961066714401161216
956997651177852928
4667112074
1015295486612291585
1190638242338615296
22122985
151567221
1969683889
4863249613
1089163421503967233
1192261191747457024
721788566175485953
1189289546694848512
983812710583291905
1727668796
580398317
899401541177622528
270215061
1168564339378401281
1187875331283259395
228925789
1133052881937076224
3056672020
1044638659620810752
990686200682950657
2576498360
757848348145496064
1182505590351945729
979395630597632002
405692295
1037438720847355914
1184212255627468804
199770246
1124579503207006208
1009832042568138753
1069361054835245056
806262178802110464
4229803093
1050735939255844871
95091863
1095068152357179392
947935988310872064
4875366761
865758965107494912
1022605623576412165
1099730131948654592
422923138
1152335798357807105
1096283169899380738
1163112891505172481
1159294375744221185
1168646002133393408
1139961344835244032
897231271004258304
826231871725985792
717229113132642304
1063801496544911361
1154761742498422785
1136532903972823041
1086871083947483136
1088937061283815424
1167585352464424961
223555354
1920274747
1130552670828335104
388668878
712762755749658624
4307500874
723349112070889472
1162087693213425665
967515905298112512
787675627818061824
4498776677
726386299733696516
1075951893195702272
4046052562
817478777299050496
1112417717670346753
262424642
917770288812748800
1380911874
768082692009299968
1013174864587485184
2969389619
888104648946614272
955657354065854464
1150927506825973760
957895561339863041
890018179061358593
1393746643
1087022330818281472
1058385097248825344
825214104965111808
971498870772584448
305211380
734382377292697600
735001774331813892
27073092
978339721041465344
500310949
973646991099121665
779955053289496576
916045278142238720
2792294323
1008384135575023616
1133994135701114880
355992599
1129522720809603079
1053431568088342528
858305261022437376
353872365
929809393956347904
980725697789411329
2835451658
1133421700220096514
1426411597
1027497223075049474
2963236245
1133360867263897600
988451687550668800
1107390807324196870
66300753
1050165790698299392
2971731660
4849768080
1401136226
1131755653524021248
4889714145
17408744
1509363152
1071780718685184001
2905554237
198818760
884728732270952448
954925676120875009
3804609261
2999909453
1124898159379922944
899111558751694849
963924035707928578
1009954608528154626
1114625290427404291
821795813676515328
1048322603507580929
833042985726021632
997184748144529408
1000168999739506688
1104906541830934528
902476398576721924
1000463993499156481
1131984873600802816
972938428164780032
3483430823
1128296472372400128
1078292904878190593
1072736805831741441
4787545161
940088665182572549
2683391701
19058568
3318067306
896911537968992256
751313098963767296
1067609329757499392
716015422
565959125
1009315130335727616
4203258370
1000643954013024257
860598073445068800
1407746743
1130241882821279744
1105124048995004416
969109324583796737
873427520074461186
1087184985964986368
3296870257
708437064392577025
960631725230616576
1009823263
64998253
909429992437755904
370254529
1074053859792830464
1128429882583736320
1274989790
245948427
1063266870969753600
846739637779476480
1128477251673047041
716256825621004288
827330353496854528
2810979570
1000528298626056192
3645029299
1085051562286829568
1323274729
941323260758806528
1128997416156487680
1488901507
1028136518563508225
2467844166
3233041848
1122680324335575040
70982369
1037372973185937409
938592175281135616
1058542993420935168
1120464698569187328
32944213
2971948769
1121179578473619456
715435146015473664
1066737054246035456
1125837501522903040
1018907555991564288
83748727
50738644
2526048714
3105470573
511789495
829399232
1107210165680394240
42750334
1074208018034774018
3186299889
1046564771510677504
856768205502722051
1123609824745357312
833368249031131137
1110911949498449922
1034917414092394499
1095735806197710851
17702252
1115758070942932992
784114335194882048
1108889682887086081
1031083363728150528
155014488
999535380666826753
2259216494
971157641912229888
1109570769154129921
1115573129437298688
1107651078366154753
34857889
1089568487335292930
886810743127060480
1062789211391188993
136175598
1016793608081543169
375721095
1121755384253960198
974424651567779841
1102505625005817856
1546467223
862412644531163136
907790776653946880
897079877836341249
3431092755
1873426783
953966019223179265
2767608269
852091473344573440
875922772739883009
262382569
425235183
1048305658137923585
3294259068
2669562421
880583946169335808
784089439760973824
1096189997370298368
705430857369186304
987385404516192257
924884192026079232
962218329824952320
102375372
3347017152
874585499842871296
2157350385
1021807348132794368
747809799547555840
947224219623997440
1101903187383078914
715119725341061120
805817910186938368
4878811191
2331418099
946803444681265152
568624483
1116746994788159489
774211994308059136
1911306938
2245593877
795867123545440256
47734819
1038730793500241921
1096243585291354112
1092515666689703937
4132572567
26487169
994568571308027907
1105398166654988289
2897257769
9287122
967264395968598016
968039783938252800
1118157128814845953
1105284139396358144
896143758097498112
1000912761013133313
988535662973411328
1112751287458807809
901411039551651843
1047556683000700928
1024426665060048896
4789548912
1052675753433882624
3310972141
1117904922090119169
15455253
1407617910
1106952421576564737
220400244
1116766980596543488
939874147253018625
990638092448161792
1104441976856985600
56879907
1111518314080043009
944022723776471040
2603543930
998392023962017792
1112574634224828416
898635892520173568
1004122196439003137
828358400421539841
2776892210
833508932756897792
1104853538839191553
1108567404861407233
964893632938602499
998023349698727936
1103100665952432129
713377689743335424
1112301137766563840
960226339629535232
431785296
21422783
934547436147798016
133770119
878144305226973184
1059008977554628608
850194160518823937
942674000412524544
1106244088486133761
1105925717626368000
434577413
1110087530647441408
382302516
929807326248349696
98917478
1071227430851887105
28317445
1071789826666627073
962738290628710400
771673412036993024
730848576541212672
1098593196148486144
3193954386
2185196618
908324706046042114
825317245710630912
1024746313995317248
756744652749885440
838448758820122624
790781142857199617
1090162472831471616
1101576702453534726
1109532876310302721
1112990088089071616
838102086210433025
432614294
900412509450010627
1078460701176463361
3101722649
1106985241414119424
1109379084780331010
1050875642739351552
3218677655
2784193669
888585290369126400
1020545284865024002
953581321317646336
1074579449134247936
1057665610220531713
1027688650862157825
394725061
752749220952625157
953341454788775936
995431365888929792
111349900
3004731065
881579230382899200
795706089060896769
984631732270968833
857773878470430720
1061479132192624640
55962977
3396493030
34683246
984159247171715074
1093808669828046859
19164958
887270980242087936
1035477565962694657
1136895504
1069422303816138752
989040753992183808
74237617
922623907189833728
1064201648313114624
1058909152435683328
1059144724882341888
1096828724195012608
136684975
77130240
1099580133395058688
432917555
817506928800763909
1060868155566972928
909890474542018565
965735711663108096
2314179393
1062928976853708800
466627216
1036001567252652033
1078837716207382529
1004208978807656448
3294589096
809567324529446921
952734090
988200908239638529
3258919452
1053263197480906753
1025568847364087808
815969139038765056
3506866154
805864447
47256078
23000204
1036551914853462016
1054567835085692928
707674504995078144
1059479838002679808
27810236
9175692
1085784883966824451
2300928650
826025269378969603
995741236123258880
1012091515328499712
737862347616858114
1084585923378061312
1072221078762729472
935314891627474944
1091619601358569472
242802762
893052249114542080
748566163081334785
1000039196982218752
2329227986
1092131147516129281
437142970
912052073042186242
3418210767
184437521
273525252
1051656660815503360
924142728
759921606655299584
1065461244
21993294
1071228814754074625
1045888734946721792
3217278321
1067437048275976192
3420266177
795381069709266945
942518599171928064
955980444834541568
1004784294307323906
1057674569966911489
889350745979588608
915647230681534464
778631461834489856
1044786240804069377
1035066713669337093
3165980657
869556417409286146
1036622509653798912
359098967
1018144154445144064
1098153280490872833
1011824074622939136
892171214646501380
404290123
1646308484
1007070393247494145
852748531114754049
99749864
936364058349129728
457852945
1546172389
900402576998400000
946443813999886336
18964256
1059742737853890560
867151369211457537
1003010315397693440
1344387942
969072672
1074686733948723210
1086697965606051845
905996684701917184
769473947645587456
2704742400
21626308
2366908552
2407544636
900380632588722176
1084308504406421510
1006901199633674240
1006521602769481728
923153102244544512
870149492603006976
2502488171
1055877718401794049
1059871261092929537
823259109281517569
883364998453633024
713117115704745984
990937717830635520
44585672
896691265
1012953241456336896
1087587477412552704
826035745659944960
1049506130223882240
1082606413506117632
1069491072219430915
933128066779541504
949832406999224321
892121929116778500
962046335187787776
1087606884062908416
943343420
1026005243602063363
1067878115651645440
280000083
1065055530190655488
946562222607695872
1013690815820988417
742709933351796736
1089870144485105670
877186431432744961
1088782236219068416
137834176
1084623269792231427
254479097
802722284289064960
1084922322878910466
966902626624323588
1085194808145043456
3214466631
1014606759921500160
954403784234430465
3181344984
1672983920
910883562311835648
1001480243486507008
948303184019193863
1048990155262947328
988942521756798978
997975957985202176
1497105828
1066187390178525185
936370195068841984
1023237049044873216
2906435732
1029990944211382272
3489438995
1028456894728351744
832259012422987776
2656183728
767156881391493121
1053096840231448576
1088457467540004864
993232300971380736
1022964437169463302
978707251430088706
4180763655
733678983271854081
4877657746
16029910
1085487018841464833
270839361
1467554408
929330286609002501
983567774470451200
1009657602848903168
3916819752
4905903799
2942946969
3041854208
1021156388935032833
941829558965334019
2182617502
1074279558227128320
513223372
829472387003359232
3761046317
1083490052754337792
1076187814855884800
736214254194417664
899417437434785792
1008746884004040704
1070505994592157696
785221249
1057001429775384577
1068936653329321985
2602239103
1062138691223805952
968431459034841088
752749072914591744
25721806
1082665590089809920
955878400572477441
264377686
903785572803547136
1072133318144077824
850029913990189059
496800843
725024735726305280
1033074111340314624
999274189688274947
124855429
220779036
60144582
846950374380634112
2558068357
2699590128
1000716412393021440
2904870923
1014193568
874101252
1016188813
760143647039893504
783937220122206208
747930487885279232
513166561
987885608382226433
277844631
2321127874
1026478723103645697
1048012125141196806
937446578616438786
1061778720015421440
1074960269300850688
1029828736412278791
748103419399905280
795832924537032704
1019834770149269509
2796786798
861389753563959296
1561479637
1062053865930084352
918459747480850432
1016203122
940750918215069696
1685592498
493062270
777358134
1080200353
3116214838
341407126
2901810468
385027225
778204398941908992
1021104570154528768
1072909224299151361
843862911516917760
879737457893363713
1042393661617528833
1064650195131076608
2545699408
968855764281561089
1029098049623220224
3592449076
937515870
1015016528771600385
364964021
1069720356552916996
980876552534740997
1483299649
754321704
933865229850632192
990652258445475845
1068320942890385413
1065358635260272642
1056973153396760577
756860893976072193
144608833
1646856415
1028959241745391617
3293909825
1057157113854730240
406353065
828716125152276480
3260284128
22583033
1027584292002639874
851065987130699776
727530001323687938
1014624624
722243878359683073
246039557
822474036160634882
794176904848871424
771068227866603520
1061688916330405888
992491537282908160
994284928429907968
1059394731698864129
709031949936037888
2822812502
516720845
3116066493
1053965296904609792
1034114017210576897
3017434949
1054946877374951425
351335515
3292463759
15212187
792436389988012032
938209186457849856
759889234295525376
1028316624959496192
86765771
66019768
714477340525506560
1378370258
1055697719354908672
945454804171722752
2586301392
2191380171
1000605364809818112
981810717610467328
47943524
2986531464
1046796064559452160
630484750
1051928429187149826
990780772993982464
970217414171377665
1050087531319095298
1017178987976712192
923120541786980353
1039482417076219905
46581397
1028312049221361665
286031399
859363336319905792
980087338423541761
1471232930
1051565990826467330
845689249
2996419369
95287789
757249856175878144
699677957959376897
75297669
865685025009811456
14628108
530994160
872053708808310785
968731672169590787
1035323645969686528
826998919217319937
828253251535511552
36578503
1022224921076805632
1045480991459090434
1360461703
701931160297938944
1017457885763141632
1045658590751731713
2793426281
3221011798
4463144714
987345432052412416
4515839369
556969755
943970622568218625
956306968611868672
913251631268904960
826354363476082689
297940457
22817956
3482966654
1040538994331840512
311247646
844433736263499777
47611401
891098592869404673
722152836776243201
754998055921778688
279872903
2864478369
2558085090
1017558437801033730
1002019803446611968
1028103298115690496
4274337857
1001826685963169792
362100909
43906698
1022665646197403648
1034036623196020736
895331651881926656
1041816475219255296
62304775
551133300
37190937
1036015348141703169
1033363553997213696
997155564500213760
1039559508614438913
2408832595
1038930491393695744
1005159812282376192
801113147499311108
784738950388867072
1018778915895152640
1033859796288647168
2344909848
1025528065156362241
955916718848790529
217447825
1675239332
356671835
1031485374240096256
1000325836208263168
87331530
819831487897989120
995282914576302080
3148346088
1350030492
779892526895554560
957489156745121792
812135885328236551
965172698082152448
952262409661526016
998627306120859651
905915649981108224
12514282
27012070
517552544
21139956
923038629164810240
1029419232637972482
1276652162
160594322
834402949853962240
1025554722973995008
1010209400651419649
22299835
3066002249
14753589
82190601
897963400067784705
2446162202
1009830200274817024
369184678
1015541038985990144
1003496228804595714
822462665910063105
972654691434692609
3018180310
129571843
1021911538783768576
1008317392156536833
35039490
1019273767225212928
4777474778
885208683352817664
1003855120142962688
877803250614972418
1024080411431972865
988926715681497091
734036627266371584
1011637435464323072
1004941619655737348
312879896
923638116757450752
736314798485295104
966821224595804160
747626469048918016
2881885547
957877148974448640
1072611902
706994007755198464
1016802461661704192
1004567360597000192
1012322695814549509
913539750149070849
895230962291924995
1011785995778510848
963467246965178368
1564453280
1012896789039468544
880602945632575488
923758084450856960
518074227
3184471478
139499789
3079009057
1547461016
721097450178490368
901113594829471745
893038458641502208
893037633542270976
61900522
816609107943845888
2360515482
368711188
1008795692796727296
1010238640402960384
4905357615
4060994823
1010327180256030721
921770348487593984
867580464298696704
945842581010833409
966150527523450881
1150585999
1007168004474396673
994056914630688769
988953519150522368
3611156655
1008275391830687744
874833415551496194
3424035244
19204459
820895668105519104
985125233408512000
27372130
1002873386987638784
2592288341
1005007371159068673
776966190
534220865
3135095179
950762176045830144
1004070871097593861
3128334438
833510865949200384
990027941345099777
966702452992086017
811462749897236482
786212219830751232
821157243752169473
866005696428384256
3231666409
891040315079102465
1164433891
984857129348673536
37863826
736784706486734852
938018725625778178
213829067
606403456
876766926483095552
974311333360488453
967233900354433026
997442233153531905
3363751563
935998404240519168
2312542472
996748119206449152
1640256265
996542347696484352
992613782429028352
221681749
981985911834542080
1581322626
723981330929721345
998848876420349952
784399151891095552
998730685455196160
998226840270655488
993335190356283394
845070010720542720
392221059
709738565211652096
1529848176
3115864453
3422474392
931257110129729536
321033413
935843606690254848
993547598802931712
712872406260572161
1550941506
52012914
989465388323885056
931965266996711424
974403456080470016
805167630
716986956794753024
879320095
958097733029629957
372883805
3002056342
946060876632637440
3080530102
988174326779301893
893073529675165697
833790325
186471595
989529510856024064
962992349398802432
922946072669954048
1398237734
790318547234877441
813185584059523076
992619923951173633
20424455
859583824598061058
715850854943866881
872428365160042496
2572496711
832733391082565633
993047890586193920
981939816408399872
484281318
979262637191069696
922185407571390465
958503956371648512
851773048973807617
758258701669134336
872605953916624896
856184187057057797
113137765
902969286402158596
3604403837
867111688750891009
3060473583
735518199236722689
6098612
169686021
15254984
983159115324231681
21778166
4085288662
25083002
987878020508774400
44753812
777969174068994048
941753248620449793
818905354205622276
1977528128
985237674754703361
554511972
976628666309533696
727266451036450818
3241068827
826666544100999168
42825230
33665720
841075560319086592
924699561989419009
802480365386526720
743535776797843456
738911954413162496
55382578
706187788207546368
3948889395
517940435
766838334802960384
2268828160
879145266665934848
20139753
796552034782679042
273159444
784819619286618112
346176939
978345458081943552
2393533292
41582030
928744532866367488
869642987000786944
772163109880418304
3696909681
1488169200
106579183
876521822149378049
873051724604334080
777316956483432448
976853859703427078
721721504254279681
964124899081060352
10252962
142018510
973471717937967104
938724882917089280
809614172
970884857126506496
973561963207888898
905164973025976321
844318040510681088
742823052354945024
4264345649
839527668802600960
1640555772
731732329572376576
314548237
8953012
957764560391294976
557069020
2800516654
2660755152
3728035874
2258526731
727638833773330432
4495028715
903648174195318784
839947514128257024
919637275457277952
1100075886
712689117658787840
3445648231
747177090345242625
765648692099461121
1960224522
4034057421
926165185638883328
817406786579922944
944690536241344512
4858993402
372404858
834859890011168769
1520324371
183739654
31762001
156330634
4846827807
965782381075542022
701106669170900992
952695919014830080
4834923616
4837581463
12627692
19935535
3674014602
1702659487
3367402871
952654911275085824
954443357350178816
943729644288610304
951821037091598336
842818670
22115443
45553126
485379470
904405611735117824
904373399711092736
904413295209316352
83189866
914432995347587074
920368565575999488
89039065
810476391674290177
809634353391271936
829310765832294401
2822859885
844767384883757056
846856945919242240
365233457
4849675546
1244542716
890015107807416320
963090508988977152
966477938718801920
1907586914
575658149
799369395080495104
4837910997
776272687
19370504
1382212627
711695791170183168
4185884533
3931266081
3138338370
3072293745
2641233266
97580009
46467636
14075928
1253264389
871708921366323200
920857595291815936
921387100863307777
16989178
2914116544
51571557
859699929106665472
916212472037638144
156193896
3804101379
942122872948043776
4469756658
86377557
424648796
2801052813
929730228066320384
242879175
569534207
932605608402018304
624210678
1153599218
2674899746
711752522898264064
938205219086852097
770089984024076290
4848238043
956278853533667335
855448711601823745
2850963928
837555557804339202
3199033084
846360687387512832
938202081139101696
825768514585649152
254354362
116252479
2218697421
3231733715
16948493
936775674785705984
898553073517248512
905577018145869825
946439096620199936
92190418
811635240573825025
918853680291631104
4764775536
745470693135900676
892576820
54666727
283247870
821913710717440000
55678024
2926732331
1400804851
934613554082095107
74760182
14224719
904467421993558016
745309072442953728
957993473336139776
1101600720
1644683106
701233899137949700
741377469765156864
757155661612519425
465973
859060420597907456
39102609
3295347892
3064657349
867368846541426688
500704345
1528108393
911162176215371776
501137418
906181962607583232
960133816353525760
894728198382080000
1855195460
2771135870
591947114
2728720415
896517230149726208
816385307516039169
4885277053
903476710477185025
929745467075956736
811462132374142976
891591792772218880
948486348142342145
874364504041279489
4205389155
34715589
833632584143822848
27752212
411001193
2322261107
1410963865
2875479268
956917874072936449
885838630928994304
2182270814
915085129847996416
839041265807261696
934938752446795776
472324186
2886881184
736548885385056257
1487336166
1153086895
352434759
1924854708
1936010971
2358269761
1599863550
2170310390
2847469551
496327419
49546122
316003254
2236994450
1921148744
201128670
1928160006
2799574525
165885247
321519271
1306141254
1920504373
819799267233533952
16997512
806205345462964224
61292316
879548970082721792
469478579
898312386632974341
738423735149957120
952022338329079809
955734182759714816
816975544881389569
810895268971479040
922991692843749377
109725194
112860544
3222619386
902001274513747968
225297443
21413921
4738052761
45538440
802383562842509312
2239616394
1886304384
223951506
3068856644
834815322
261957615
554692292
92844900
845728536
2590075158
849314345498660864
901597121874452480
883522038853509120
131272764
945116775842242566
4633772304
854936386994020352
436811151
290324812
843855385903685633
944628588598513664
800221027645067264
751215626518204417
956550967939469312
908390165063680000
949459597483565056
820516959351689216
1239144757
48117116
146037421
948077716636565505
2248147020
874419002818400256
905589676337192960
2411437560
4264270877
939552567926935552
824106523567628288
784665469403877376
557635132
465718977
883321795343941632
892144391346941953
852585003561168896
783874633749585920
899314815361044481
934262870845677568
926481021301862401
3102537224
951064016595668993
865659030
2407634336
737391648284368898
756282229769244672
931614822046711808
892027204250595328
735480028889108480
936987565386641408
4559295560
952286238014308352
377940503
952600613484888064
936621560470814720
942909631399153665
946916680994783234
751911943070445568
165720993
2340552066
479942012
229472879
897374037143433217
902609287419191299
809007978959568898
258858596
3127689323
889903168523567105
897284008807198720
2197050924
874018148671991809
608240666
700873574962212864
249457691
853464760452603904
824834535644860416
881564249968988161
91569380
900915746318028801
4723809615
1018408574
4854254337
2325872058
30069429
738346723777581061
753779635691855872
821145258104946689
786897134708817920
771223171181588481
376048203
826548801246740480
3075885118
867881196931436544
3106178514
942471707062882304
913083467621191680
936343930832019457
876350778511962112
938653961048899584
929831940349480960
943273399513575424
2239362155
862409562950963200
922653484922445825
922276494902210560
728948309369491456
942104880902176769
929776965241802752
934632473572634624
793186886479126528
927698146448244737
947690719921127424
760645419722387456
2431037846
880731584311291904
947704198304616449
3400737969
867081191375085568
532727261
898744501837090816
832319306541178881
856162158845059073
826641279412957185
951024749223792640
4446418487
944167549951868928
947959294321885184
825894473297252352
951255104384094208
220842543
813822729392623617
24203943
469587648
546488925
856617935611342848
184671789
4895959581
2715758701
1084874749
2943184957
15654312
347562985
743574020428341248
3164652552
4183981153
2423537112
4710666194
848140509705113600
1301633401
866987648484823040
3305514245
850778907045490689
861809174
943589151609409537
870799868
947573035447529473
3002841279
446228264
3608192956
17435686
827801822
161163433
922640618232442881
2187025542
758776379215347712
3867945679
756945394978787328
3368029750
854948861374345216
558929794
872161064980541440
914516199706431489
4334482653
737104639078727680
896242685144707074
923986444640591873
936041350339817472
861741762183876610
809045672930504704
578908559
812687682853814272
819803084478025728
3591987254
798402080864079872
943534925504040961
947583911302979586
897287220708691968
930847758944276480
945720176263221252
945711120857419778
779715006971731969
943145086757588995
816998886032207872
581301629
903035131438424064
879341803920642048
881522877492862976
833575136364285953
941059924880175105
995455069
318489159
930920290976174081
900420932069605376
833656096959168512
817832498973540355
3353248925
789556300938117120
706959926879334400
943491631969267712
2881701977
897913190574678016
4703061733
2976750765
1965935906
3741094403
22982474
2226144936
931569583219200000
866069141576441857
937491288789680129
777483478891802624
894416256161284097
871017863133282304
790019230389248000
164576583
312696314
880450657957707776
843693023330365441
537709549
3192775024
785988472259485696
119559815
791112163507044353
131929155
2829869598
373675038
582983794
892970329395613697
66228580
772289334733053952
573854819
825779264909930496
867858949567131649
817379985455345664
388983706
817035718950260736
868210608923172864
274567177
343058603
892971229958766592
824974298402152448
905375019672506368
816150359903117312
423058146
818910970567344128
818876014390603776
259071132
896845651790712832
800171412723904513
2630384504
913614579522953218
704437286767828992
174888941
908174596381265920
851039939802288128
705557649950056449
869484705032413184
812562771715981312
3306208659
816805880280875008
882836533983682560
850251477717143552
845035200052645889
864468886279901184
816205261757173760
774005585801048065
936364143497699329
817474864747577344
839260521190678529
819807892412895234
2285463476
865610185749999616
856991644134068224
106787873
2434538047
924960596310806528
277167948
819808536167206912
752569804578443264
797784162170118145
22270993
847563392306917376
762742517376823296
921035226469535745
884249474335461377
887305229972250624
819808305581203458
715525251774476288
4923412527
919712173089271808
879193877403578368
485546674
25058787
873971810194292736
18379614
706553611338121216
238368250
741977462028926976
168432098
4731645692
885226666108346369
738171927974449152
522721921
836360963066589184
286722735
870450006855041025
2350026720
41905954
246993037
19602678
2826559929
384625890
487039635
813791486022193152
4906069901
819803958885523457
819808533805838338
819805799291588612
78819867
868270496558833664
819803968431759361
819804018318815233
819804183549227008
819804172010692609
819806863067725824
819804178969030658
819803941189787648
819803943127552001
819803533725704193
819803766375399424
819807449859248129
819803899926233088
819803715578130434
819807168706711553
819803940304797696
819803916766281730
819803779713286144
416059860
858969600637186048
819803917827477504
28852952
14850840
17486629
14813320
1107466603
380706218
905322033634054145
1500129642
3305640746
829841295292133376
865516973567778819
422155068
822599947396796421
13748562
3068668348
1656966026
4323518302
3910165539
999453985
4326859634
4333736961
4002737098
4373332213
4344589042
4355187988
4340901132
4318468333
4271366181
4258269257
4238046862
4267163152
4007295494
730501037912559616
728412902261022720
3622154472
3820960634
4230124083
4718054487
108405127
299804123
15716004
2523347460
4903130315
892654030815625216
714234573345931264
4019476093
2824018164
15658370
4877499045
585445942
3842270054
126775429
18519992
778952146117165056
725944230091182081
3421673511
899709617571340288
598047207
4253666414
2780538444
4914071150
4396486942
897500676615491584
1575138829
772966352114094081
900390770460557315
79783264
9207632
819808107194826753
459020755
307953079
2369530147
2337490808
730693248147030016
187578616
25235151
898740934296440832
846274195499630592
44951059
1216586288
86104361
4761064634
27285798
877960595122802688
735024071843426304
887503053632548865
713721447382917121
53506915
850810683465752576
3413276129
899109886369378307
823876178582892544
603074908
871457991907827716
1606029594
239885144
875731963222478848
1953873596
831576508393254912
1686182401
898266453358411777
2153807785
1950823130
1511360216
110835004
3675770234
865719312342024192
2543241
166751745
149913262
21480702
898117993124724736
832644059558662151
3314758074
3558102739
37372199
887264594
16106584
357634573
2251310842
2870337183
21496427
14464961
469960224
4032212303
2499165794
757275166879559680
878795408612274180
887492318101729280
3410843525
4735176079
109628138
813218902897553408
819336666854944769
814301257317937152
819801657957490689
819802996653461505
819802664674308098
819802928722513921
819799391544295424
819799430861725696
4425516615
894748894789115907
876570335537233922
725754026894184448
2153879262
4510755552
703346163232202752
31374301
2539442872
2352957686
3895883337
877374924234653697
73874130
4881897706
227026265
15126599
3902353996
3410304976
1664651641
355405298
890613081667186689
841354225196113920
2569477144
797452458326888448
798033667
892130360888352773
848355783159029760
819261697542254592
820719392384253952
819748620450807808
814890246760497153
813147420066545664
817099478796791808
820871125089550336
820842160337600512
812451240625979392
812847929321025536
813173189949919232
820733384360083456
813230278097387521
819802675319488512
814314481274810368
819802841275514880
819803190463864833
819803282604363777
819803345627934721
819803356243689474
819798781847666689
819798928837120000
819798857806553088
819799449065000960
819798739929837570
736547042986627075
819799028585988097
819798648003305473
819799003432828928
2409651368
2323018748
292402321
762002329201762309
20031359
846037455233077248
2787639622
475095014
246993582
318995187
779646910277615617
755631442961596421
779694016128364544
792516935539761152
727338733423464448
57624473
590075341
3921176183
1127590182
863497213749612544
4898565399
871650706381561856
2646183801
2352382794
788148641533988864
522303405
2870930289
533331937
1343369970
3346433337
2490640097
4880060739
766887418578427904
881635296588255233
75234111
712844521126625280
18674859
2715992263
1330375297
16005250
874708720625823744
22192145
774663185387311104
806759494583611392
1311239418
36558697
823002126548926464
884664352904806401
2293873393
2504621990
823977428364259329
859693670311899136
258834617
25620707
753815138528964609
867156027296423936
730121169194655748
811662404769685504
845237686608769024
2480069648
2738439406
43471269
718081623451951105
27000730
163971168
4041824789
20972371
721096238020628481
857047375793315840
3056433065
95994080
113047940
2187403602
65467957
121204594
263695739
97999837
903368942
330319196
22934698
493404176
1117394126
22761809
2279657732
326755425
478963764
1244859799
560928980
1572490724
2296062121
954124423
30694631
21149655
335346083
1419263635
1254349525
1716288068
2662026451
1043410754
1721431050
492070009
17060573
268241662
20445308
882146569612664832
4012983256
826809301771616256
882665801408552961
3334031475
822299610018365440
2872539789
3635324476
799949976403136513
191484344
786224810271600640
616165731
2277344276
831152732400529408
17713693
83515875
3372490497
742530593808748544
801103514902601728
797471658919464960
1708525290
3273338030
3100482716
731409577
828039198078881793
859457064493621248
881865700410888193
42158221
9840002
824792784867565568
533577580
707717602316066816
838270068274380802
958981334
37468471
65974890
2991847975
854681680673730561
3266602596
738347870600998912
789151567710711809
882651920128552960
220478007
2653207298
765756231789215744
324534630
85597287
263675612
713091070666493953
876634770918309888
229436014
3079441320
715603871951753216
800616534502539264
1742804707
784233300076425216
4870017362
863614098260578304
843983986523324421
1484732197
741201901501489152
2894040989
13459452
2784561011
2259127692
730894349823676417
419520517
772935183322472448
3232881455
3018960919
20878297
571511391
15081340
709776633243242496
708827623154028545
826268853080465408
1044928850
853204470242697218
854097364423987200
162185770
3117058364
4683437869
731734650133958656
732061772815851520
873720770916122625
741068948905578500
382328081
57701105
825257934443651072
3267456386
88168692
815742373372248064
838466690006597632
842141533759496193
739431710958489600
728331474382938112
821348621450903552
777578715224088576
620339539
790196362998484993
2155168740
251052944
807648429711228928
15669672
4144914142
794757361974054912
781817984025260032
755852400674480128
96910944
81948149
171881218
298992506
19780648
50069007
78905469
17632266
71229689
19396413
74688411
57319680
775598465082531840
3006943505
1275620544
1627031726
845565360799649796
986811270
2377487094
467573735
2200075155
746658096685154304
2195789113
722438106071375872
846944564694990852
582205032
2705002822
773515105640312837
224097357
765249379624116224
3231770820
249270985
709110525578366981
29292341
872032452268707840
877931438074728448
878459512717541380
878642817534263297
878644877453557760
878641998911205377
878528436704354305
826710032259522560
815874811675156480
844378852432465920
779880363111936000
752718633961287680
879765901528231936
20844337
451746511
2181493660
858861190390448128
3957788915
162411004
742749379623165955
2885705823
555370896
270327100
523085134
3362688082
3209265820
4113724119
3071703285
1720023612
800801128136880128
898277490
816743459860189185
781650957755113472
2603267806
867475561198891008
351807725
49234326
2869844368
2745635024
807295393780420609
726847243983052800
808909197312196609
23549130
702524531412488193
15362651
18208354
2951963678
1367939328
1937464244
875530044
2343067570
3316704795
1551815628
14159148
2991660165
2836875715
1965207578
23260256
82918888
2421479514
779413113154207744
561608826
205889317
2777258905
3286140342
1421721
1680559656
480968239
232472643
3005116410
744070482832596992
811468059827269632
725022484467224576
821183046086959104
785639730666807296
1378309819
807812802761158656
854462442600108033
854847520895365124
855938928364449792
854841081413771268
853450980800770050
849074147485507584
844681401668718592
853053240979714049
838556952896679936
846990726726651905
846553282407530497
845843389740433408
591225763
849344498996039686
625929938
3349427633
840074029
2932291403
816047413542719488
800031696791842816
832598239111213058
873876761494396928
2723652634
4200373047
2953422203
821486920077221888
500497164
2149792819
426509366
2256750018
815302435
1937534324
2707635152
137608304
864012677718429696
3355792755
455264233
715272727943258112
869327584697479170
798788534261817344
810664520343552000
2832135565
81428340
2768557727
278608990
2902374821
858537931337629696
471140093
427930773
776502771860250624
1002037376
373526967
19042105
2501216858
369583954
806217663303323648
793241647945437184
786191081205403648
4883639087
768909331043495936
799471710051438592
49366465
4860282598
745608207993712640
2736700398
2872543355
4835333710
3872346202
374176409
931286316
831291192125960192
1608557587
408081225
874006963566280706
797577148592779266
52048333
798476806537953281
39344374
1299505112
746437174736879616
3634508187
852247359501328395
372896748
127070827
462505303
394056921
245761665
138203402
705405812
827660520366878720
3227454601
1259176350
847804409044099074
826903218290622465
2186545345
363845585
270588803
148461001
434708922
562555526
3939373397
4073109312
257145200
758650563307470850
192557923
797722242390097920
1634314416
133407633
1265283044
854131015148855297
556269451
19613267
867525126560112640
825106547680346112
822470964416020480
704181782921486336
861238767612563456
835460059
3236135512
3131048752
2529823412
822456580377550850
712999409764663296
4196983835
794288876361613314
93081569
544866615
204167852
869214982839320577
863958376845197312
843836461459881986
840732848516603904
852483272
4549070952
3098445577
411135945
708595485435625472
3353617714
820948245358768129
2377539780
19217369
485828885
867858460293160966
788575100450648064
23580800
793552355446755330
351089565
415138288
3656836876
850731700174729216
1661263351
867380208554442755
790701890073989121
816435072555433984
90848296
3382121055
850178311506374656
4331176115
863190345349201926
1128443995
846498197631578112
825445747
3183631639
826756673415049216
759800947505639426
865990890975834112
829440249726132225
222713000
3308140593
859540178007928838
4261318354
632116402
243393079
15046794
1957125536
866834196941164544
835992435431997440
803742840874536960
831995709222166528
4164184454
16190478
810717686640635905
763842146994716672
824057238369300480
851714902498717696
59213681
820781331001016320
3177515983
2845849081
741057139687362564
825783391064772612
794207551818792960
4224991835
705165834524696577
840023646458523649
866456133556457472
829010075977134081
832030113537482752
828116315923636228
126271371
29258026
330271151
714804394852687872
591672691
848324656339857408
3066063849
857001662
742072442961723394
803850166025551872
778227861476048896
832032264133410816
57173406
864528771428364288
29210791
370526943
860922101561253888
91372751
857167693811765248
3655772716
864606638594023424
862776134022377474
247162698
130678585
858773150087225346
45760177
89319367
716790349629427712
2284431716
439425408
2618545285
97682466
3099697642
617412267
203756288
843574222802710528
3820613419
853846033260052480
3939294374
2806253912
863159897764089857
4891767710
2336573456
3246210905
44054652
1155289062
61749344
1648549070
718117017153306625
4497880153
700519851962421248
51579767
2870078111
1416273379
3185527934
796834346837610496
3221089281
4905881729
768737240876847106
4813256536
860443100799545344
822215679726100480
14166714
1725729715
62414046
256651935
843844870276071428
2865576918
30823468
318641738
38666008
844449605509111809
162711737
789472657020366848
562916499
1226167963
182942957
43498113
274087087
2508406506
1609118101
739288585
1967484704
469526276
4501962742
56674565
1271411754
552025874
1475207178
1305684487
833064044449955841
1134681
832965456164163584
795364084686450693
833205639644139520
835204609719341062
842563878147969025
854695090010427393
15903421
834590418410958848
735617909914013701
836231821503381504
823997006192476167
743232734571597824
165078069
805077958503387136
778662614054338560
3223008254
514384144
84324670
3609378917
3081064288
940368062
1662709308
860648802
20757201
823290879909707776
779138331846250499
834840973624561664
1353336050
829664091367149568
829623417280290816
831887023308943360
817880247777435648
774718101623627776
273381975
822200433628315653
516817511
2837497140
19288813
2343841177
1441803438
319677725
548136534
801124986165624833
739905789511471104
731625421956128768
19878055
467620549
3494910561
2747746256
2757067388
950142270
339566435
2832127183
394916752
853445785110945792
863271446885355520
29792625
739607592
729594455662026752
166163216
25084667
820188286610264065
1914396080
2255605300
763771646549356544
2864960801
849393314449305600
15143478
116579971
95092020
4094970558
1655640895
160662502
796194279731253249
833545397486362624
3846303689
795456455763759104
857068644144164864
421575263
1587217921
4727899720
2419181780
849453564674048001
3497646503
4170348735
855501613867380736
726472651275931648
790390195363262464
839976631909396480
838222353616277505
837853658008195072
838364614819721216
363480365
817058358020702209
328243175
3245107564
4202808198
3669988757
17223116
1474717591
806126939140395008
750502962385063937
2210710508
178463081
630935731
2675570268
18363341
749709902113861634
2450719146
1851804024
270659976
20965417
247399077
23009250
343287616
1158619854
1700882214
196419806
3188194355
2377665926
20541787
408162533
3178685402
338144720
128004089
65330393
227305015
267385668
311560422
55876748
2270524418
3353896739
3360797854
3259762831
3347271311
272049650
3257067300
3347263259
4606670113
786906797672173568
856130686335369217
1734832190
4875347956
4297571413
3437716684
1535327719
341658469
350690168
2420695428
2888494182
1290569952
4311615622
19718687
1433053748
1601081580
486612546
255544625
1094922224
834110587181420549
704036881512669184
827462158682198016
828030041166475264
858515354955374592
852079959799713795
811922833
16163639
1906344235
487773965
778293671682646017
2316464970
830164464678817792
4429973234
832041628315422720
2181929256
3075793968
829181438884974592
783744362912092161
499230066
317549563
411897653
832309450731974656
826990035622825985
828374425196183552
826976514033991685
828109096683442176
770027843975872513
827195378248347648
827287370751938560
828688977649602561
778164937541779456
829170543752572930
829187478770823168
827193077249011712
3154667068
827560426623864833
829986485868851200
830658083273601024
210424042
2847612472
795737664049807360
3219330344
848708390566100993
2344358742
834190105313153025
834190762451542017
4498602028
22703645
137645230
147989108
605974171
15559134
797514160548544512
80953457
224183827
966390739
825648487194849281
385542199
814293126336626688
293572622
323978597
2416960574
47253057
2197335897
3535152796
2166315339
701251180010283009
2260805706
2843713972
455261114
844434316943904768
715979593090359296
774803390920585216
1952548736
4890087124
855138278982393856
1346121098
57892088
855211372040335360
20253396
15274836
346402547
45092762
2699703091
932721012
69201180
274891222
2865078826
24870433
21822997
814365134403633152
15063486
822865517648154624
704287801311928320
823287522503655424
835043136434995202
578564978
128633483
719024310468280320
524571638
471767827
1069521848
769893872927330305
403781628
15798091
2368624716
20327708
2752402921
2570000082
526000287
847990436845191168
282747242
16912983
24166202
63485337
4299954755
379767285
3256876080
3946458353
3385236489
3383733773
3260357396
3376321847
3350114513
63916509
22657914
705077269
19899606
1320528355
3271255423
4846563401
777221117505261568
796910319591428096
730415316166168576
815659136633466881
823548035368161280
821790918420336640
828342085388529664
763789779775344640
805169000355340289
822657273898168321
812441657450889217
563809354
828482173392953344
102970003
3041446247
339569464
349587576
3304545786
886207832
1380971438
828428068318388224
628038157
775696688489099264
311229736
800798760682983428
793964218533953536
2974346781
772221864496226304
805816942179258369
1440636769
3609762852
411380833
4105765714
4352470153
2853461537
805131336440811521
3190822172
804924531534008320
798926112554422273
809364690455314432
823482256215932928
799537661610442752
51489710
501389799
815395450270281728
717340176486375424
23022687
902200087
3381074297
821861691088633856
2532362760
3294049086
4120332556
2918776732
783836435799429121
785017947139952640
749474748271255552
806268876052799488
275276082
819817459091787777
11912362
2598562975
793658879124963330
3062330308
1083796542
2279553571
712737050311548929
778079331251687424
761336146416668672
756784578312876032
756114990193606656
755859720565424130
791909463888277505
367888755
760863950460194817
2743220509
813967189871099904
480494661
804459033621041152
804152103279198208
2279709169
57734851
804414068874444800
766735292636160000
730924671525367808
725009166553600000
780973585372291072
3928100969
3298145299
731605233814540289
24127811
2926270218
806248845969649664
806554632746979328
813806636707893248
795620163290853376
2373401372
791324546796314625
19222164
872683897
2924218587
2991948728
814692170825338880
3852139156
117234024
792393470782636032
498908294
816060106391621632
1020807216
121400151
4888368976
2234963018
4924353328
2574636038
443562486
739166229684998145
560402879
825501626
2155582873
808784283443679232
3120025702
2787250985
3353731715
17755495
2768049672
3099996117
2843567584
52368160
164774076
311976920
2752814926
249594580
706171387937890304
3381695405
1541949020
8548452
813441633660215296
738579841063124993
784094416365584384
3436289099
231204463
1709611718
548347709
188580024
764186900064247809
1073675666
712718404839464960
48196700
3361885139
66324590
110713063
16568227
84038642
292927415
511402689
2265135690
3656218221
3092625141
766855763474063361
753939280670502913
763313815
778381773092769793
3301168301
4916153843
243561193
1642755854
2346847388
402972670
311130367
707360910189404160
4872524327
797467117532704768
800127040217153537
4711653568
3023037872
789309478625652736
17980523
1276628905
2383282580
718946698198970369
762799939395158016
966562123
523547193
240426992
712220612693983232
782676158005469185
27662600
771380937124933632
745273
381017134
754398090996486145
2493246408
809958692531666944
810692738387562496
1530767479
805223648499859457
3029257097
761393016049246208
3289364212
26283637
779140607931396097
802940428764913664
279157541
272383381
109253093
20710330
3816567737
802689116739604480
3906705990
134610558
316327930
28694307
372922391
201857425
173563873
338240032
39348006
21801907
786913559389179904
32302688
3873687615
135441822
16897352
2515229856
2596364148
275444523
3064404057
3362500474
3086981681
1864191372
139997995
232305749
172266211
81133226
3053392948
91377850
952364011
765618069062422528
3305845775
739133515170729984
714393341987856384
1060058720
807512074893004800
3260285413
41778159
2824244902
793800710433411073
2434673221
52920970
796935052001034240
502921274
1494648920
521167914
751091958345560064
715605614353850368
807038979145134080
584554949
4316769252
4046848545
281890963
69334073
52884959
777731611806863360
712072062844723200
1582853809
2427329217
708269286607953920
715374924588834816
2349023034
723458294375931904
707231479047315456
783842921069944832
2256217711
725873063628312576
800860984680312832
19974951
791837671207215104
725361360931065856
715244092335136768
732488996341719040
798624989142519808
743468305340563457
18643437
783367632606986240
4288994138
90657826
798681172519899136
2188144670
742143047157178368
792611674813411328
3236656398
213909454
944241342
1852899224
786599389326344192
787747345207291904
3044268353
799994428026998784
751479444351676417
74452613
57824414
18450106
704309183101976576
11018442
141341662
18194079
16636772
21659166
40349928
7831092
59553554
3079976824
798935030747791361
860237030
108465379
18815578
259728817
366333581
452172246
112026132
513371281
542634077
1644415584
1871392518
607908570
918976020
447532101
601769225
2391990235
529167143
1710784405
2479952155
843355242
897579074
542258330
1595268510
316084728
311117650
1109585034
1346710634
434497683
1923389989
2778564246
2458474741
2842520517
36900352
864933529
2724696118
3033041651
3063756631
1011699356
258357768
4825900933
3407015013
2904401680
19546529
748338690854789120
757327370785329152
758729773833080832
19066345
2875524785
2290064606
244072545
17918281
2674638409
2336050548
173673231
4216879030
2903979971
3096813726
580857186
509274630
59043234
64253326
54759492
4635596660
782111499204657160
789896985230860288
573918122
722608981793980416
791990014230093824
710317912377008128
713436974045114369
758756917565132800
797916499021365248
723359882863206405
727854268934455296
774311630
756896486076641281
337611162
3189320886
3239265460
2274777314
392893830
2336823235
756198167880736770
25310399
821415097
2809256199
1628322156
468056951
11691422
1291770157
255545898
786228061100400640
1640543659
80681990
714307069684359168
787847062213713920
16188864
4625851530
3744558747
61988528
3160442850
162911380
932484313
584869133
3251206343
413133162
714969497656909824
3320378945
2318770766
2511203336
3311741535
392961737
941482184
3236743157
2277959887
281480151
414810221
14315917
775343551387463680
743987773
1380564510
2601418286
613954086
1122876888
234907442
722068970786975745
4557504394
17853046
138620865
36247903
4288322237
780015530010873857
2235245465
2838423727
2652136800
3067785442
2827724400
176372472
21398656
2253372247
1378326126
747771604323557376
3158334596
4907412004
3394104999
765769798127083520
2903305856
784917271156142081
3305506851
6393032
17046786
4330569813
278409971
3291369402
599817378
56143410
930040429
468249929
142740272
137206854
576539861
22555984
1279058966
4726696817
252669325
2370359479
18744815
3383526418
1941432631
1913345935
1334664505
2393918488
36009933
18513777
746619183492898816
778446542357172224
4893599590
774614125095817217
2329977145
1129720458
2888459003
703149621900488705
4303298356
1560875191
2385402463
2907774137
3296369028
3952661537
265481588
705613394045440000
60919240
769359324812496896
214447361
29656064
771136694657638400
2425231
361173892
18499869
168217686
745714120545046528
2995733853
4647164287
2789157908
713181919689707520
149760844
182878105
324236072
1217528712
774761928
850036892
105901883
4707027976
1597105992
2301447301
749827456073240576
731570553576951808
775870494897803264
4462881555
1228486045
2296393974
1343492959
3239607127
2534195028
755259860623749120
3296764530
758030810591039488
706295538245902336
767287295963566080
195271137
822215673812119553
30313925
138566318
515971114
3389342548
4810512147
721856608049963009
23522406
316686040
759939208576315392
818189040
3817159634
4018707253
731317364399177728
2854755036
751878177371414529
2920000789
744006310790762497
776101924407959553
770429359874121728
738117044940349440
750851361445732352
751365910070431745
777389747605954560
2898778319
745698237613477892
20941765
3317920599
4056261869
3506943077
4726355358
3298234152
78085410
358204197
247723476
4745325552
706257469262069760
4627236323
1564175305
3219461544
3304168736
755519079344017408
778136295411449857
762297834171359236
2860898992
714061980332593152
4831832738
2525488152
50769180
749767814366441472
718889672508907520
784228314378416128
778396059873796096
2611947746
3139495551
346504535
2442805524
3550592117
71119995
3430911507
3562567575
3453671473
3389768793
296110597
1376265474
65927256
16138414
43351444
3318054378
3884851097
3999234807
3855272473
3231972066
18711020
4021292117
939142531
720002180531544064
4562249532
721871402610081792
784561300806434816
784631959301521408
777883544924352512
3316268159
870899976
2539681779
2211936187
2209980606
161599654
139136693
4878829277
2595693222
3195751622
3016015905
3547209262
4539679819
3361972786
3033520264
3299750951
2312501143
287871693
2305590960
191213034
21874459
875573178
18924384
534434172
948407269
1220078930
782464780393148416
99608225
781374230013341696
5797952
1127286020
4502064200
49453850
2356198197
844081278
25657863
139196764
35562287
24694296
145953421
441330704
449285701
1323202016
94336415
1372486741
179202323
356418358
45317102
915287041
15431856
1103715715
83382182
104201057
17881816
468756028
1027404487
2401987555
886318374
365101425
2808983213
37599351
480903433
5745392
1717464030
2902445481
2790150188
91842993
378204367
18721583
345257174
1613227219
21981121
2600665502
222543773
3225975615
245301478
2951889245
538787226
1595064032
3105864599
76311005
230927249
2819973756
338655059
16146117
93464766
3399439972
24032390
117893197
62990600
3785428276
3324868524
27121313
33160996
29874079
35302979
2598183050
3998748137
1130530650
744537539512459265
2581567368
711623128334651392
739191622353747968
78523300
2180934732
796103341
2541357239
2875166787
709625249206173697
280339608
1900293397
603413532
18904587
14669951
739804789651963904
772838251057020928
775547045968883712
21613794
3412642223
2794782427
3308456234
753920527060918272
58569513
1401048752
861759409
755482402483568640
3081026023
765297777094066177
772235369500725248
724525978760974336
4026379247
2903671648
3396412048
1668847454
750376792842727424
58806510
4775533818
736847435314528256
739300534536921088
742106389984600065
89303374
740327937912639488
765633940749111296
702220178021548032
759893131877724165
753466931529809920
4831397327
765540202655932416
54800791
4790260051
81207735
22203756
59001488
768961042865065984
739664390417317892
1669312890
718738734263504896
3289906437
1570019000
4877947432
591908609
481425334
1630533924
542456391
44593234
3195774341
720822770704195584
1307366604
2223826844
1205666185
252672612
4147851323
1321565994
3320618587
453317147
29465136
22146210
113987669
3299795462
758457498294558721
5656402
1081562149
4122226696
28381563
736743954582900736
741195637090291712
4520698393
3498203538
16589206
746624539224748033
741633270442524672
3130859758
2932581485
3098026668
4399065743
27724361
3459422594
3008301599
32949727
2304906253
3271385444
3270503953
3004839077
920126682
708888523
3877552513
184910040
154143068
550886971
526444976
2387779848
427079352
22424645
16916445
337320462
872606893
486766063
2207794754
704369311004139520
1634208277
164070785
770376163
3901013353
2984880114
718090353
3445704929
721502167811489792
3235222537
718572774621605888
736575437397073921
3077866248
739827981112115200
738939375698870272
717311680011755520
212691885
3418851852
2864353651
706259349660774400
1675128804
4387794747
1336921339
17798031
365073587
134360868
1144232096
413370621
454030274
204744472
466783224
28133951
2821712634
706202037218889728
76723418
2343856357
3536963279
14787799
42786325
2776661028
3795256100
17454769
162023981
1206108030
240107748
494758799
75561107
2167525794
3566638694
3958327401
1394399438
1630603508
711535251835629568
4684695571
2339238427
3214303941
4717892303
2478230610
19599446
44014149
3403187085
2170401938
2740108585
1877198120
3291742933
2514675292
2978539917
2869051703
715746352400113664
1080881077
392133708
725346723133034496
3718513637
4073148433
2432310906
113448735
109119701
374594501
295731821
1851434622
541334839
308016513
215060612
701587683575869440
457984599
4123868176
3747197847
3018742509
3291773083
714838816884916228
14862190
370291114
79578431
17823790
39524149
8799142
313038011
3154508072
1459226126
702016072514404352
597935087
2449608637
2580283244
718407242760884225
4171810933
710693090055610368
2260849986
14839147
52352820
998384479
2534173706
1066249052
3714420136
14458643
2231109295
2363203740
3291499729
295279278
2596827180
2312144515
2274646646
1720757281
2716396488
2405216660
41840341
491776264
69277202
2290351170
205622130
634605257
1862831041
156406768
174186133
537824302
1517964894
59591873
83992997
504391168
377765746
746772566
196168350
189870199
127077124
51253171
146279664
382601428
53979469
111769068
19017675
209693451
390882812
153210866
106204123
18956212
729409729
2654555875
3454237574
4439232376
2463171746
194663746
241072354
4867257995
1541861504
27522964
2472399354
2984243591
43661233
28618036
388933908
2349347329
26565946
25521487
2889585093
79293791
90420314
21447363
2345644417
27195114
145107843
