1608180980468125697
1519005650021502976
965451112395415552
1186311836385169408
278195488
1024930357
606400487
1458892174330896399
163071725
406290234
296285570
1242201852567080970
1500129642
885283199307436032
765984556688211968
918090825984364544
360918756
192390432
1310974251617329153
85796380
52660746
1255644434580062214
809477466872025088
1155343131501633538
1633539073095655436
548258435
1274715636518866946
459194595
24127811
1517417467529805826
739326540
226222147
54716387
1063961320532324353
50508101
1416212479865196545
183767243
1148711615686160384
19027427
803420516438724608
189191018
24723039
23102350
1090755703717933056
14276734
26799530
16989178
1596618068767264771
4405356737
108465379
1201935772158439425
337808606
850036892
537709549
1329855284702040065
1261815039826309120
929965004446511105
935083829672529921
24229583
226320142
1415777731535458304
1530129316901699585
17995040
169686021
273206418
14499829
1281228758
44196397
18584875
588703829
69441586
130956302
1233831915485978625
1071865358418612224
1297981141979246592
423178047
3623795001
2874102076
765241482974470144
19211550
29658469
1214345382584635397
1102987848741998592
454232867
21822997
252941954
775696688489099264
565216911
971157641912229888
2290369526
2432157806
2522891629
1128006760973963264
204349049
1246440482760085504
17918281
1142064494157451267
4452836555
751837474779987969
749878942358573056
1558028102
4190565509
2363203740
2221529390
1560484214
924567840
1245828900187496454
553721053
123975474
1211274372654067713
1033347878
19738104
592730371
2349438030
823261428077514752
467661480
44079745
292737651
66019768
15976697
1202756880004780033
1164493790972915713
1404590618
188358977
1185977202569076736
317859781
19408552
39768085
567523972
1158336956012597249
838457598303223808
1918574360
1092571803388649474
5947242
1679079326
11691422
2863324024
742749379623165955
521167914
1146509923683131398
816131319033950208
767960339547774976
1194763582661111808
30129303
80924518
807812802761158656
47436923
590211920
624210678
763002692893413376
350822109
18891076
1931893196
1190856738003652608
1341713520
2845913776
2184995222
1091718864952541186
28325203
837555557804339202
52499646
40517770
170927863
193160214
599817378
772966352114094081
226194552
776272687
753934193294446592
2258332112
866069141576441857
133427478
17060573
3147348257
875696023
2312494016
477864155
120616455
811202041
129019194
1276652162
2332951065
730693248147030016
987878020508774400
10292132
1066187390178525185
257245904
9533042
2432310906
791112163507044353
33665720
2819841203
4835333710
856162158845059073
856991644134068224
274567177
15987296
19670226
432557320
902200087
64643056
20374262
287413569
247723476
18208354
3105470573
3375830975
3267456386
23703580
25073877
500704345
3214466631
316003254
451746511
3412642223
52352820
2231109295
925851505223012352
21657697
493353561
344900436
50695931
196168350
50769180
3165867999
2646280429
845728536
984431192488529920
19091173
313038011
3018742509
27522964
22703645
19599446
1226167963
499230066
2349347329
53979469
14458643
92844900
74760182
43906698
27000730
18643437
83748727
42750334
1027373173409505281
18572546
492571070
93925458
