1221547197474451456
1432854553242730498
16936686
848279118
16395120
1567370322390781952
1507037811278553099
1631868328435232771
21267417
1685929216158875648
1240641883
730329614443270144
1579455680884391938
177113070
1355225690027806720
3396488122
1246080554807840768
1179674640542769152
30378270
1498928005
20493204
1513385697411051521
17585653
888449203688677377
884299568837349377
912242994568364034
1663024460247740416
1678915119374557184
1549461766983360512
1400959121634041856
1191018286663815169
1350150750966603777
283741098
1466204882193600517
19080151
3061796219
86419492
239931799
304127632
986045458819833856
14791251
1562853712942379010
189677429
1568587771773861888
1041573343
1551271924319375362
1642973548934475777
47379354
1600307346458042369
1515395982879596547
1276930871904403459
2982376319
988185926
2595244026
1480304164337033217
1590936607749820416
1337151218880311298
1443186925096087557
1387219918597328897
1457867047334031360
200923051
1120633726478823425
3150987708
27121313
1653667129252622338
828621756776607744
3165393827
2383390201
1463792158528344065
163071725
27012070
1876001052
1613092595520966656
1395771126488309762
1321856468086382593
1108472017144201216
90484508
2607518099
133938408
1227799690579718144
1440773477040934920
87615156
978265628426432512
45010722
1188979911958118400
1270449309402759171
24602126
1514502401486639110
1232145523
3623795001
1638800105401622528
48410093
1279648053599838208
1559556660640849921
723200033634439173
1010901148008681478
1900293397
548263294
912101715490504705
1425132709098270722
21149655
2519044628
1411669856231985153
1405268334485065731
795950214951669760
4413817101
21337593
1486069441259397125
19536434
1146509923683131398
132339474
1559638988289441794
259379883
3095130883
34743251
91416107
1287946186041810946
2274646646
331290294
1020094257317597184
590439499
21514744
1495585131678994433
1054669807537156096
1086378912
251918778
1395770640809054209
1510448086765633537
1484600997855084549
223238349
622310854
3206256441
19910041
1324756296315342848
1468128292029014021
1603561263015026689
64596856
1575591441207738369
2316383071
16912124
1722806024
268738761
2966541849
1244536359911645184
599817378
54514295
22495024
2560034892
190298721
1529947182010232832
1486473049146904576
515822213
1493311802511433737
17376893
1388440355494793216
16912983
1100505061057122304
116835497
1078693601356509184
1371581088586420229
1149355245719490561
1200509954718916608
769702230
1059871261092929537
91583544
3328437965
18847632
1067649422815842304
2597415997
2871659160
255513598
1613323500160454656
280822613
20769514
274567177
1190300554171473920
47475039
1547772995028267008
1607186162292256773
1006419421244678144
1174153996363345921
1025333759573471233
1623424387
1524407286910930944
4200834237
771970414155182081
824207366484848641
1041044330092195840
1577332222402723843
1355097382757797889
877295296828522496
1323256515151745024
1464322912979144712
83795099
10666172
1602565127362019329
537709549
1491602418781638656
22369602
99668738
1342685742779293696
52920970
1334453406598041607
844281463
1585797095155433472
27000730
8865592
27698202
380749300
133343254
1222773302441148416
23859156
1513194611396816909
1178684689420128258
37738073
1305006834537975809
542729893
159943752
2864381561
155581583
144611647
995137594492116992
1584756267498803201
2868329501
255812611
1505481949854502915
116009507
384091318
113137765
1512557049103757318
1577429551352799233
4860651614
334217161
316154811
1957610664
1531750846375010304
252941546
1572369591149502464
902600533260816384
15537855
4435227552
80611812
2939245667
370879693
1291165350650712064
1532792486741123072
45544324
1362221089494024192
2570000082
347863491
288755234
1519708575760846850
1350539645872963584
276540738
105327432
1476962939236200451
1451260712228200466
162063442
1480749782
19608273
1488158047583318023
1556873353343803392
22107744
361919460
1490409021026844672
788662293705949185
1409712391986761730
908856245414531072
1186749436342472704
1489379114242875393
1496312248834342921
1074323845
1029501462689140736
739039790318788609
1224715565757030400
1301696889297928192
3441357856
1474392309915602951
459843135
1415384176593883137
56782682
1354837488653791236
1529270454
1270191
11347122
1344011503838654467
21414576
75774924
23187207
2228644813
1332630685
1499408778294218753
2835772068
137369407
14351178
897466731551219717
817103331310997504
333325020
1535337301508751365
2369157648
1533056253794074624
15473574
40219764
1370317296766382082
1294057478754361344
2816466267
1436147003780648966
134321104
718916004072570880
18014620
15506669
1394891305755373568
599515941
25913049
1248057106273427456
825214104965111808
725453362838179844
3051623806
1083884006624522240
9273802
14171401
1490711226
1475494481260691468
1459582667339485190
1326273765941108736
1180871463395454979
1483211333487181825
1518689201427996680
248917209
17907987
1280298812314128393
4893895034
1506379688012304385
732649152807469056
1502797910811029505
1494396202762317831
41012191
996923362386546694
1383824091228950535
252592692
744969111688515586
1403015536879996934
482388629
1043629727691563008
1301307867719503877
185911428
2887955249
1688796138
35664186
262219168
1364504130438516738
1314038863
12044602
571360922
18549724
1356514488451817472
1482479502223626242
1468028700801134596
1258153337498865665
50055701
1326951397628260353
1364845405
1270445293
314587185
1209642294
952626408496488450
28738391
18025377
1106321031566893057
4107939250
437525465
6134882
430250670
888183349864476672
1418015720437395462
456066153
29695330
1310305961018617856
1458727710600138754
122685408
16672159
246311136
18839785
1183418538285027329
1099570025491423233
1485068728412913666
737776450925932544
1462640594791055362
864674587518287872
415138288
18154797
1471542956
35315192
1468854110074150913
1468771273220268036
239885144
3187410527
932246077150986240
32726980
1413356142038769664
959537969869803521
1289725608558198790
1433825604491677702
1468289486954332160
1335237183234519040
1116809363031769089
2473237641
15464697
14486697
63051990
1733467884
39842866
1017433490
3214466631
1261862653342949388
1583045990
1112568672021676033
936370782036545537
40426297
484840926
16170253
988410133435777026
1319119644637220867
956296561289453568
813311743
856025974735085569
550214722
1333800441260298241
1018931868564180993
280630809
20579845
43081138
867525126560112640
1376054535303614464
1009716150895341568
1271282468717383680
17732153
2579133678
1141090148526034944
1145429843401695233
1107732377256648704
1344499638410338306
853229442
1345531730116153344
26849735
1068165268482998276
256159524
618300542
1347746863781449729
76351820
1353266784321855493
1149481227113472002
20280088
1108050829393707008
386544484
854840560749826049
50295156
1341103806285799428
30352096
2856447842
1211851854071484416
1183875753626222593
1383580834695827468
1044928850
740724798
1322868572113297410
1310308952664666113
45489122
3599926766
997428386
519438862
4795927687
2824534801
1343980441724923909
1257049521248505862
261689780
950536822916091906
116363549
755024353708892160
1542228578
110835004
1297685833521266695
1342862084048973826
1197293978
2568108282
66372521
3290855334
55573873
23922797
1352973686232510465
583771138
904525544892514304
26548315
1280241715987660801
1279639824861970433
15553222
356408677
31374301
337308938
1349149096909668363
250980843
814282091571642368
24222556
371967650
1045110787
15433452
17629860
2474749586
19334118
809614172
111456333
187680645
789747718004568064
1217559748557647872
548078410
108977933
1286486466114314240
1138844783609286656
742453163098296320
1124769278438400008
46671731
1316390684
68599584
39078695
813286
6332572
65375759
265951489
25598396
322830431
821760439247745024
74820061
1109379084780331010
18537910
1321191268375023619
6883122
30793542
1152213233605992453
182819292
21268897
18430758
4898091
235217829
2986939401
1112717098055331845
551349832
3330431235
6385432
1303587098994176000
15143478
431742890
1295378701744578560
81247869
4831418141
897757598988021761
17454086
2511701310
1474717591
1060842614
258283931
331816614
1244083799274766342
46233559
279724573
835309132509024260
19571299
25916881
793616873476747264
249601765
1181609335174115328
1243235300522045441
1383272101
18785654
372372537
2863324024
78059232
1143239749379022849
1052744683489828864
19671129
208623235
18744815
353040882
19715003
939091
27966935
57097104
1019625316187295746
805693048223047680
2355254546
1123847711835471875
818927131883356161
60659498
567336546
1239311000572223488
16740433
319268829
1468548817
131144285
2442466385
1194010389186527233
1246512557084590080
580398317
283258239
53469538
14113766
1225135593937465344
1236557193752657926
1242788624
292558545
68742060
143104075
1226902070705491968
1453258645
301863076
141627220
4907026480
224659331
16581604
14855994
1054047079599882240
271452947
895814938995957760
1189289546694848512
16496577
1140705543440556032
17685258
963557278254292998
3184221976
1562177648
443563637
423178047
57029492
309309523
899401541177622528
23047519
24889586
369583954
1969683889
711310165266419712
988573326376427520
32004130
408806531
34240147
56562803
2565668196
353422065
1110549860992929794
16139649
21413921
961445378
197496309
224221596
917158860753985537
17768307
43139414
2864960801
1174465871898644481
329746058
1044079515583033344
435571397
211620426
634496564
2237908050
226344061
487942988
999459401357504512
21827211
1040666772901425153
27226503
4826563611
2842260549
24491859
325594003
3415037892
1152372215746199552
32939851
575827106
1161058783486992384
23635356
18208354
1116236881409089536
36549643
1888761
69441586
391534562
1034954029896355840
53131125
1110910761507934208
21522338
362028861
1133339161463730178
15211869
1139574829802090496
952262175128805377
472431999
995431365888929792
424439252
2270966904
46775436
3105470573
337270170
746199836953706497
977163201807872000
1028532780
990109797558054914
375721095
75875590
753815138528964609
740602594280673280
208361818
249547283
790659465951358976
565106322
83189866
885208683352817664
1073747267188809728
63485337
563725546
16948493
37819699
876408437814558724
19164958
831984906896961536
971498870772584448
976992472868970496
200514238
19146492
880583946169335808
389229444
37501003
783792992
1092039794941661184
2327592480
800707492346925056
20722476
841569150
156406768
1230617456
1058448050207813634
1073023946738536448
27457788
18572546
494027712
139423499
1072909224299151361
14276135
970207298
14075928
3870043216
3775360879
1398479138
95480831
1356030014
270839361
26637348
752314280758931456
7118402
77853610
17983287
17189922
32304381
62737122
39295587
968431459034841088
16559570
990317363915579392
998528950992359424
20837035
952695919014830080
29417304
24787367
282747242
942358136
216776631
125375423
1119861073
796194279731253249
9840002
2725347015
701183219366932480
17675591
304679484
885838630928994304
913706406
142018510
405605548
942591372829143040
33772666
138203134
861840789416095744
959552100979150848
70951142
381289719
730121169194655748
163951423
64481969
850763376263299078
892130360888352773
900285272298053632
309556475
912900342333018114
126364026
1976143068
941109866202091521
169686021
2984243591
948303184019193863
1699016910
928359364095889409
16145029
49736166
17728882
815956412681555969
951644393525694465
973471717937967104
765648692099461121
65287423
15485844
16157702
267885642
871650706381561856
49279876
78523300
898575243308015618
19878055
860222796
752168788204916736
874658640774414336
20568189
738347870600998912
921035226469535745
34916539
19599446
804788113402974208
711273343396278272
28133951
722127759699505153
91372751
2742941960
3130731489
3107509399
1601471616
922165520845234176
201949807
833745288
18121069
175161093
907391259098140672
907288402868895745
407013776
43996908
49698134
827990528151072768
3219461544
480575795
12685932
93069110
255608441
715907510
2347049341
876570335537233922
894748894789115907
43906698
170254080
15081340
1459226126
3177515983
15859912
47687609
29498906
117777690
68861252
22891214
369848802
4122226696
104797238
818982672370237440
20343694
18245751
951915308
763771646549356544
772966352114094081
145344704
985749294
224097357
3235222537
1483299649
21846652
770619360062898176
47436923
42244985
807095
749503313205485568
95092020
34371118
900429062
35304791
18379614
27075032
4301692642
807812802761158656
762297834171359236
1586501
528890147
835860570561777665
572867000
14844867
2610099344
822100111400566784
9321342
48117116
2492095741
21212087
797311126325235712
64229716
388983706
442832665
829012632288034820
40116885
22703645
818876014390603776
17061263
709374178227425280
215971578
26386045
791691925363560448
170699708
30699754
783041834599780352
348723003
608061536
108698830
1281090530
742749379623165955
916031611
794750862279069696
351579829
11582012
704836542250942464
808794435567976450
19139963
108465379
217749896
398271367
796914547449696256
27442822
3291773083
17757642
463765807
295298172
701188590169157633
91882544
148900525
18831946
111216929
324236072
4871685341
18924384
8291622
736743954582900736
2209980606
31047836
4147851323
116341480
726894220452200448
138691967
2800581040
71048726
720822770704195584
2514675292
2743713503
286311652
739300534536921088
1645794463
712689117658787840
706959926879334400
546135718
14144881
4207961
43317911
16589206
240454812
711188856943411200
3164587328
751365910070431745
42825230
97178753
23125257
2167525794
216299334
1043097751
134360868
240426992
162023981
1206108030
3412642223
16936870
2303751216
193450289
247723476
709839153769390088
710071621118087170
3957788915
2472399354
108471631
4867257995
4883606619
4860490819
80082384
520449734
60784269
2463171746
4439232376
2352957686
21210721
729409729
4283132548
280339608
232675588
2815347547
3949702698
13524182
2581230306
141834186
2654555875
3454237574
3714420136
241909899
312696314
18686907
2479087773
397416864
2363203740
15962096
25073877
190406668
34262462
18197316
2312144515
71643224
297688038
1720757281
1919392430
21809256
18956212
17997789
106204123
103828309
17964843
23839835
462934944
42750334
18227578
2377275998
25115292
246993037
2329066872
1972416156
32250446
14156466
16017475
32949727
2224061724
491776264
69277202
556151596
2290351170
2427721081
205622130
1862831041
634605257
17599264
30534986
255471924
174186133
192877468
1517964894
537824302
59591873
620142261
246117761
83992997
504391168
14172679
110520327
377765746
164304654
52180037
16997512
1165808887
1083796542
184565416
12982172
950138424
321589427
746772566
15446531
856872559
233338979
189870199
8248862
468756028
33423
22146210
15865405
621017055
210041914
365073587
16193366
11954772
246114807
7177512
13014342
26347170
14848157
382601428
18856867
413692215
36442519
111769068
184562826
19017675
209693451
368303610
153210866
