1705039226893459457
2237865246
16055683
396904695
1485689970593468416
19562228
1500129642
816609107943845888
1202756880004780033
1598212914971828225
780122024517730312
439468247
2538322138
1446932149148344320
592730371
33665720
76766018
2874102076
1559650033686953990
16331010
751901441921388544
2736480120
1366565625401909249
1580510925739679745
132339474
1492007194388279333
753617640355012608
1519146290491408384
169686021
1693396451903332352
1696633253778558977
559472452
1534892674154745856
106492441
25073877
1603856626691227649
15401398
296092317
1693895541674192896
166478326
3222286050
1692686389022773248
1315345422123180033
139542465
176140156
1315023384049340416
213446146
1647981590180405248
741057139687362564
1521870690630221824
930212715422998530
1624547406518927360
1444183545379917827
1454049960354361345
1475736632019980288
1597707941855039488
1551655467050446849
1682184354251018240
1532341174064799744
1328744376
1526568451044777998
1687693501499121664
1186514928913522688
1628453121876971520
945437638177071104
1278363893568376837
1334358077131276289
1298593149191958530
1529711258580070400
1671302619732770816
2227817384
1546871625773105157
1470240646346809345
1431266509251170306
339290784
79108644
3404705159
1289004775367946247
1855624532
1151913018936053760
980516212059856901
2284506174
79532913
1102712310
4879752741
1420919062285201408
110835004
1552969766775787520
1579314486137458695
1437970708651552771
1613638651933765632
875709537721827328
1380394256657944579
452507479
32503010
1140458581088538624
1402724741333520390
1461392861036007432
1659722947114979329
1389444259984650240
273065836
1553599855544524800
24560836
1092346141998370816
45489122
1552795969959636992
759660076214853632
1046650817019662336
1176921626023276544
3171403062
1513192336926425100
4041824789
1098091506886471680
1436081149307015168
714614269032198144
4891451439
34082620
1633598583663411206
1581033285538529281
339182018
29398698
1550512528089911296
1519519170198753285
6054912
1618123887543287808
1468139512610050052
560152955
469054036
76050550
234925481
1640472452491882496
1102987848741998592
846949171680739328
3623795001
333357345
1054669807537156096
1153042794375712770
8865592
1603255881512239104
71857191
25029495
1150818426
548258435
1374968033265864706
975200486
1382093929114324992
1242601076903337986
588703829
3410843525
1603958097478721536
2672615846
1043939776791867392
29658469
1609263348868063232
1601800128440209408
1540108905241612288
534023
1201985743729524736
1605304395146616833
44196397
212867964
765909323545513984
1464322912979144712
1329231299521900545
76351820
2945287090
29912070
1062819700583747585
1594466896199708672
1031747223569227776
707231479047315456
20490840
908856245414531072
260130285
1226167963
905375019672506368
18604137
3422474392
443215941
878247600096509952
730121169194655748
29498906
47991586
867639769794101248
1969683889
2472399354
1157342167
385100876
138893146
1081117524
22099171
18706305
15029085
27728657
864012677718429696
767960339547774976
4717892303
16989178
611986351
850109849148964864
859854436843360256
233000889
736784706486734852
26897713
2918039334
25101996
376453771
820935110
20178419
15976697
148900525
624210678
18279320
43906698
3267456386
92680363
499230066
18266688
599817378
25429371
312696314
397526755
24578794
1638671258
2249531
274891222
1036325418
358545917
537709549
27522964
1326005070
50319756
194663746
18635250
20118767
705902960967094272
28746590
4686567074
211025537
21822997
24870433
16106584
3177515983
16523905
27075032
2231109295
23359769
4807211661
53979469
408774041
402181258
292929271
4847548282
18185913
61391304
130254817
248113252
496328612
2764631099
25413556
240454812
3306629815
87250503
264361128
580398317
91882544
33908800
902200087
27000730
6351572
95994080
16113700
19222164
46957344
18225967
29166305
266894776
19171163
18643437
102947150
282695161
1658893915
3995778614
608471241
55705976
3018742509
18208354
164070785
166751745
252663599
3364589120
3958327401
614517275
37836873
15399646
1889198071
79827261
137112232
26146578
410409666
41016696
422966358
1048880642
325306055
24952583
49873268
14829533
113137765
347640382
23911509
1464957163
234951672
903162031
341732910
2150245242
14840013
264501955
913812620
17915334
16909755
