1023500149538975744
1157230785910497280
1095735806197710851
759889234295525376
1162903145649004544
1056734322907058176
1131237609089437701
1150483266241212417
2530913162
904695876391665664
1163276592493318145
51701028
542784008
375348231
1146272577737908226
1119818668311924737
881634191586316288
1128037840485584897
1078837716207382529
941323260758806528
976853859703427078
1163528739394904066
1116465186502656000
778175941910601728
1159944885862092805
1162350230311854080
1161999112897802242
1161684619579875328
1122183906009190400
1148571499114258433
3308377058
15146273
1037539256
1078105826
1159952690547449856
855822386700193796
715515199227305984
3303378830
108255532
1140442434708615169
377600047
1156260235444666369
1058493108621590529
711623702853656576
756262555878821888
1069720356552916996
1153426992114601985
776595612594614276
808632745140293632
1082718683242344450
556269451
1009072198307500038
2338090433
1142488109654904834
952821008184020992
631781675
1026838251502481408
1041693938451509248
792286843
4418414504
1105893483242504193
842504776688549892
1146878840985178112
824834350868934657
3427962981
1097891240182497280
1104735450265092097
309469779
1151905482875068419
47734819
968731672169590787
1156290008216719361
1424290494
860111788129624065
1069470172417851393
826243563075858432
1112026769366966280
19154278
768199352196005888
44365200
701881304
897922380575539200
1054800389604864000
1082100425204088833
1041205551944876032
1226167963
718852436627234820
1122867250460073985
993710146923716608
1040314228505305088
2959857316
576827154
92109145
1129049761
827582839143030784
1090988740632285184
909563282075394060
986135255571722246
1124427507325784064
1052041440891686912
24413482
1042241488233492480
1108995801529741312
1147919581929005058
1112005573816532992
1095351228521988098
1144647472180060160
3300736370
1113679072545202176
1273961220
981601553084833794
1563592711
1047556683000700928
1088280344812507137
1081165168841617409
1139756984322760704
25211667
880874229197099008
785025136516747264
866752414245953538
2431183813
1376175572
986710329265676288
4787545161
4732993821
1151213763070242816
1054709594
1058506884754432000
865685025009811456
16171500
1090419900068364295
776069621732478976
2239895750
897343592393519107
946527450275737602
377169848
849229357386047489
828475048792961024
1127960424102735872
2306538869
4471803388
1112423229665226752
163014982
1074053859792830464
838889800203526146
3237275510
316958473
25027910
998647729147564033
2783300246
3314486779
2904222971
980876552534740997
475146307
847470893144039424
127538853
1147891491127402498
565727267
501358969
1975534368
782011237827837952
1135304682962923525
877186431432744961
1041370444908187648
3053720755
163495385
1099640622
1008384135575023616
27155301
297531098
966536653870309376
822527549871788032
1062841288641392641
1096886143881220102
1345094270
903205965662752768
3365083340
905600961665785856
2337819896
875948350985588737
916410485800603649
2467844166
772043165650063361
3478386553
1015295486612291585
761255866570006528
1030443493104275462
754373634320310272
1152033727721160704
1097319199502938112
1095540151554473985
2755215773
3019617976
1494648920
340009054
839361854283591680
4011116913
1240641883
2745345459
867100233699913728
37056992
736699556
839292602981756928
58626066
4351867402
1083844412139098112
17325647
1041923630135795712
715435146015473664
823288021260836866
553027990
1363569630
1034118683671646208
1044289023655665664
1144899935713861633
1145145708284186624
772820374094385152
1076187814855884800
1426160528
1081631826152706048
1122680324335575040
167419280
242802762
703216352140533760
1054178444181995520
1067414507000086528
2313142795
1015420619331198982
231546312
856007518069370880
1151881667419791360
1084453199199784962
1147200661819396097
19164958
3327402227
746175767185399809
828482173392953344
1140575413212733440
23000204
746707887083266048
1112689325987282946
866721218
3283242398
788794717806919682
750399018
1140094937356128256
1092131147516129281
1032704068442095616
1077435233190981632
1027853035190595584
498456439
964309132361814023
3418210767
732795673
978707251430088706
1128296472372400128
1147920334248665089
1509363152
1064650195131076608
1152715636847644672
2819882936
821349393559408641
1014109355464159233
1112990088089071616
30405799
1095607314
1111111928846434304
986001007
1059742737853890560
1000307714944204806
3131594909
131877932
1149025282856312832
