97942529
1683719641238237185
1627621618213359616
1470273599055413249
711823909
1691015639576563712
898922311553822720
2853461537
22956220
1538705932799987712
333357345
309556475
1585637174153605120
48861897
1585824927130652672
1451941051334283264
1293906058671468544
1505720266479083520
1462953141696020484
1684769115175620613
1681313390319501313
1670871166637191168
803224919316332546
1509934850626650114
1454146966208843783
1181156717180182535
1158329437009719299
20736511
7177512
373633889
36529101
1316038736782807040
983108315466162178
1542088334125801473
971921107992350720
1667126148470575105
1366699216848842755
3003031099
1670010508500668417
1671002340357226496
1356030014
1501364396903309312
1495014220714311686
1407593908771725312
1498032293671325699
1149355245719490561
599817378
1253724166978764805
1641428923551547393
1461752034131013632
1597094407349493760
1361767691909005315
1441087720055443464
1630066650790633479
1641240244094906368
999488642153435137
1654135655239221248
1615103813198782485
1650584593383272448
2359971372
1631868328435232771
2417586104
2301990517
1565783229629710338
1155886120351100928
436463305
1467698301189476358
968875021753036800
261118301
1560473111811719172
1145702015374438401
1041835253155934208
298274977
441572714
91882544
2772330132
1335237183234519040
1078548240239230976
274567177
1594076437392330754
261718546
1615703774286254080
411283452
4652435852
1552795969959636992
27696764
1482953932817059841
3410843525
1482224907702632449
1482904595990986752
1495227259233386498
1046499520480256000
1316521894028378117
1608894912615034884
1366869128976363520
3162777078
1852899224
605974171
1586507627894345728
1063945910541967361
742140900982304768
2982376319
16523905
2918039334
1296278085570985984
704391334128394240
1011008340367953920
35304791
84816752
1548656278783901696
592730371
926054168753709056
110835004
848348952084828160
3745781
900100015338782724
44983234
373144861
1555303810557419520
1459908908294803465
493206826
621317404
16912983
1499759347060154370
307039459
1349161096981192709
334715818
690823
87133189
1180173696347987969
2204609910
532655910
93059852
1239302704230531072
816061098231296000
884299568837349377
240049622
855947347947335680
1139029234163245056
23129429
14347972
151936663
15029085
67328110
4119741
887434912529338375
1443933597350694914
23533665
1387757869932728324
1451753384764116994
1281998654723612677
1292734098524471296
16556523
1501219835438460929
18604137
1092825326676258818
56561449
19370504
965431702838566912
201066140
39344374
740976086276800512
143176309
843965625177399296
15719232
434458299
21722318
15965212
1408964261955706882
1488789014660501506
418258099
16581861
125128723
2252943488
62835695
1453669327505436672
16395120
886767749426499584
3609762852
213058411
695054484083470336
1244674431747870721
1249544197801050112
2996959115
3656836876
155670420
1091241741892677637
1495861051853873153
183739654
1480926325091323913
21480702
1266821924824535045
1342685742779293696
3343225100
608827037
2369157648
1025410166483832833
1277116863411937281
4484664977
2839374404
1414833422321819648
188787513
2826511479
353040882
959515008462966785
4799754666
1367093108350083073
376180305
1222773302441148416
23419627
1148301201030692866
420308365
229141520
1095735806197710851
21839417
14168372
1322149571867398145
365514616
742823052354945024
60924526
1140227234864742400
3376876449
1273639475340554240
1225241728304787458
1144774139896565760
1468662864353415170
1449237294435733504
1251900966770794498
655473
987349034850451457
1367950740099117061
854746255431315456
1542228578
58579942
1187808818522030080
2340667345
1432662985202352128
1026213183768457217
3231657095
1268749167427543040
1354837488653791236
4515650200
1374560316525252608
1294663151129178117
22277264
859409582426251269
1172086334229372928
14116588
189176841
1269817503263240199
1347431595997863937
1161261376846946305
2344358742
784247858467737601
1373521707202310148
1357717304931479552
1345028127030980608
896384784
1340469676225286144
866005696428384256
912729106344579074
59850640
1070501111512092672
1383807777760440333
1318848777151795200
1247936003039346689
991741610718257152
1114822908080283648
1218687933391298560
1179396972324802561
497945891
860795611
1310308952664666113
4730026699
1630603508
1363899000362041348
1336870828491812866
2320745983
27499683
69441586
106930323
1311739895787016192
1298021216825954304
1366130381045530626
1365766610883997698
1264199016088317953
2236648082
1319307316311674880
45516657
1290635110149169152
1321203011142610945
1075211100398903296
1681158044
1453258645
1343935155354947584
19213332
2845913776
210869563
1082777724802875392
3330431235
1276715545551831041
1401964653551362059
1337151218880311298
123978082
1239639651859783683
1021187426104979456
2995378689
1266931773847601152
503884507
1342313732286758914
759463699287465985
2383510675
247752491
3262160865
5943622
1343438130276286466
1071213733911977984
1176624876054036481
998218376848658432
532464762
1007041778086809602
118567880
1001653422792163328
1066948495108698112
1262697537204555776
1364556856262279169
250244374
21614780
3060230487
1187413153602129920
1268032640042414080
1337855281485639680
907401449289781250
3066800573
35199446
381813372
1019009455231524864
198179597
1067429242261172224
1241182970154749952
234228196
93036245
3634508187
4767003200
358545917
182524533
3267456386
1009588379640528897
2649599131
17030983
362659950
2568108282
120616455
1031747223569227776
209693451
