1690234056880099328
1063202045950418944
1696535059430625281
1708452088999747584
3427940054
1675874741788319745
1431744882142597125
1682861358378004480
1446590599579197442
1481492343614320641
1688266525415747584
867151369211457537
1617873388063854598
1649732684925501442
1704649052816621568
1688455821909168128
862065266879995904
1687351445371379712
1440939830167445509
1704848785099169794
1706406501454131200
1117900980350259207
1481097899467550725
1112491455715700737
1436081149307015168
1501444462031126536
1415256278142705664
1670055583536279553
3623795001
1305972667128967169
1449120302739308546
1585845309598359554
1299608153739460609
1633478418586034176
1601153784192897026
1008241907233972224
1696896693713752064
1530352871010615297
1199024296745750531
1659262708049661952
1582526519817142272
1595997766647521280
755410824768827392
1533895339568091136
1034577896935895040
1366648782398627842
1671189892527783936
1590724774413598720
1683947233975189505
1511883442060898306
1587988543405793283
49872973
1437161614139142148
64921376
1686995986386677760
1641232339664617476
1694924721698091008
1696496657532416001
1568036094020833280
1516150589750714372
2459157661
1633604566850715650
1498711582553088005
1094518595714015232
1500160140854673409
1687615051522347008
1545061585785425920
1137350140350685184
1502008244679725063
1393324235569844225
1431376295791824898
362533872
1692686389022773248
1674811713621827584
1698651028462219264
1700313039780954112
1176325494259798017
1700710859264106496
1691160138852298753
1675913249655607296
2720231048
1700335440761360384
303749014
1593217766017961985
1654299281912737792
1609263348868063232
1702841365607112704
1700221413574025217
236443316
1702399809829654528
1611941367844044801
1701246814144352257
1126313270
1677555921143345153
1654158544789274625
1701975500392935424
1612612739632955392
1688150323762712578
1699199721670348800
971157641912229888
1675635333004922880
1548854049080242176
1525955669676806144
1492759277257252867
1525836241672994816
1520811244302868481
151135556
1699646756907036672
1677040925791453184
1701026295344451584
1126251191724331013
1585843701439266816
8865592
1950382819
1691425429486268416
999488642153435137
1670923067940372480
1058012006236782592
1588411140664692736
1594228879249530881
1687965859363348481
1149466416967557120
1614032525810188293
1468393918735826946
1692608140905271296
1678999488734679041
1596692173583532033
1667126148470575105
1277740252304719872
444303790
1678882622317928450
1645876403454263299
1471694854430285824
1650169771260821506
1652003671616438275
1523440791057838080
1674894317528182784
1509934850626650114
1690692034749681664
1698884139888599040
1493086068421320709
889102699135893508
1698162185917136896
1348645774943510532
1143679860
1695622104324976640
532787029
1698210321981403136
1691942454080225283
356423411
1652171122199400449
1502306136975945728
1695011902991319040
1683722512222257154
1662272695352934409
1688910595674800128
1656904272632598528
1697995276558925824
1573901668063887366
1395211132256858121
1507577522401079296
1677135405013975040
1665291837882474498
1006936449239994368
1270446484320747520
309122155
1581445416691724290
1595346060519641093
1674763937269596161
1556213141616328704
1163175346256134146
1605373205463662592
1218199232278093825
1563779153538588672
1604520765352775682
1617693125362728960
1397383143636623365
1667929460073549824
1146821802
1418476653093658631
1689746095659012096
1658204599658872832
1318643019281813507
1659187818843832321
1693263938266316800
1586879487265865729
1671759529799999488
3166042748
1685114973507428352
1113595702293291008
1112909802978521088
1685015940516163591
1690043723294420995
556253888
1586820071971864578
1583554512756809747
1655720395448913920
978663780342116352
1604013160763387904
1680711820116467713
299589202
1690065929022156800
797151015845892096
1587166009013698561
1692214539595714560
3269786628
1191139401033822208
1596975019988746244
1608622885911887872
1658021362361856001
1691184199347163136
1673720566749057028
1596641660162670592
16563082
1401335077116780555
1288255124813623296
3867155476
1484142503079170051
1505584600130629634
1685011574572892160
1684944707070066694
1690957915853574145
1683637025482719232
1594200469802450944
1682470461047726080
1644970537368576000
1210039087681290240
1056962709013577728
591882585
944735930862026752
1592934239951110147
1593306211637657613
333011422
1602439706985250818
1349127777924968451
1589873270165307393
1523812992604942342
1627048423437524992
1483992266557509633
1497987298679525377
1614301038344916992
605870077
1467705906318217216
1569004507853471744
62509094
1104144228114972673
1684769115175620613
1347007046063976448
1363568897388130307
1556517803133476864
28314964
1291054918434992128
1675020877124214784
1668735382089785344
1607795085432786947
1679540479371665408
1654583627131375617
1517016870250893312
1656933692193792000
1651441991027396610
1600865301104558080
24541197
943488587345129472
1274146497626624000
1457841701100220416
1431735799
1602760093854040064
1602831030205153281
1524852346219528195
1675879004295819265
1377431034816569355
1684240832742797313
1292966435447218177
1581253175394373632
1604493879549591553
890062692840611841
1672400964844658689
837063215800545280
1596939507747766275
1007027155228913664
1372410621145149445
1493357667280113669
1590163928071421952
1524229452049399809
1649165178288721926
1555378674123395072
1683168032166752256
1674866076922830859
2419261956
318750025
1303485235
1468073797425106944
1631748460339953666
796862655017394176
1674134046828384275
352747117
1651711029741785088
1569926236238913536
177019129
1516840579308699650
1496331215242088449
1610661899993026570
1679860824901398530
1586459114
1586733264798097410
1160871979689361409
1587612370003697664
1688020357200928768
984562985904599040
2847590608
1595224274717052934
1605000924941918208
1614953065768968192
1656787893099134977
1506323306818899972
821490699749228546
1195390566168707074
1635717476112531480
1661096957790527506
1586930012883664896
1572268169837920256
1374139288913338373
1595077699546095622
1688974060280025103
34165682
1678265243946852352
943908811508731904
1643360971518271492
4143131412
1235369470656425985
1670261661066821636
1675318406092922881
1676502176997470208
1164202691599437826
1612354926696624131
1591278182635868161
1580330550132350980
1631871435055702016
1329407543463055364
1670864491330797570
2980069464
1688419207095160832
1686806969024163840
1674795737677455362
716035580509962240
1678160535534329856
1586166512422993920
1686062006028189706
1687825068188106752
1629499442670731265
1676232422415822849
1627910105139216387
1663873203918319618
1659041138936823809
2806434087
1371222923638411265
1673275558367576066
1318602454225817610
1679331663744991237
1314247722359238657
1597223566453473288
374382785
1529577250814836739
116040810
1561188188101672961
1610110647001354241
1555586186449649664
1236056108537720832
1585824927130652672
1461779435309330433
1671495982859599875
1662136302848950279
99668738
1683662267072626688
926665599090151424
1551826459911589889
1262286153249521664
791709641595949056
2982376319
1337481321086640129
1468035876873969667
56516399
1054925184325435392
1538296109482786816
1683504778679132161
1529508118639661060
781025691072684033
1334146864279646210
1223367757116272640
1494648920
1650238794254241792
1680899246344613890
1598608119587753984
1889103997
1147660357877534720
1644760427048337411
1635943845459542017
1109148130342248448
1682361355704365060
2443180342
1391205566844964864
47222665
1674527316439969796
154806361
1432061292471365641
1557271281925603328
1324004313740566532
912729106344579074
1657370310079815680
1585977177882902530
4778609549
830772381639704576
2837366535
1006104721
1645429679208255488
1608479186263638017
1386347018474311681
1912308060
1631725013299601432
1590859737008160769
1573375294098255873
1677896407351537664
1657808026127028227
903813101878947840
1681096434706251776
1634877253422284806
1528937563100176392
1366375334875193344
1328545626506883072
494585217
1201595653127843840
1143289979348672512
1511124217131159557
1601984502527664128
1254517877899755521
1677603930753179648
1634175030920728577
1081230450998288385
1503886615512596489
1679520466669559811
1267691053043331077
1040629068264366080
1597340855785988097
1176813161091129345
1574818938013110272
1676571539154542594
1675024246798708736
1679078892051496961
1453189472993091587
1666845518385885197
1325545422690115585
1577721146992390144
1673709758392705029
1656072153073356800
257186608
1611943530762469378
1641062247328874497
1646571074770067456
1665990848536879105
1181680423652532225
1624560101397868545
1544356509588410369
1670952772777197569
1676690449950470144
1674719485759197184
132339474
1664778186037624833
1648467131988873218
1586346966224543744
989991181
1572736734302986241
1658966966323888129
1413284254394589188
1620201236434767874
1063913145608167424
1650843432695234560
1482960254576955393
1489167773129445377
1668300430495952913
1648792329707302915
1587070409668796416
1531120026073280512
1652879124401393664
1026505416098893824
3958327401
1346552775052840967
1513312925443837960
1676420256259260417
1675428717106188289
1366001768
1495014220714311686
1662598216695832578
1412200969723592707
994286220
1647779029125136390
9190912
1634706302587863040
842014569677615105
1585924983922229251
1447112730264182787
1665467529396105216
1593449056428326915
1648589829658034181
1323818456286855169
1582852728375676930
1674536031310282752
1674835725542359049
17303963
1156732559734259712
831778401451180032
989897401
1608172092452933633
1672078748047253507
1304423180346552322
1412100238840668164
1512907677428596738
1529189997261139968
1450364979585052672
1611939436186697728
1420262839172833281
1673858278898515968
1427737924372684807
1395117728541859843
36376016
1673330681424871424
1596392523139891201
2875166787
1672393083051442176
1658002255600316416
1671541304046518272
1594122544692576262
1439977448893001728
3465050239
1516334201032818690
727284896
1116809363031769089
1433326752290443266
1552394468510375936
402181258
1650664041507954689
1610815393161175040
1663630885772754944
1609372459
1419439982440243201
316821594
1530024072112918528
1518506026533797889
1666958149289406464
1271940556504039424
1315108848785596422
229704024
1420412669887090688
1343464438620254208
1628812454850359299
554420366
1668152074151026688
1574989751874043906
1251325050495463424
97700941
1499830950104080390
1354629453196963842
1530588941988020224
11691422
1296188157487132674
1669828327371157505
1668327007401447424
1586507627894345728
3319547150
1484549847218802690
797071425869905920
1593924785364418560
1618461223607046146
1453085629298921477
1666119087456387074
1540576786265698305
541228286
1634872689402970112
1112009230742110209
1557511507163770880
1668997822002130948
1292339018877763584
2174940032
1668716827256532994
4528426234
1588196863844417542
1667565223476076548
1657939046839009282
1547227626791657472
1104999468108337154
1509740105749213188
1601791634299142145
1629334109893046272
1094454171762184192
1653219923567493120
1667823716154195969
4831151753
405728388
1640435358352506880
1598529668205928449
1321501692
1520092257759625217
1647873747037179908
1630313390693384194
1586447503
886566268375052292
1579229422581792770
1667565391311249408
1433538215206535169
1633529543704076295
1599956801805598720
696462257476112385
1128192761583341569
1311752557224697856
1330651673920880640
1653841873272807426
910915506491871234
1594581036217819140
1258200456372858885
1601580638473052161
1589554506261360640
1496527046746456064
1214717651680923648
1423646195180785677
1178553106621067264
1481420402165440517
1666908970269700100
1561001736600436736
1452096991522078722
1293681021800419328
1469074531465711620
1585677004803690497
1617251968266764289
1330623945926529025
1476144966300626945
1605341149039714304
1106388793089613824
1436779233984987136
1638874998830972929
1234079805366325249
1504271587008200707
1263175752796823552
707733371779203073
1444195928538238977
1424073650
1470581475254939650
2930220788
580626670
1421602991073763329
856181561112240128
757639971805233156
1369274474789474308
1519488824166031361
2162230351
1383837533092540419
1149559571482140672
1416444435076829185
1628564358497284096
43424420
11521322
1479596698934468609
1370710156682657793
1268905358128529409
1477101866093723649
1434170594711441409
1441456868971487234
1427975498848735238
1522227671941402625
4890583469
1110416674266722304
1098155527027286016
1561159933613293580
1625120465445437442
2743284672
1385699139313278977
1411771377603039239
1557457938125668354
1415770247727140864
1270821688289013763
1569427750175535104
1570774003
1514966314615455750
1646000298031448064
1266273419852525572
1590370449128673283
1500970367338389507
1662105843884589060
1577540390684479489
1645419937081483266
883480459551834114
910589340283052032
1463439901
1367217663223750661
1477614729384247296
1568067734738436096
1450915594585317379
1633870798007025665
1484695654425407489
1586814048557047808
1594876624113106945
1399077426148282374
1176306395941146624
1659284055530041375
1665180616281686017
1666435915202326535
1476562358545833987
123278247
1562541788111310848
1597964478678720513
1569053654803484672
843965625177399296
1183233481482084353
1652294789583319041
1295508762
1654253612753883136
1662803704326635522
1583483442939006976
1311745101618507776
49691354
1666601069840056321
1665095153441443840
1666491371274764288
1583241104425566208
1665526698987626496
1527057827256221697
1296923486582120448
1464662553146146831
1586020524357885953
1383684763685244931
1467064084038311936
1519907947534761985
1659189241656774656
1594475784160555008
796178172110848000
1665182761068421120
1556388216864968704
1487693875456229377
1594112366152671240
1516553732418203648
1662522510426927108
1409034594272284675
1606848113221767168
31504305
63057207
272606656
961116903417761793
1660356051345068039
1653230708968546304
1660084990393081857
1659497835895877632
1579842599078068224
1653809451869122581
729541548539449344
1663868368925990913
1597841647781482496
524074576
1663771091528204293
3170061470
947976465785737216
1620064472932012034
1661846389020565505
1455080324308762626
1583960126037303297
1662425166008422400
1613554798590148610
738960889
1591195803024072714
1146509923683131398
3630728115
1559726418774441984
888546253071679488
14998258
1192283218466222081
1661547867637534722
1341427311019749379
1556134854022111233
1400828166470578180
1175562921675411456
979491620402991104
1035670932868747264
43649593
773846775270694912
1008149809969147904
1617495844143472640
1614908789982904320
1375742375834705921
1598237793733558274
1619865421095518208
1436374377029947415
525457312
969641065857744897
1644130907853299712
1638009983433338880
1659080637876170752
1518978258385178626
1532969708047179776
1484130257884045315
1658026735408140288
1329883229189525505
1529679173614284801
880018682
1071948895087943680
1496367148867809284
1593733613601759232
1657954894907834368
45489122
4012553841
1427311049619906560
1516939578158067712
1620069541626642432
1428945849292185603
1656493181310210049
1600940457923584043
1656616619186200576
1484694570633814018
1151333133712683008
1649020891634999296
1649241620531888128
1656324035628912640
1647037768806039552
26521768
1292305110
861299672819748865
1514791886115901449
1445593598594936839
434573147
805823330167246848
928974963289108480
1131977485451612162
18036861
1395845975294586881
1642873014445277186
887208954
32608974
1655281577348218883
1067952662677721089
1601401737197195265
1639375743208816640
3591987254
1559578156268281857
1601044092011646977
1271491865368580097
1594195835071373312
1588872887510900739
2502947145
1531079230846431232
1281000041482792961
1002613488664174594
21900039
1250564922615963652
1480555147747078146
1532258986036109312
802354100
1594220369568677889
1206706835429953536
306295291
1614359814674554884
1652353089448312832
1595618323491962884
1652583828664483841
1232787618359848961
1317810334489563137
809609480585510912
1652318666346713091
1155899700
1616608684838199297
1637507807225290752
1586126805538414592
1586486669729009664
728188940411277318
1514651199978577922
1559878996342345728
711623702853656576
1543795869534887936
1245358786094739456
1636090236567445506
1474411411015147529
1399714219310911494
3808099932
1029494851
1375426486761529348
54713950
1560751782124462081
1640410041915260929
1483211333487181825
863390844
1577094022107217924
1558162583877664768
1361368948776849409
1649565176536899584
1552715587607859200
1648997392245731328
1001714288225128448
1145797346644680709
1589720791725252643
59001488
1586895790148050950
1647111364228382721
1647799294034862080
1446685581551947776
1650550676043501568
1481838873344946178
1650631925277523969
1367262011315396609
1348821498476306433
1645906941737091074
1454671037849767941
1523512846599958528
1647769750922043392
1396024000804016130
1584742738570145794
1600700502936670209
1647316061333725186
1518766767962673153
1545587173340037120
1602023223503122432
82167346
1520507077562703878
1448572821647540226
1568128433959436290
1625897534626332672
1630066650790633479
1634878506101252097
1187210244407078913
1134276783933669376
1609908475810684930
1588212026974822402
1648190789967826946
1288075231777751047
1484035940540731398
1340435994445635585
1617600966584373267
2446018418
1276289327417311232
1600703165975777280
1517741910084911109
1621241060193099782
1631005892345999361
1598915917635006464
1564783557075079168
27917434
1577797560005033985
1338710940125171713
1465750262635769861
855318254
1641163183455891463
244315046
839998182213984256
1078368298272780288
1442473420046802949
1269450810330615810
2771363395
1166534933093015554
1282203471253577728
1157571872
1467965692389568519
4176529522
1273940130982760448
1646956405990084610
1647315320619831296
1647272017677123586
1106057400891527168
1031572755706081282
1160758325107187712
1519483633010159618
1646991549522235395
1441189684189667328
1638650492199772161
1603902487500562433
1645577210349375488
1568560148838502400
108095116
1627803954372399104
1210702865246765057
1069056668070277121
1127219321166606338
1585867440784904194
193257525
15412900
1212953868658597889
1549235931726708736
1646284589315358721
1363896309497872386
1639692801406382080
1416151570992046081
1645870759640793096
1524581664910835712
838485717017767937
1589686624488652800
1581425595736465408
1410774179192852484
1518980221420060672
1645903848307924992
1628301283047120896
1645287649027014661
1569459556874420224
1519068527021359104
1587032656990339072
537100752
1644009175603617792
1637790918806847491
1276301915970830336
1630787765087477760
1567340712550694912
1471987798404173832
1598475630542299137
913406138393124865
1643441292204974081
1643401875306291200
1638952325136916495
1499921228617994240
1297814803197693954
1596333825780498436
1515821916002607111
4304308699
722869267192909826
1462111703122931713
1642496546854916097
2481455030
1632082708326170625
1617968075218845708
1054669807537156096
16323759
1087157900370460677
1465421696
1585415557708500993
1509416584170852357
1561824445286830080
1617680016019542016
1603878048792731648
800970950372167680
1638644244280909825
1597369968504578048
1594675666255249408
1641158346957832210
2878763537
1598037097746731034
1595853455482097671
1633739811101065218
1497013721176150019
1619655501301821440
1389095742636130304
575053210
1543321001634799617
438013425
1120953847940124673
974136307592114176
1638674032101818371
1596924291374645249
1196771537015246848
1418227046065459207
1627118307429036032
297565439
1549168497359572992
1636585785859223553
1636757072585842689
542252673
792471463110389760
1589386821204512769
1177077561563766785
520270436
1610002609913356288
1202990841393905664
1469744574
2732039495
1635439497964920832
1585837987656388608
1628791011336921088
1248723170
1630428516092346370
1616564677454057472
1548243461689618433
908502415074320386
1557339670597476352
1123449466525310976
1067850974868459522
1138810156052111363
1629159654612783104
1067244834212200448
1528987322280206336
1544782759725375488
1597516098236293120
1622387135696490497
1514078816469422082
1156596999640289280
1599297126839726080
1623126523845943297
1039874423732543489
2655645583
1593922889799143424
1143704175470993408
1513236695600099332
1632900504559689729
2260296965
1597328079923613696
1621758225002659840
3509411833
1631897143719133185
1626174308622934021
1626836022993784832
1631815513163681793
1498109201486434312
1631263900074164233
406520551
1567680164389085185
1408442692778999808
1461201035830120450
1625588287782940672
1465459345643216900
99662952
1629560701428592643
774614125095817217
1607079287664054273
44594285
1549436805396709377
1448003263996039180
1723856072
1605168956972605441
1427370100076826625
1274462945758642176
1604843507566661632
1523453474347884544
1610691023868686337
1627431383273734144
1594038127928250369
1590219257471799296
1628208324406808576
1627396643036229633
1621664499575947266
1312430112898310145
1424779112997171201
1595981737758269442
1430010478231654404
773661561667936256
1591859494044274693
1434661873673285640
1104838004588363776
632535318
1616595165971464194
1117958635651387393
970445068841533443
1540615616222068737
1619754495100985344
1468289486954332160
1468758230775975936
1308249959897214981
1321856468086382593
282686727
122822899
1413286018367725568
1272422465839353856
1626576070135758850
1061119580716851201
1267463915182665729
1623927626174791680
1605020302492061696
1466044507
1587245901441114112
3279131491
1545037793738383360
532561917
1570856363453980675
1487255172418093060
755974657
1183411419057815552
1426242942931542026
1568549248202948610
1378392606476886016
1368195175529521156
1619423820934266880
1596240385185136641
1615703774286254080
1417927708735123465
1619683258710589440
1623881144780349444
130678585
430923379
1570566726470836230
1018497463068442624
1586912654542909440
908418580873695232
1468603241831485442
4515650200
713117115704745984
1142491317932646400
1167028576937480192
1589417328189603844
1600875059652038656
1448368776383275013
2422718712
712267118461501440
1517732210224386048
1620832674452766720
853894748498780160
1586595031321698304
1587249923531022336
1433503912229670928
1610000398269702144
23959470
1619472618087915521
1173949499422707712
1617193455679115267
1588558128483913728
1598060476528820237
964851446
1479466350670143502
1545656700660621313
1618601814995222530
1483969078238887938
864071849822441472
1595470060616925186
1609116266052161538
1463356257075556353
1619815386781712386
1538705932799987712
1276715545551831041
1602565127362019329
1226266879305666561
1489353200587190282
1614461942852161536
1600326492331941890
27601161
30821285
1489987177031376905
1508519639319523344
1603808135373897734
1006005986480582662
1613655309154754578
724737696862756864
882973928708227073
1403205227856154629
1588229836207693824
1610825846134013953
1612593894977421312
2751326834
3173283138
1433623024830455812
1585674877486473219
1504940781244715013
1594531897660481536
1612308456945377281
1612306033929592832
1610699494613565441
1585818251795509248
1611693829534502912
1586018271718940672
1609877325323042817
1595922721904463873
1602820424399814657
1435932190185902084
1610361626313588740
1610876978239864833
1587090275037487104
1587265545044303872
1599995854382776320
15810416
1593795856402194435
1607625497386844162
1459413026742804481
905600961665785856
814461383031001088
1605923946607656963
1600778762144055298
1609313667799031810
1314106275966464000
1563190884681732099
1342479009012039681
756173519545708545
1551016587582246912
2321853236
1573119837756395522
1502082773884018689
1586209084109426689
1587520717104586757
1567185130996867075
1595237571654713344
1586455412831830020
1608093395729219584
751941567313764352
1601158274749026306
1561177309406810114
1607880423048376321
1594439910374588416
1468357760849170439
1604544345171976194
1523452252782043136
4650118641
1424245369790103556
1607737457893863425
2829869630
1606823575377281024
1529617638305026053
1520425777006788609
292735892
2261937074
1592391772021620736
3164306151
1461893859110268931
1218497869004537859
1142745778399719424
1294131179109658625
4498776677
1271220475591634945
972102745883848704
1602464435100065794
1414286069072371718
1534292717882179585
1603958097478721536
1580304366673747975
1521466353097621506
3386619826
919980301136355329
1605451757471105032
1338652135035031552
1605370004236636162
1478813503058321411
1589587032732475395
1243897832748101632
1524179267000668160
1605195177932496898
1519032914079588352
1387063389302759426
1603828253701046285
1601437978986917889
759937236548722690
1603596879710806017
1603957237205999618
1602568465906339840
15469779
1603181051035140097
270542983
1598171727326056450
1497489318587293696
1582493212026994688
1229183991787540481
1576463968226402304
1601920568135237632
1556636431497543680
3395829604
1589391171930841088
1590186849984823296
1519858284576055296
1518856541142618112
2337743617
1585912353199194118
1439514054033170434
1427446266158538752
1518006128646500353
407331324
1585686611810873344
42175663
1601934275208744965
1519234088191803392
1510428834998353929
1585469056257208320
896576058459168768
1486839003613696004
1597363536161816577
1601662273273184256
1455562618358337538
830881767603236864
1601787928782438400
1445826235095863307
582368422
1286922673
1521350461818875905
1600836286431961089
3037971026
1586266725082927104
952343299276312576
1527082665488285697
1486143912347639811
117511217
1589653908024004608
1661263351
1587189185714290688
1508299018396483585
1271097527673122816
1469068772887642120
947984296224096257
1584976546388918274
1103105679722573825
1599807134463676420
1658522060
1599744723090128897
2677748184
1601284626898485248
1595541695445311488
1586008301116002306
1309651875483058183
1599206804092854273
1595907257601912833
399175751
1597012483843162113
1475519139385167879
1107915816425541634
1485371451670732800
1520500954206019591
1591336827960627202
1549135340606300166
1600368880794632193
820516959351689216
1595272084091011074
1597392844318277632
1585854709998522368
1589750628108054529
1598749358866026498
1599586303313690625
336367860
1422833123847405574
1198503510964342784
1584570583093841923
1528089558155415553
1400197434106601474
1590540901771890690
1487968439692152833
1590248396551503873
1598222390294634501
1588609241572515841
1504900621111025670
1537519811768492032
1485331739929108487
1599025241581359106
1450695548135088130
1587924543569551360
1598936658975502336
1509714445454520320
1597639190107373573
1512188050259947521
1598869284851273731
1191923436693663744
1598803902140452864
2540743192
1190378416849203204
1468712275313844229
1104883769440317441
1116548763168858112
1596347931640168450
33803423
1409475345703653381
1521387526904295424
1592315872353427456
1469948320667820036
1488883505555820549
1582864648973520896
1357854386702196739
1367128446426619906
1202698262018478086
1113219893699252224
1498530254603886593
1521610488844587009
1518984677905813510
19164958
931594364010168321
1118038571305394176
1488643473725087744
1589009409870647303
1596411307674128384
1597704751092846593
1518787086555369477
1340802881352589313
1468015795133300739
1590142379192877056
301149819
1522830026449862658
1594787384838725635
1591506914449448961
1595980920850456583
1438534902098452480
1597442982273290240
1360490617025875969
1582992508237365249
1597777200001998848
870453535653076992
1597655746711273473
1597579410613346305
1400561880188559368
929903511252242432
1075758238811983873
92844900
1496691868247150596
1589704688416481280
3668700561
4586937621
1380268303256535053
1595411707488309248
1586184850993778690
1594428573565304832
1596972374041280514
1594978502444556291
1596683770177806336
1548094973861498881
1202710740462903302
937361377328369666
1315318716335185920
1583272401181310979
1596580111712657409
2593088531
1431780403485020163
1596388313401032704
1570263541650984960
205508759
1538174437476175872
1587130798616059904
1514569197543563265
1596254306021568512
1512573526032662532
1596212467771777030
1333657344740188162
1521638832776650754
865179614179622912
1586610849803915264
1595420934113853441
1551931991339180034
1590799582740488197
1584166016866820102
887980058480070657
1473116292848750596
2779401698
1595596850442256384
1549786240500768768
994266536973078535
1428103134488915972
249863802
1587317799197851653
215940502
1465682960099811332
1527848798675935232
1592742201599004673
1182074531298643968
1320101351817445377
1494239199171530753
1370942817393115141
1595101593971879936
1491801725300215816
462331329
1379342008200794113
917530936820011008
1524558794856046594
1595076068943319041
519634290
1591570056546340867
1476188638866288644
918279506972041216
1588469451539841025
1586783535322787840
4003232277
1074682426960633857
991726784017326081
1360664241137664003
2691114036
18273185
907724708
555648745
1557782184341241857
1594986908949553155
871438955023093760
1426680858484920321
917926799182565376
1298514643653136384
1510076308822364160
1586618016921718785
1550794333548187648
1497421310170914819
2495184325
1353448646063370243
1273029868163338243
1474470970651987971
1136451849496739841
1034192094573805574
1589371086004789248
2842576054
1226946126483345408
1590395663963111424
1571085747943534598
1493405686302396418
193514765
1370035943780933632
1467594547928735746
1113532269904433157
1568218700574085120
804310383322431488
1534775922318090243
1249175259678248960
1561389624584417281
1268032640042414080
1594089607456604167
1516467735450075139
1041082668
1478117195645284353
1267884424772947968
1505954003653468170
1587047220217520130
1475893072177283086
1483980839063105536
1308913182879219713
1573440740935585812
750176180788137984
1551991083109851136
1521371715972091905
82001593
3350463526
1594804112587202560
1508694771405135873
937332379227602944
19032049
1440066672400814081
1855165158
1590722201187131393
1347090490324254722
1366633194036940801
1385522731282743298
1579925733354397697
1527582947154468864
2560349453
1586777148211318785
1586175794530996225
1405982454851137541
2523353947
1030247979536416768
1159570698190372864
1268631169161138178
1496914425131020294
1574566638996930561
1075164813108617217
1591826287424856064
1447524916073467905
1590407979442081796
1534722956500271106
1527333339790598160
9231112
1450925768301817860
1277696893443866628
1519130850050416640
956189366
42959318
1511805733368700931
1217062999837433856
1395122674398081024
152497044
1577607691580559360
1403000940202844176
1277670170958454787
3078863323
1586591559193186306
1571952973013450752
1588576918533709830
1580397702810144770
1519103730377007105
1416368045849731079
1556652598081556482
1339289965772103682
1586005954906185728
1586761251753021445
1542931725755490311
2944883174
1393087224632254467
1531660022890975233
1194621109959741441
3826201829
1352398569559347201
1122837098027995137
349142752
1438249329802682369
1587289921785667586
1515353917676142596
1585665345700139008
1536802838810173440
1530583973788717056
1590115034436354049
567961934
1428864524673765380
1498846420094255104
1033786013074812928
1498753412896337930
1579883083955838978
1589707048706621441
13497312
1567313724616105985
2177682898
1185775316960268289
260916454
1052387358329294848
1528168205893648386
1587892695992868865
467724909
183783639
1588955753485717504
1586561566597603328
1587965738647781379
1561327712463101952
1554029268262391808
1516892661290049542
1468418646305558529
1586157345222139905
1291184615864983552
1504224431824060423
1558944311797944320
1531589087903113216
796151032208392192
1587544783156912128
1567277660367110150
1587826558789734401
719973975
1168014833461207040
1563076658600427524
1586945291248316417
1305905231394471943
1445554490673819659
1587151191712071681
1587090001346666496
780899326327418882
896384784
1586781807042764802
1586836946319466501
1586744288398004225
1574972893406052352
1578716624395247616
1375142066536112139
1585788926526119936
1273409925520244739
1089934605694758912
1190339632195497989
1377896257
1419849719799418882
1469835214423744514
1517322414715285504
1529947182010232832
1354821820931739661
9765532
1535927777278447616
1256769541440524288
1577251311023788032
1530564497819283456
1585689610889269248
1364838885138702337
1585686765255680001
1238945752044331008
1557027617919860736
1544113120431542272
1472655303678345221
854975402577731585
1534328562140041216
1251642753584422912
1477533185693077504
1490028065921060868
1059969479466205184
1585696666106986497
1303153909695799296
1586016066274205696
1586011501823131650
973769368407592961
1518978995253129222
1585797529744064512
1564359022379257856
1180764754815660032
1519269990578458625
810261527269777408
1015390129232359424
2986533810
1555203914580086784
1449010241597804560
1134819527101779969
1585080476275982337
1585073943798595585
309413964
1583975914022526978
1285796297585364992
1584566291985211394
1218979627433103361
1582551601205710848
1238560885318332419
1406338516775325706
1009959757170409472
1070701760711409664
1520440730866573315
857734951097315328
1033854579723493376
1552064811600678912
28504275
1494083314130563074
1347261049544736773
1583218418320396288
1269149909984448512
721374342358011904
1202310668935974914
1350801879677214721
1893910392
1427330934391537665
1569402030728380417
890260310401179648
1519261269848694785
1497740093079142401
3258970313
1314329362766888961
1464269261359230977
1090885867
1576141879007408129
1221010895503077376
1377557637126975495
1402063438097092621
1528101540
1121240178742448128
1518906397089574921
1577451511025737728
1448013374965624845
1332307680732516357
2823797730
3305509942
1554290983248035841
958825562486829063
1324203172353744899
1267910873202528260
615596757
1433205260886155264
1579832076118986756
1556404972773941249
3049492894
1577779477853405184
1468284231172653056
3354274001
818685502903767040
1357691468966596609
3112005175
1519012698566148102
879412542745006083
1579190449763487746
1561890320782135298
1444364245676744705
1468148135004356609
1019767954664251392
1485617471688257540
1557189233038618624
1578628342953250816
3922177092
1570599679645171713
1479604215962124294
570324238
1227611723504459781
1446839679538585601
737776450925932544
1435132345498181636
1224106702716403712
253777771
1362888210301427716
1558947965326299141
1062329423196651520
1566879808696586250
1238900689952268288
140333336
904197990591729664
1566316267249737728
1577339222746435585
1070913644353990656
1410372991490433024
205071550
1576185065087897601
1576596727444000768
1576336482754707456
1576313135782297600
1563730230669443073
797228771619336192
1114822908080283648
1245994748004798464
832811059811581952
953298828253384704
958193300145451008
1545574768765804545
1704661226
1387501944063811585
856062828188487680
1537794037469544456
1291126210299387904
1571333468323299328
1361767691909005315
1366692265209585664
1403620789
1445655642958614528
1497814194514763777
4443161001
2223892768
1265680246293925888
1477073377948880896
1574669615061696513
275153432
1547774136411254785
1573679517226487809
1574881910068809728
2332348838
905410644958117889
754345572337790976
1575192318503698432
1347010013475299329
2371669673
1415398197388890113
935877294496854016
1927369778
1511682536522588169
1538288322585321472
933558074
1469083368956567552
1038744571558211584
1562913941319479296
1416029537926795266
971570178638180352
1364356837278183426
2178920368
1486889687717404674
1406741396
1436811219969708034
1531744864286785538
1400735898816352257
841007095
1524147769388191744
867405253691494400
128908680
1477114926195957765
1369790424177598467
1369320681347768320
867553763384602625
1288194655880990720
1539158674706468867
1565212545589227521
1435244445092524036
1560350230427701249
1556334212269105154
1494404404782448651
1053073549852925953
3191136389
999179004652371968
1249148184842158083
1101621399628730370
928056163391782917
1424902074823757824
1144780199873122306
1571307468952567808
1345948558772547589
890438559030816768
1377365769105899520
1051211702
78456263
1570855476916543489
1245115756376981507
1198439580099371008
483126929
4308154574
94404884
1235711798155907079
1565071201600512001
1570394798837710850
1382376686960963584
1491226581553057794
1160396427006267392
901625451352907776
732893124226342912
1540697153055514631
1568742783044960256
1280976890
1344573783458205698
565756252
1427036259503988736
1393382022492549121
945175794170712064
1565589020545110016
1558614578317049856
976071780879118337
1394702548540481543
2262575906
70001363
1569038393962827776
1568611569621434369
816447315070382080
737883366104633344
4891797484
22411469
268210862
1311269567562493952
736935927281528832
1303691936730095622
1535724509780664324
1467225797052166146
1310308952664666113
1544032584463687680
3346672720
986940357706485760
1161816785756102656
1443112918145388544
2372888671
1480542722360500227
534885179
1357781248714891264
550500113
1280250996346798082
3982200079
1427869355556155392
2761493147
1415386903784923144
1207056510993473537
1459935900767449089
956757925
1519491164747055105
1499383868113096705
1370909213711425536
1361463377235742722
1425947828086509568
1543008299762601985
252409073
1429200674806456327
1354502837430939651
984178809048936448
886268786709479424
1381998278565359626
766325988938702852
1270425400045379585
1357038452794089472
1178031818626551809
1380618865382658052
112089062
1339358213653848071
1542411804223373312
810535124110639104
1254376457544974336
780828967360040960
1301878329390268418
844835107332505600
717438691
1535511205145546753
1500001948782661632
1446899293126864900
1308152421890355200
1727570030
1518696610028523522
1451581108554973184
1492401918844542976
1425723818853679104
1563951730974461953
333111543
1504893550042955782
312300729
3315030411
785025136516747264
1552961710360858624
1567981383401803778
1416241756539064320
1443253504152416266
1375972777342173191
1484989069734068233
1432583899939577859
751930818897907712
1124124860870008832
1285947549820616712
1430223944846614533
1039348588244099072
1515109165621907457
1544485390614241280
1256789061228023809
1567882405029056512
1493344269683380229
1447535701843656704
1155563511315124224
1561526347494719493
1501784143151177728
943285411811614720
1029895881087229955
52391116
1566890949606785030
1557480975101153280
1314376698717237249
721076375248048129
1365766610883997698
1241479902748119040
427302624
1568591674850349057
2265180156
1471906952745734145
1534252210397257728
1141379768799178754
479965418
1514977761487638535
1331291774116012037
1563705063796887552
1385717257
1482911329409449986
1174420026889314306
1298845832486281217
1364664336623558658
623489248
1497652915971973121
1246921213450031104
57561040
1463972855436091393
1427368016736567297
952754105990156288
1531986658026995712
1014493004554493952
1548380459859513346
1535909320432529408
1350180012729761793
977219861469433856
1527411661275111424
39751787
1495541056066174978
1265989816199544834
1558674775462907905
239241169
2648706878
1401878274356256774
135406005
44806891
1565469498349699074
1061095692788105217
1549663632522637312
203592188
1452938660354031618
1207686658587537408
942445345
1468270296603914242
1003597787492241408
1327671109374910465
1510829294213378048
2496261259
1548445354185568263
1315779565646737409
1136301955016527874
1563877248033345537
1423956915395117063
817379985455345664
1430928373870743553
2214558306
969792740836847617
737914781743652869
1530676066192220160
1492282381184561153
970617224191971334
3860704152
4118972176
1179136619321974787
138914329
1452116730545909763
1164007977642266624
880844911817494528
482292308
3802822634
1351726462588522496
718440400797745153
762845698567974912
330082651
998784929596092417
1384083235605336068
1013696484074840066
54002320
1110644928470806528
795832924537032704
1513853960276357124
1468074109364244481
1521949091311235072
1468393373157715968
391490854
1444903699864702980
40439974
1469414148467527684
1550746742752149505
1559975165878050818
1141761433614594048
966511004996788224
410598599
1535025905109811200
374594501
1523579957796311046
1501364396903309312
1303485055390580736
1494857602492243969
704079735597494272
1507860518710698000
788063566385537026
1268308508111523840
1535064011229868032
1175169910277906432
908099840181018625
111068406
3391217475
1557447608871837697
1451638439145844750
1201168338019205121
1207209178911014914
1385461673641664519
1509581842503987201
1540061848862658560
949097437322534917
1498759235164848128
1056316671105761280
1552422934546812930
1556115478262726656
1436750549379166209
2916813623
1350983098683555840
3037066730
1382480134758924291
1546228059367358464
1555591971804160005
1416975995207364609
1477473975466921984
967153855904481280
1469827662227165189
1505663812267122691
1554521421484810242
1143083426
1198077790811283461
1368251411172036620
1550268181813628932
1441996969778372620
2616063847
1417487603071340552
1253876655682019331
357899984
1384597844871417857
1435304238465396736
1525514455156662274
1468870054372466692
1382226585068171264
1425253748159307782
1472803487331323904
1278251627984674818
50308302
1521920651061342210
1000949318495465472
1229720491205758976
1552578446856962048
18074818
34063224
1438664605887352832
2826699317
1551160414737731585
1540347049551478785
725538183568592896
765176453411446784
823244183305494528
1885106736
1407132333023678464
61642473
825527890557157376
1047352091604267008
1547650133218643969
114950307
1527488985605480449
1537859266102673408
1518663059706986499
1533325978151399425
780932084479172608
814393904556601344
783446804641742848
1543261944366391296
873427520074461186
1031690637849059328
1472394634345295879
1344446686236696576
59328475
777226236737138688
1109229059672862720
1546372370822496256
895998201819475969
1383580834695827468
1175992423
1355644391029932033
1217610720847765504
797808437832908800
17289855
1544704288810844161
1300395599095791616
911896968338616321
1443329778489049091
1403778995645075460
1147279001733308417
1394017910209789952
1427842114910629888
1237564829302390785
314238521
1405701423384367111
1369495614753505281
1190849590850981888
1543400175653224448
1259740555921305601
1481347846435704833
1191411165127041024
1254951741096783873
1367611692230856705
1443410536482279429
1468662864353415170
1466841469134815240
1318356683433906177
17970717
1498644133472317441
1050584866096472064
1519853197405212672
877374924234653697
1468054692945358848
1520835505595850760
1445543468848140288
1381705034296041474
1090289752320942080
47735010
1524124324038328320
1357047592136376320
1528543263023673344
1541247386722263041
414117686
1325941182959116289
864338997534904320
3309008037
914559227670204416
797833686607679488
914911372948967424
1366781519667359746
1426200875060670480
11342742
1400096884014960648
1371599603397713923
1525138519857016833
876763139798433792
1448194741863129089
1175838361010999296
1471808209757351941
1529936289126137872
1423998456142737421
1422565599994171397
2702086990
1502854322866081793
741114158
1432184995922202630
1092995115457630208
1403542022770901000
14202293
1517707369509113857
344929634
1388799305100693505
1417719195849039877
534334376
3496344734
1419690317758955521
1493627280463208452
1532364011249217536
1495585131678994433
776384191739072512
1326249623632154627
1386801811005247488
1468217977648603136
1415078045787082754
1502223304496750596
1384975323255746565
1485690416703983626
1260026418739638272
923701047322927104
30546476
1520902014603046912
487984546
1482560732973735937
1426372843353395204
1508322939338436615
1277995173679714306
21480702
403883351
776948997424422912
1311863875185250304
1422997925911699457
1471124508811665414
505235336
1467351090639298563
1443938348041650187
1494151880020221955
1524063517522935809
1268749167427543040
1391930420212682758
1527414975618240537
1392115357494571009
1380911874
1354968272391835653
1312857798401613824
1519424936133029888
1312090069201645568
151690788
1131316674915897345
1525164748458758145
1248755341141082112
1372522073478807554
1269802080115384320
1485137692337881091
881920920885112832
1380251971098177536
139078899
1296557606434029568
1072645119730466816
858704838754000899
941344213869797376
1460547281254379523
763247257361719296
1519275354871025665
3003771347
1384486385889972224
43199322
843667615
886767749426499584
4389650355
948235660976115713
362187590
1366920519589777409
2498276406
55941203
1210147232
390274703
3823155735
3243814829
28328163
60072885
1424681870793531396
1003010931096543232
217609407
991775472626356225
1362242361158418432
826127906493591552
1446896996636184576
2811759291
1391573884298743812
1440446668705394689
1389241661109243907
1113542037834485761
1423759528701607936
1517587467846754305
1357717304931479552
1333245736557928449
1370311859430174720
1373952263442501635
1467108373237833731
1459628260023836682
1503924402676711427
1522561600443633667
53710660
1010901148008681478
239951908
779237354271862784
1351265728142442497
1440503977049657351
1521533364754333696
1069372585715085313
1253666230889635840
2978873606
780546816391557120
1412387155368890369
3143472474
1360813210912325634
959278784024367104
1501499431690067970
751459632963391488
39574754
274094048
1509393975538507780
1517003432204328961
1403573050503741443
1519646368104697857
1518732447747297280
936627090144874499
1070788615347806208
1499508362274394112
818712078
1092166203869519872
1472761442709303296
1438245377464061954
323761148
1400459342789300228
1486074101928239112
1446595840282333184
1487751397151895556
1468128292029014021
1496705751665938432
1303774644424577025
2923782009
1514363280
1481300823418224644
599456526
495487249
1339823076452814848
1406044975863902215
2633497563
1451261852076462081
1388361142066573313
1297625569027395584
1255125720
241463691
1589742631
765153609650622465
1488977912128843779
47469783
798908575385063424
1080209495672930305
408307153
1174055780796051456
1513386744002973700
1491760762729246724
1373335799744368645
1498038540495728642
778030061312237568
1225560539386073092
1085368195568029697
1271109520522129410
1421853645172269057
243505311
792796472597241862
1503214275799642114
1429086532435075075
1452002402501111812
150923186
912480351682998273
1382295296131149824
1481334689747148813
1437528381340409865
589039677
1424751159550558208
491885589
950645946093719553
1348378222019436547
1398400419785814016
1391979780979965952
1258122874109517824
918448245034102785
1001653422792163328
1478639931777896449
1368986690325385216
1466773883797876737
1419686301935226884
1348131842
1508665832359940096
898235613458989056
1500624621103726601
1496701485161328644
1453612761787748353
807322283123544065
1474767035397779459
1504433801182777345
895114586537447424
1350870748081123330
1496329835110621184
1467698301189476358
1273692090061303808
1396739217879834625
1076902675499880448
1507141707774709768
1333851825032851457
1103715518010310658
478697120
1335237183234519040
1307640964870275079
624308178
786662737300430849
713478052286693378
1501075014350778372
1272658531066527744
1473746511452332038
1437446288040136704
1347563421500248065
971047490064707584
1156626146319986688
163156678
1267866154602725381
378891960
1503136307878502400
1380473313042984962
1506624079251525641
1407608536360755202
1432133401071521795
1485395296096067587
1247606687982333956
1360330843970019333
1162932610328190976
1200099712826839040
1308858550089809926
1369469888650223617
1093857996550090752
1487891064560226309
1380146505647013893
765495557942947840
1375973772570853381
1427329655204466693
1342642197422891011
1253489415026085888
1110718203519471616
2912038762
721326787783884802
860754161180303360
1428730331331432450
1491661575652093955
1429069573228269575
1338841598164025345
1022606453297766400
1124461460074033152
1431805113979523073
2553539203
1431393171607625731
1366640936499826690
1487046428715278336
828475048792961024
803364344897617922
294004971
1491159224210145283
922629119661064192
1308778168916914176
1068262994398842880
1481435179713454081
1273312861545132034
1405260675811794945
1273371973201133568
2847067151
3438521278
725045753031364610
1179921258
881322058717605888
1372278133009825798
948833488463052800
1466895938706935810
1337842071525318656
1384692130761691140
1261464757002997761
1449568509478981633
848759883969200128
2892939504
1433090320909180928
1114723849399091200
2369486946
1416048920350896130
718347082915033088
1456078207178969094
1246533164253638657
733065856058576896
1380822767696814084
1465734339916750849
817221436699836416
1266476646263111681
1161666032303562752
1394847795601829888
1307456332841144322
754544015245205504
1369310974570688514
1339428272916983808
1422684305591963648
821138626637664258
767855
1451186262497398803
830060117437534208
1164933948406976512
1409956635326312450
2416500374
1366049467460427783
520332581
1489379046932819972
1482170106226614274
1375138896
1319340723309785088
1472395031218634762
1395944023337193472
1243158986079326211
1296408232253063168
1484609097345372161
1032775672954081280
1384235910556884995
1252632079235461123
1305161046668308481
1652311
2817846992
1450362189450260481
732681128646201344
1441087720055443464
1348523758718480385
1476992964836560896
890350352154804224
4550815108
1094355847906500609
3187410527
1464791274561679362
795479476822011904
1464273955204775941
1468115669141045250
1469282511058776066
1274536018574815232
1307793508963627008
2265086084
890715418725416961
1460471781660282882
704295209736216576
1238568479709696000
1459389095537483776
1455486351105675272
1459326955547881474
1408153949039857664
2236648082
4322383403
1452010493707698181
1389037944485384194
1427435142038052865
996762951112675332
1429975483802820614
1256619543717445635
1071213733911977984
1349577671080964096
1314737446446403590
1375527200724824072
34218078
1416088407067959298
1475534856
834788212900057088
898635931875500033
1171963197601046529
1276612484573605889
1364420696919576588
1380150175545634818
3294493286
1345600452126236673
1385649514409779200
837913144819273729
27018747
1332844822504226817
52755564
79107932
891467130197217280
981320129546944513
795801451851345921
896857073278996481
962856413142818816
2905890340
1343626980894371840
3226341443
773274472606371840
1287205026105106437
1348838989634027520
1088611148419616769
1347565781182275584
2772178498
970082050886782977
816210054
910248320009981952
852688780708401152
1216924614011449344
1320182914827481088
2646273925
807908498
1323531625532108800
728586390103982080
58548124
18496186
869259764768927745
1216822711168765952
1286773962085736452
821150646317551616
9287122
34529222
1161092556505174016
2895482429
765909323545513984
1292811334757658626
1302770518106370048
895410561659396098
269521579
1254632404985266177
23871945
488917013
739937259131174912
1128309623528804353
19448092
864642082039881734
4848379769
3381699850
923899157189869568
2705030808
890420837127467008
2222234311
1250868337489465345
746409014523682816
818588496277491712
957895561339863041
2404075477
538751197
22455569
951967167926362112
859409582426251269
847651800412962816
238724979
2949480129
807976915
122533718
4230338534
1261710079172149250
755527716
15976697
928094831875952640
1225181131995340800
890657236237864960
2181493660
360946333
1077262933
4319800400
1172873973245403137
866752414245953538
736759336488173569
917280185766109185
1153042794375712770
1086114601144467456
30458850
957024008091955202
339925193
805502502028398593
36009071
355801015
1050402997954666496
22420256
372659543
3267456386
1249078342718033923
618669291
71674195
28790491
923793986
1210903046
1012478832807251968
1225827881458122752
1115555591777165312
2555083470
2198772276
15515169
750058381109436416
39308549
4064650888
1187604594349826048
1187338023870107650
16146117
968799379
1081097841223684096
857023777519042560
2398321981
1143981294767886336
320524842
1120792252605968389
2967757113
160594322
1082835167360765953
1048990155262947328
30052783
881655312201039872
1021151423051063296
899232808824180737
901145492389855234
3222213755
153966123
850384175030951936
1470949981
842217397
955547560021606402
391341766
941002815941509121
15170871
867361110
431071870
937678419969449985
18087450
762903348764958720
707787562195091456
274891222
871961420598054912
1220223798
14855279
24544802
2566050122
1933042237
3305598608
2187403602
886896502617980928
3352466116
4906853915
890351484336058368
884064438864752641
889637303135723520
890258532272136192
37599351
2876289873
867024193757495296
877625277567860737
797311126325235712
366517094
166751745
2994084681
871958711505473536
858958176275877888
722874740826701824
2316246829
786220750034337792
855088743824244736
739536307295158272
857009590952767489
2789401818
867908994
2730285579
2925976115
1065081534
249049500
68891100
857001662
10207502
326457795
3416153772
822655401460109314
191280741
1922864664
