1705968722366599169
1688382244921257984
1688386541520142336
1666178312354267138
1667150479330283520
1148938355943661569
1663868368925990913
1657702810300063744
1595194787321241605
1189425804989517825
1609194130965422086
1475485274130034688
1637839835065905152
1637194653953929216
1619250078257975296
1593271340773117953
1628665642529263616
1628089204835028992
1427253460009881613
1531670213422374914
1589587032732475395
1586420415571836931
1626830146467467264
1583100823348936704
1595561145573728256
1585771214768947202
905500797244506112
1162494449735426048
1587904660358270976
1553788590739673089
1592612662550085637
1254857421891284995
1575912534523232268
1593729648399388673
1586482380579151872
1608449243739746304
1589423147769479168
1614029106999435273
1592752837418795008
16587261
1509926771369648177
1430118621095907329
1585872838279499776
1520180784803504128
1594362515554697216
1513211794772344833
1590082597593440257
754481100240592896
1586820589964115968
1586787047385305088
1402329365858471945
1574835704730947584
1565106226035187712
1528736634962862080
1549486366815395840
1546459960657301504
1533072810351935488
1375477082831134722
1237158431162802176
413309883
251674558
1296206070340136961
1377334864169558018
815066189110059008
2222089139
1445449064191909891
316730559
788353052017356800
1452999992139030539
1326361325229006848
850376672130076673
1440364964900835344
148168710
796862655017394176
1446616640217653255
1340412860153913344
1415686337345191946
1314363825605541889
39481850
1433025380764594181
1433123968731521026
1356628841654026244
166885495
1388966975511175173
2436567951
2765026647
1384674991728381956
1369715967543152640
210071679
1177984253650509826
875654351917793280
795657834872639489
2227236478
1390122173952626689
1138226712674754563
1389295759690977293
1386023971955658754
1382193554785759237
22744100
755101542
1366506774858240004
3492395714
1354968776140337155
747025684661415936
1352051178591444992
263471180
1341318499675893760
1338179303717146626
1337176746446237699
1331489738994425857
1305100081859878912
1329943938443120641
1315298867378872330
1298638328254861316
1315398009795096582
1317796946229198849
1276722061017141248
1267586965844701188
1254315752812941312
1309924601670111234
1228855540190711808
59971717
1167028576937480192
1264431079244607488
1000716262056644608
990899300333969410
1064259918881001472
1295929622870228993
3677129063
3390430893
768610918901112833
1299439870172114944
1172247723195666443
1294656600708386816
1292549682032508934
1286429370274521093
1866757584
1288486438418317315
1288476387112898561
1287451749121495040
1283358996603297793
1185557560079929345
1281227213149556742
1158812631127547905
1274810631145893889
1130197778024587264
1065294192736374786
1271081902443761668
1277721228447449089
1276252805339193344
1275678745265872896
634719065
1075811681459167232
1106878601859919873
41108476
1247938122333270021
3388410605
1272817956679016448
1249644190985859074
1260648618417098752
860959953036730370
1269761200436449280
1264960166044348416
1270016842300559361
903741974456520705
1269758492539342860
1269377645554302976
1255391947419791360
330288503
1268625299199217666
1031298253109817344
556361230
1239707173799649280
756860893976072193
1264905079385214976
808542141840576512
1010819473752907777
2839561317
1218964421638262787
966469831007535109
975330228225617920
4221598572
780583862589992960
1163366096734425088
1887556386
521184096
424516390
150375299
1146825215147749377
1346343482
785276534877663233
3131688069
78713306
988660047633944576
16542274
1017440954876350464
1075729970264199170
1212087164466393088
807157453523718144
889643531475845121
902304945386516481
3480737596
820968280240357377
2470463042
47270226
1260199035656421378
12949142
1134615279328288768
2475215048
23156706
1262785149336522753
3253885297
949957005678006274
1035934751134294016
734933707
1227292100531761152
952665928898109441
1261217942433300481
189870199
854114597749620737
1152313786453434368
1194026148650475520
1692213060
1104524508709441536
1234569882848628744
2814372450
1177478752751644673
128664953
717223802
1233700917200863233
1259000940297773061
1258051525370359808
3608176643
1059883746118303745
843862911516917760
18237144
1143238486335664128
302730365
1257662498112708608
3300707338
750399018
502156623
1366550190
782543071300947968
1225234876565196801
245056330
307435960
20944134
1160537265770156033
1221118641233711106
3411227714
1225574155749339136
1255596893893206017
870380523872436224
858305261022437376
200268145
847278842
263817009
3044860637
956997651177852928
1119967699281563651
784048948357005312
1194289140734595073
879829629653184512
1163882548147175424
2890635478
755266896
1217320143719559175
1223384114038034432
1107569015030013952
1255091138991665152
1216818374417797121
1239916433200611329
879311275519610881
1246410787977146368
28119564
1248354606465331202
1252885870027452417
150971799
180276971
407319787
1248726277957304320
973646991099121665
1164520863976304642
1085086570175070208
996475198424666112
2830200522
323507813
4695786246
3310972141
3289303695
1127659140472627201
3379004176
1197742304875962369
1069460448
900482403726131200
310257800
868271815218606080
1043195986099806209
476953217
952282471789481984
363039718
1209385218186121216
1139294941455122433
617337208
1249970238898266112
21422783
1252178989550092288
1239286993458286592
878144305226973184
136175598
1033014788
2192917914
1090293118723915777
289762786
95287789
864214877656817666
1209935518387068930
3343226111
973568246262661125
2407332835
501236199
1216685099292536833
796280771723988992
987288415858319360
961472911805636608
960631725230616576
1193462181976825856
23673933
964364784572317697
1121493960449458176
996321868226420736
885228192151285760
870590808981987329
941487270
271633048
1163142152907644928
2837729776
91176485
1247988930923782144
1246155385645551618
878348091824381953
795832924537032704
741377469765156864
822931825
874221618700185601
388847530
1125264362149744645
712003957732802561
876749367952257025
1246957748350119936
1240440873772556288
777819268276682752
45975114
1026143135624249346
1239586337675784193
1246750912917504001
1133190939449520128
718600146619990017
1233113216156413954
1212139582109569024
1234106699876880384
2860612258
1153890398307266561
765156196940677125
1217929616666562562
3419114890
1124639508
1227984390623354881
1063185180867919872
1245625205717782530
193472461
1211050124203323392
1245565069322121216
1245039669492035584
1362814699
1048602250107658240
2354393577
1166997838733201408
826528133650190337
1095483694159200256
725770824
1230145504647970816
376958034
480434492
1190796196723466243
908979843257241600
704819143
1442113867
904466604418793472
504747629
1213999330274594816
1047561774835281920
1236459590746767360
974403456080470016
734121122082529280
1708553035
1296513601
4127132026
749198495928709120
1238973491535392780
1181380293153955843
1210719423990026243
161267027
2714506385
1151885207185833984
879030448344772608
1241173315500290049
1241109933824839681
2458476536
1240782070135177217
379252048
1207310702135980033
49727366
1169110058
899323715225178112
1240310688926613504
1222112574852026369
565959125
1148464122528272384
1239605766325239808
1164185015753818112
711931437746884608
962411586358038528
169016951
586346748
39886521
1162168561206538240
38175510
28759149
867170604
327823484
289423264
1150464431949852672
195564543
1238854726239821825
739592894651191296
283592657
566479734
249846674
1230114955602616320
748566163081334785
866069141576441857
1114534787052654594
1071875283509231616
781103773175406592
1238024120757075968
1228315356
1075151133067411458
976921041409925125
23591817
1204468100101332993
1236081650804682752
826525977228541953
14808521
1234102963204952065
844193288945045505
1667978683
1228438005339344896
910883562311835648
1234893534882344960
843866487534354432
933434618300289024
3036368423
1233731959299420160
1230189273149779968
790941733
1167036287435575297
2674372790
2834129892
1118653608130752513
1110872351216947202
1085420095332061184
799362330672984064
1231998169166249985
1232114458148900865
4635226817
2382733897
517727444
3523340837
1098328514170884097
1213928075857031169
1035711344996020224
1081637403444551680
1227582836271730689
1135239267272339457
2330779034
825445747
20722476
1228786993812922369
770206521678503936
1193031246965813248
56733855
849697085049974784
1227648489770881024
1095510059465859072
2949035499
1219040650911461376
1165485511328358400
1224760192107208705
903695990984773632
1225724163417157632
841009799227662340
730283351597297664
279872903
1068480348902907905
1220032157973909504
1225117928393248768
1224809034768883719
845466153761685505
1224429763743420417
890744795160825856
1134191141929099264
1021807348132794368
620116710
1331335237
214001392
1221064932856299520
1217827002771787776
1180303261850636288
1030504377247850496
844902529972555776
1210917546288762881
1197887413667926016
953706802423713794
340839005
625799019
1208842609185247239
1159467948576296960
964916379882311680
1218910156282613760
1129277349579636736
3196801952
2304943111
4867911629
1215997618783866881
1188118821158211586
896074081019277313
815226478421897217
389448196
741652063503953921
1136752417834487812
1142387296840404993
1085874622497579010
351559498
178231524
4905839565
940124009798209536
29467707
1109273501020667904
1176645326826086401
200681182
1038290822
1211966145319714817
372183640
2357644793
941457640810524677
386011784
710552583174266881
2802808279
4569991359
1015689245049180162
871365272938196992
245296421
706485620164665344
1107591212440133632
4737965237
905996684701917184
951132965471440897
1202263109945241605
1202292355539329024
1177148365085257731
1169788466965680128
1191794405079994369
1023722192943628288
4181336789
1169013681126105088
2996656857
515451557
1197125611237474304
948303184019193863
379730572
1018040129972293632
967200910526074880
1107732377256648704
22625732
2613984786
1206312195170193408
1206377236921749504
151795420
842141463299399682
1080098534941212672
1106487832632324096
260847825
45537473
1168591784911331329
2362230882
1202215322960498692
1204636185500536832
2683391701
1056301004931715074
752035207860158464
1197740806427291648
1022581975503097856
896465830640275458
1192370202211696640
88786572
1120161717856739328
1200991893305192453
1200887744454709250
53895022
978707251430088706
1199372734578483202
333928135
3293173452
913779373140037633
1235077332
1079487962
1181419996762836992
3038969391
879737457893363713
785404140767875072
1186520778625425409
1193247732863062016
1192023791611916288
867517876152000512
1191972977035948033
757990161217101824
851574708797571072
2254104481
93297122
818821543010648064
1180148846220984320
2288646894
617062703
2170907991
776384191739072512
4573187296
1171995815608573952
767830276047265792
1145497774907170817
810895268971479040
979622305583321088
539919275
2784120457
1183657233059594240
929742556778385409
1184212255627468804
1150566821063548929
824250999443439622
1132309175470567426
1027853035190595584
1089568487335292930
857906139173924869
914911372948967424
2812123590
3244914473
220087775
176031977
19864496
1023237049044873216
877169420518514690
950289894089347072
3342991953
1115869761425084417
240779308
96063461
1157054722164965376
2391046990
1927369778
968269646
1179979666200899585
1062241438933479424
207985063
976972086647324677
1178605961961000960
1176682090781261825
1094174288481931264
1201608199
3108658431
1115725873926234112
2862554484
1487420558
838270068274380802
22746775
869273210520555520
790250149465423873
602611613
3761046317
1096828724195012608
1150483266241212417
3400737969
897079877836341249
1168671873732874241
3377338395
1154481699318878213
161685142
494406566
183739654
924040375928418305
1127547875301494784
806636764236484612
998194792436727809
1078837716207382529
1175499593632616452
1127254833176686598
1173348081951289344
520535914
1163635901202722816
217277220
979878584104955905
1167508359085547521
3221011798
986544332617347073
3002457954
9175692
1009072198307500038
735202253091573761
1153692472196943874
307887347
1155466084784443392
2530913162
21093440
460188101
1079073768214069248
1006298490031312897
841075560319086592
19835812
4878438609
1162350230311854080
1596061417
1086917954204184579
916935180
1136601619913760769
234826394
585095511
1074155587305332737
842158809707626496
1161261546003210240
378803038
1656966026
896470550289186818
1163575533495607302
1089271886
869650721372856320
33043974
1093198179514941441
4691541828
1162033766472331264
779864983358144512
1161494541091913728
1057899873494802432
1139024932715868161
871151843803574272
1143780101177466885
1140792445321515008
1012817176733118465
1036361407439065088
1154523195267063808
1363569630
548053523
772787009198981120
200474293
892399926033907715
1132383052192243714
2995491239
1016257798504525824
67071520
237786487
867858949567131649
856339612712566789
1005159812282376192
891694430431973377
3144029830
359587187
1046749650596896768
1006542713393680384
1143751745295867905
818831186
1155242000553304065
1155831931180933120
3813306443
235701892
1091449448528596993
2534292173
350887805
126702472
4212197895
788787688736382977
1038512747686834176
2669562421
1563592711
991330362
1136669924934336522
1144999422700527617
1078460701176463361
2843713972
701245127285723138
2168348689
790728012056625152
2915218533
736887462
1123353057096605697
892709184084426753
3008378163
871039197095874560
1325304138
818587948257984513
1152904896573825029
808749347252871169
1113679072545202176
873585463
44235102
873644670424895488
1128296472372400128
1101062341146357761
2943504513
4272988225
809951166457151489
1151905482875068419
3042185193
804505466
1024696289676681218
1719022614
4913082746
904300784766025728
58861344
746707887083266048
3591987254
3239265460
1681306968
1151213763070242816
186131574
273194552
994261122277695488
956167365330272257
3003529463
1142577508837220354
1124898159379922944
362379718
790781142857199617
1103837528950370304
1147138948696875008
1833496080
977240397276680195
1050343857685172224
1105380559314997248
1050053727854444545
967515905298112512
935654063076757504
824834350868934657
1146375967268593665
1143323525014597635
1071457456046391297
313207028
976211948152020997
939311665333587968
814174961464201216
829587313403559937
887503053632548865
355752178
898083770087206912
848850503723298816
766009494673522688
950672479265218560
823446593240231936
835078520246173696
218148284
3418851852
765832932674134016
154745689
525193721
3371060433
1135987028611350528
637337323
1130134921635336192
58480148
856932863404638218
616036313
999998302501457922
1325269236
1569096103
3031675726
792431415128387584
442898693
1053280174781939712
2917531714
4498776677
375348231
758650563307470850
513372570
242310841
186215424
1041826549337649154
1128950490719490049
529746441
519299513
722789019386392576
799949976403136513
2809256199
778164937541779456
2880161836
2500416143
784399151891095552
837555557804339202
912989771663859713
3418210767
3283242398
3074098423
768402435215884288
962714807983071232
1099436986522169344
703216352140533760
817707182179418113
1132042363784839168
1112423229665226752
1276652162
3293909825
43328576
51432275
55962977
984712252015218688
914225507205558272
833510865949200384
733768994252021764
791643461560655876
1136532903972823041
120269894
1108889682887086081
832042114422800384
4866142955
388158374
1089239909905379328
908472159571517440
293579338
1070176264135135232
277844631
847483699
1110911949498449922
194741425
3248297142
895605672129069056
822299610018365440
