1018358435967102976
1704269488575672320
1547375235456016385
1511107848998203395
1471706756116103176
1392919510550663171
905283385710530561
873051724604334080
1579653034325544962
1676213201246261248
1185775316960268289
1260635539
53120241
1422519599627706400
1507048112677961730
4258569328
35877822
1608649844159119361
87133189
1168155521872027648
1518761172949889024
1431376295791824898
4851339648
271002958
15814534
26025129
1658191719253565440
1584948977530699776
1466245859067060230
1299838319531044864
830548610659995649
1623418620624748544
1466122001744076807
40887507
1524226014271913984
1595226573552373760
1416161688
1480926325091323913
1621584220488433667
1267353104284110849
410598599
1631505383742140416
1095522204987650048
1458791175519973382
1465094099502088193
1389320908750401543
1322060763243122689
1593409539952373761
273744996
16936686
18266688
2162812627
1319287761048723458
2623540653
262713657
1225569740359372808
926054168753709056
1321203011142610945
1227008537525735427
1309208290488979458
4901912705
1526102802023743489
560246892
947984296224096257
1551747556236992512
1364568384587898882
1458710650151219201
1417611171226652674
1518932265685893121
17110741
1456431595909308424
1707427058
1468296007909879812
898383877995155457
66761201
241072354
1597438040720506883
1521870690630221824
1085572304241913859
69180929
1101964804242067456
796552034782679042
1195224462
1322297149887979520
871017006
1544104135129083905
2426423666
1490514867505311746
1568648970469089285
2904742906
1395944023337193472
720193987
1468662864353415170
1530248317191368704
1187413153602129920
235051173
1457558434044203013
1240784920831762433
1325039985607708672
2811372962
968875021753036800
1504952792351481856
1308758714313314306
209693451
714496340592627712
1312387913393545217
1050939235782541314
1481737277621555200
1211418246550716416
1508741179923386371
1392308911743635456
1156408659825451009
1487718228155518976
1357717304931479552
1125642706149994496
1355972387863482368
575537113
1385358957279997955
1016908862136332288
864560808533086208
1374028701868888068
1077001305879502848
1104619321253335040
1196270017873997825
1146605125
156668558
1516533939543937029
224223937
2359971372
249866299
1395020944448671756
21023681
896919081462497281
1032468021485293568
1375043758685888513
906187286035009536
755102200473395201
1374231146528182273
1222553947
1324792573198798848
1393240605828993028
1389685808282497029
468023686
1293387240157192192
381072282
1417621420885037056
1162257604711571459
87212057
358849196
759938516675538945
1330031170772496384
1269740568852279297
1156553796111220736
4690750699
1423621883333947393
23129429
1274909189547139072
1332507647308947456
107244408
1233588554489614337
1155343131501633538
1226236967030931456
1403396071825477635
768087706320588800
1318748914242158592
1047997664309272576
1424109695183245314
172105982
212657985
733255985020567552
1428424017078325252
987072608645591049
1447323450641580033
987349034850451457
1368427658032386051
1224027830951956480
1359324397140664325
146410963
1408173995069956107
1434720042193760256
441489350
1245702587426504706
627860002
1128491044482326528
88921712
1420885431260958720
63825473
1333131031138930691
912729106344579074
1336865814759223296
79105129
1171098040368881665
1300988167588380674
1345440300702040065
47735010
915719718178361344
2496261259
1194040444222681088
957391636748673025
1163638223714881536
1411241357629222919
30508215
1159194068838166530
1082777724802875392
1382376686960963584
2716396488
1041835253155934208
1346362621784690691
1387757869932728324
1320130679737208833
1254898474929119232
575866617
1424088441298554883
3003771347
2810014345
21112251
1286434333742440448
1010901148008681478
1335237183234519040
1273029868163338243
838873809914589184
117338050
1268032640042414080
1084236632864092160
1276956778782248961
3855272473
3078101607
1251900966770794498
95121214
1340421385596891139
3987028150
1135183911850582016
60784126
883105305722212352
1202368619549773826
2493008809
1732809506
1280396325788372992
718495540732960768
1368125488317689858
4652435852
1004822401
992191188881960960
1393492122217615360
1165840402676637696
1197393638562525184
110075467
757033212
1080972087047512064
718679496015028224
899558268795842561
1142859508743573513
1311847197944819713
252669325
313376217
992282347700563968
2853284104
1381083480658898949
2955993675
877906516942180357
1267684187995205632
940822013756760066
1176624876054036481
2320745983
1320086005886513153
268629423
171164022
1298297432925548544
1363982227336548352
1113953867463417856
813635631377162240
844395677367095297
1370424848896249859
1167269085576597504
2409551606
257186608
1222652383148347392
1322286746
1213873668415090688
1177598072991506432
1347761695423422464
1341102678915620865
1021193497137860608
1533181741
1238109931024216064
803694179079458816
203146002
1283547867341303808
1365839268476645378
15764644
939091
30354991
1344841528817164289
1012848315744993280
1167119482369662976
3060230487
14388631
1357807565338411008
1138897598041878528
1337133329758478338
849982797154590720
1160727961374461952
1350577991395393537
1099343905634553856
1261002133052276745
2892681119
1235653433627197442
45693072
1142531992690528256
1118025198341541889
1266821924824535045
781226739460612096
1155472988290080770
721715626679533568
55550165
1096116852063903745
28504906
1334887852140879875
753195112176480256
2684682042
968294262776451072
1203129289450893313
1115999432854650882
932380344053006336
243214219
112694062
1141802496861585408
1305799889880838145
1142883952375582721
1093972206655336449
50851012
1054946877374951425
1584642529
1706137237
238545576
2996959115
855947347947335680
931346315677593600
4917046452
141830425
2761481534
1272858331099598850
887434912529338375
1138844783609286656
1255907018491269120
782235072950890496
893159606201057280
1197606393345462272
1158464577832738816
599890077
762310299491774464
1267257106652172289
803198915784871936
3035349657
1274577703782559744
1025410166483832833
3609762852
971498870772584448
886358633646350340
32201297
1230193365397970944
1168450601572659203
1179233225446694912
1253054919034187780
487777321
1018931868564180993
1009588379640528897
1742804707
27696764
1040135724018819072
1290701071321649153
717229113132642304
757954830
1267586846000844800
1006769795302346753
492443928
1168882402980245506
792806523089014784
800031696791842816
21537801
954283519580221440
21480702
1071351177357463552
1032088584327581696
958816783942717440
706394380039544833
929240696845930496
1215884051145547777
1128371368653926405
2414798558
14943131
788794717806919682
1280177074351865858
560294989
1248329741549146121
2943060805
2936051314
1094225011873697792
1273293357897433089
1039144624714129408
1053856725684633600
605974171
836779281049014272
1194461348488335360
2867317885
1253724166978764805
1100525378043604992
1019404891574300672
715899326862606336
87679233
341170330
3952661537
1075050251160092673
1258496903395844097
972234793864671237
1170024622449987585
7836472
1192873481182035969
137454738
1221190650080714759
1061347890193301505
1190292192876617728
1199105339951648776
1205584924574654466
889578132105285633
739013222569807872
710293772639330304
2794848564
1222299361029304321
1004462830878244864
848238340923117568
789236825860796416
3302113075
43363760
1856013296
9287122
1157388784301793280
854746255431315456
3239955086
866005696428384256
3902353996
860495451468029954
1003645782803861504
1044689722004709382
548258435
1216177935264038913
1196852732801499136
1114659093317390338
161569820
1147059968576651267
1143587336552423424
855318254
1040038881025040384
4880164432
1179954891525165056
857445787
184301835
27662600
1019820244691443712
274932405
596805036
358545917
962892578365440001
1034824124454060033
1065390408967102464
3295694106
805726102626836481
1100153326170189826
429393586
894435865090416642
788853282651443201
806337084596293632
174080876
3304434824
4434495623
1038227820705542144
1547461016
421259681
304539767
822169914488344577
824125695265800193
738524159911682050
15401398
1142064494157451267
3410843525
1048012125141196806
1152662634161934336
4917498441
1142950349273227265
3415037892
984589521986695169
25218102
1179900335071981568
825851356942589952
824057238369300480
20998970
1066180934423273473
1149808841963556864
461174650
58580535
805158213226262528
381813372
3711027137
1034239571255537664
330036562
726249494891864065
1011427017219141632
66934933
2898520888
833937320797573121
1031708887702011906
811662404769685504
701954078394359808
1157788002564923392
1156007117427527680
21614780
966511004996788224
274308336
27073092
1151867562449391616
1048432978731327488
847470893144039424
1072441401948942339
873427520074461186
2258332112
2911813751
1119280141245411328
381289719
89319367
1133869304854863878
718592022
1024930357
374176409
858179545727291393
869309108175941632
1001535310122180612
929330286609002501
92844900
1116345515761909760
1029600409554309120
4108759318
792393470782636032
604940737
23985504
11460012
2228878592
15976697
29162709
846387391
606400487
702680133614727168
719191142437400579
47190382
257145200
1010327180256030721
923038629164810240
3317634220
738911954413162496
17685258
1079972177796104192
1015343493621977090
724248318289817600
1073329026926895109
1030464902681518081
1072909224299151361
2312893002
890634935438118912
25535827
2864960801
9840002
2323067102
4877657746
122451685
151912307
797413056
553648696
1042242546271969281
533690198
479784413
929343545516978177
90657826
1036399090932899840
3262160865
1908883040
749025764327067648
599817378
1017550686597378049
3345331894
712999409764663296
1877198120
1034816090243780608
2615158239
890340145
999274189688274947
173721835
1056864271
554692292
16146117
842055782950699008
374594501
28267055
977969020669497344
61347805
4064299873
976406694988312576
713117115704745984
986764611151114240
796194279731253249
1603084909
970816739763204097
854803625821995008
908144969696763904
293621067
3165867999
33818820
14189016
531570903
711752522898264064
2262100846
61900522
2534443731
73108768
2740108585
773734047646351360
715979593090359296
530948034
3897232762
777035273951711232
723274653435891715
2997862837
947573035447529473
844434316943904768
725944230091182081
3167930971
27522964
20253396
1129720458
2534173706
840556647399456770
718230736604635137
2260805706
555648745
123535553
864923032971689984
970947708306575362
2830963580
989054055400996865
3128334438
175089794
265481588
4805900396
1003038822
787423344962535424
3313526078
979581825969459200
935548392343851008
801113147499311108
932126856563666944
945116775842242566
899094018184798208
450369483
894728198382080000
900965015947063302
834419623
976571534989959169
223595894
504717565
875743455242317824
971127416272932869
984247159066214400
46281453
3092120316
783374230444400640
954942642239885313
972241176278503424
186395658
864012677718429696
758857882129485824
731409577
984987737613852672
971798635712147456
3087020963
2968594904
3291742933
4508367106
936041350339817472
495158786
3168021200
897284008807198720
2939030415
807939361
886810743127060480
2833064038
2882850752
934662465471860736
830109173841010688
845134858091356161
68632407
934805440528924672
822590608430796800
844249952943464449
726834650929348608
850806531247529984
4727899720
53789862
805879201
16171500
22157328
4498776677
4767839791
23580800
17435686
185888031
1563464372
1852899224
20941765
3145355763
820188286610264065
849754786593460225
3951573208
853406058269691904
742828199323783168
861741762183876610
455261114
891424811095920643
848499162052259841
2965150132
292929271
99608225
726440510332784640
891040315079102465
902609287419191299
391076532
704437286767828992
766887418578427904
2951963678
3063615107
923611791661391872
858165032890322944
344510923
735024071843426304
814293126336626688
1226167963
739536307295158272
3018742509
2368624716
741057139687362564
1096845500
168549459
794195358041653249
2236870717
3267456386
24127811
707231479047315456
3154508072
46634957
21722318
775696688489099264
767960339547774976
892979229754884096
537709549
2514675292
896940806124294144
719024310468280320
2902374821
2984946207
2373401372
515586209
25073877
706959926879334400
384848281
868484920104169472
772966352114094081
4122226696
16149629
7652062
169686021
