965431702838566912
1098877326660521984
1377259484372992014
1689825113665855488
2782991882
1411003972467544065
1469074531465711620
1483893386817986574
1440729494591971331
1618378156167020545
1315023384049340416
1041042565267697666
1565968779351400449
1579455680884391938
1419688307529818116
1556873353343803392
1540638653159854080
3133023782
971921107992350720
1393287208426082306
1273639475340554240
1423472265946177542
1423317156062765060
21839417
1485689970593468416
983108315466162178
846949171680739328
1505301410514182152
3957788915
1403015536879996934
1571983389984440325
1187413153602129920
2538196992
858489116866031616
1518729294972739584
1635343362206081040
1480926325091323913
548258435
110835004
1321793897991909381
1076789110382215169
1969200362
908184141862195200
44196397
807784040
943071660818817026
1590040437934665728
1511984710494343170
1587428481495097344
1525515420236713984
1584566291985211394
1584189784704032783
2485417855
951967167926362112
1069820899
117338050
161488059
905361701603872768
457856675
714496340592627712
1463884291755159575
1432744254426779653
1463708041572802563
98992586
1525163077439586304
912729106344579074
68045552
1481378204548009984
1523658772287262727
1465882623532843016
1292734098524471296
1251900966770794498
1249975900927430657
1351906066519490562
1125287020501147648
777338169209462786
1454741996979949576
1248039779683512324
1335386736243830784
737776450925932544
1476930281940701185
1419081931543781380
1094978708371374085
1455423918
1454527247885508611
1039969713953103872
890657236237864960
1440364964900835344
1439960403338014729
1157031801707212801
36653560
1093297314830135296
1416112095809228803
1335579235956690944
1349577671080964096
1412518353822965761
1409542496921821185
726377533613178880
1402816435945103362
1390122173952626689
1171780619875049472
1328473059112722437
1361019193118912515
1104165722996043776
1365887463462469632
1317239145715142658
1383580834695827468
79809731
759463304209264640
983488196
1159960047918538752
1220550531233583105
1171912207266922498
1054669807537156096
1266822535628414976
1210711945877344257
1244674431747870721
1291819445195804672
1255572441570717697
1364642249577963523
1324934999972392961
1355598961848045571
1351344090126946306
1348417099668938752
404290123
4439232376
1348815925315776513
1293549045034622977
1083217609821044736
1074178276892000256
1246440482760085504
2331936074
15392486
1217559748557647872
1335290259651899395
1321121180405780480
1112838833370914816
1192471267779260416
486573450
1271510341080547329
1294735408346038272
3418210767
1153042794375712770
1151261114384171008
1066187390178525185
21480702
33608041
1034879515720335360
1312912823350067202
1296423683117002752
1258915296259133440
18556232
836822870118580225
187680645
1276956778782248961
1270911243180703744
18961404
934807689238020100
1295494995441418240
1274142890302857224
263471180
1273748146242412546
35954825
1059270853974724609
1271697343444852737
991534572662816768
2607421675
1268625299199217666
1208198474023526401
535222091
4849700926
3163215517
2835451658
765241482974470144
1280852842862034950
1649363450
1261270683285204994
1120888279686156289
878144305226973184
1171839899890311173
1145702015374438401
1039330378174087168
1266815949459591169
965451112395415552
4885770726
3240819887
1243875840171147265
1236459590746767360
1262087928253050880
2288646894
742402133232734208
1240310688926613504
1186514928913522688
1191798051830190080
1252243859796566018
171386312
2263430953
1229810438994583555
976571263
1240795203201650688
1042161669844152321
189305014
700405152730234880
1129532119192096768
2816466267
857847380737011712
58348452
1154275295698067456
930625267
35184346
896074081019277313
292558545
1147762199282061312
423178047
1112469503609327617
2985479932
1211401039007453184
1213999330274594816
1219088793254408192
1226902070705491968
1162087693213425665
2767174879
1223040900294594561
1150066439002513414
1182629679330742275
738895950920323072
23357735
67691067
1217433457
41476705
1119967699281563651
861389753563959296
1221569344821518346
1158336956012597249
2863324024
1212317097927200768
217929536
1205610423665475584
1164176887712796672
944022723776471040
1089513488618348545
468640410
1188996447947149313
1185977202569076736
1140133160035991553
1162899685670965248
799362330672984064
1197676783426031618
71706534
1048012125141196806
816131319033950208
995431365888929792
67071520
962860018965114880
823290879909707776
763002692893413376
129019194
28325203
1197186629292703751
305211380
819435881706754053
3932768472
9287122
1169611681174978560
956167365330272257
3095130883
1115725873926234112
707386000767471617
776384191739072512
1171846818558304257
1179876921204707329
952262175128805377
998528950992359424
271675290
236300369
1091718864952541186
742449399524102144
1183570949192536066
1277398164
1168094123879993344
1010226696665075712
102822715
1179674640542769152
2321127874
966902626624323588
996503072112246784
737020800067375109
1174763277559185409
929330286609002501
361628602
1173729243295113222
1095510059465859072
41292206
2488745090
277225326
105031078
901916131
119958446
259540958
18653060
1038128227485532160
3232881455
49029489
1135987028611350528
976081903626305536
1146029029423812608
172537702
1150524939411361794
1065775800719474694
25073877
2322866275
1104161592021864448
2382733897
817556812467605504
752749220952625157
878087280321335298
874658640774414336
892130360888352773
906613557915201536
113137765
1040666772901425153
1130932262839697408
1691441851
277844631
1090732081242689536
37863826
907288402868895745
1050343857685172224
716300518784688128
971157641912229888
21951518
1109379084780331010
1083793139922546688
2407544636
987288415858319360
1040819647266775041
964304401698639873
3214466631
75561107
1276652162
797311126325235712
3775360879
1244645004
880583946169335808
1029600409554309120
51733619
1107732377256648704
763468963439341569
2442466385
167115847
1106985241414119424
424439252
1005263108032507905
1018904182387036160
77046494
18856867
1078460701176463361
874101252
833510865949200384
294065941
1080850562638364672
189870199
962714807983071232
1005007371159068673
891098592869404673
540124204
20941765
1069720356552916996
718600146619990017
2364881924
1076245812538032128
599817378
1010161668742098945
375721095
1072909224299151361
21626308
1065348489012490240
713221570295173122
941753248620449793
822299610018365440
2414908590
1018778915895152640
1044589962111447040
308701309
1048856598666518528
793336300308922368
818905354205622276
797514160548544512
855189266376294400
1033363553997213696
780111811102343168
821756363332341762
873051724604334080
606403456
1004340239173935109
1023508900589400064
805223648499859457
996159650172153856
834273652917018628
875628130823618562
721096238020628481
908324706046042114
2864168134
37604523
36516170
105682578
28184961
143284350
49727905
22013308
70858251
2394806707
39883599
14537219
72057548
111824995
70422990
2977676659
22522662
98695280
1146055788
26745984
54930834
831986904832811008
3548182576
1666121526
29463047
903661608425095169
4609000452
113239521
987716537019719681
14862190
43661233
980682873123557381
928744532866367488
877803250614972418
990731046697230336
919028383639638016
3267456386
2739596257
968314896294215680
3124365701
743618473658507265
334772055
2432310906
918308125140226048
981633292142350338
977011411237900289
183739654
3353248925
910240254384394240
976853859703427078
958582032212340737
191213034
730693248147030016
1432290415
624210678
844501844504252416
94336415
809614172
858066163128872960
961497883240484864
23798694
4122226696
752959343134445568
902986058299736064
590538520
4834346009
2850514078
2883487858
155695003
138167222
43386303
257013516
29442589
77059536
52044150
58007320
2596413645
182433311
21261661
22286602
17564591
839221565745065984
775189127121801217
952018875394256896
866447282992009217
3440089392
781547114866302976
14512842
955980444834541568
962879910078447616
961658468783591424
1250545933
905574168711884800
3667174459
21747710
809634353391271936
777316956483432448
816630956425674752
743899616387670016
793632987430596608
2530039118
958776527994400769
943097778984620032
870739703460503554
885468111134220288
871115652299276288
962843662156730368
835556315007188993
867156027296423936
942865670584373248
957993473336139776
469069604
261110010
4685183774
939390009102106624
47611401
594581402
745488812592140288
703063932009783297
826092222
705405812
897865556908544001
4843429685
3230033035
959841700154769408
203859639
871396901228339201
326662096
728936599329886208
913907712336945153
742360843535429633
951644393525694465
908472159571517440
954901385937502208
91090006
874835900659892224
908573161054076928
933569811023581184
960688040405553153
272698999
251052944
350887805
736214254194417664
874329365353574401
1711494775
955954738130030592
874833415551496194
889128022628069379
951255104384094208
791922919752470528
896242685144707074
935890009600774144
906683534869499904
959904975882141696
897475211729043457
908486335630946304
2991660165
3316269755
821795813676515328
2984243591
82396486
939552567926935552
753779635691855872
25721806
555648745
854777337832984576
944551970089721856
711623702853656576
958678506036228096
727693543951749120
936736569184186369
870135423456206849
32444949
2763048042
925559589801734145
889716124635484164
942530044680916992
895879686294691840
779138331846250499
769473947645587456
228448596
868256926215393280
142983591
920468444633481216
3092583401
4105765714
832731697628082176
962092057887199232
2908345559
587452788
721560387544481792
956179910686597126
846274195499630592
874419002818400256
123409648
944272810427510784
869727675648282625
868152995640463361
620339539
2941021415
935368611962740736
231546312
772163109880418304
954813033817161728
765612964879687680
772037542564724736
873971810194292736
923232579796586497
929809393956347904
1034065926
897231271004258304
818948638890217473
4110639494
63296944
3529807455
838845784074301441
2248147020
822215673812119553
240760644
822215679726100480
66515223
238368250
592730371
1226167963
802940428764913664
4627236323
4717892303
841354225196113920
451746511
915247078791622656
851844846667038720
897374037143433217
712286995087659008
934553524167499777
908174596381265920
898744501837090816
845237686608769024
526000287
832319306541178881
499230066
952079506713477120
828039198078881793
28223477
688583
21447363
436266454
1048661
738911954413162496
720126981950566400
27752212
767960339547774976
548136534
837555557804339202
871650706381561856
865516973567778819
42786325
26347170
83992997
2231109295
3154508072
2352957686
108471631
3412642223
240426992
721502167811489792
35039490
706959926879334400
767388219054755840
4147851323
736743954582900736
324236072
796914547449696256
21613794
22703645
388983706
822100111400566784
74760182
3235222537
763771646549356544
1900293397
39344374
43906698
3219461544
827990528151072768
2743220509
3130731489
880269508409270273
880450657957707776
1662709308
19599446
921035226469535745
274567177
313038011
196168350
402181258
735024071843426304
948760438182961157
845070010720542720
936775674785705984
941109866202091521
2363203740
2349347329
2463171746
52352820
209693451
3018742509
876570335537233922
