1583749947178029061
1520354133982814209
1467311928863252488
1313113942219161607
1429400366819512323
1279898928041865220
1146509923683131398
1689671471503724544
1497339938760765447
1308549999165407233
1104524508709441536
1599510806680535042
80220769
854936386994020352
1490423635626143756
1596642410947399687
809614172
1459226126
1194010389186527233
1276956778782248961
1141267297560158210
1167819195377209346
1477499947360702475
1673534081668370433
934443084263448577
1054669807537156096
1655355981629456384
1576104206531960832
1216782971216240640
1524934630524198914
1524226014271913984
1280298812314128393
1541478309623730180
346576530
34069629
1342174584594960384
1653544978059087876
1405966368193798147
775104300452311041
516400360
1519736925837479937
120084333
56443453
965451112395415552
1104721569958506496
1544408838308171776
1374317368361447434
1091424413399089154
980516212059856901
1063202045950418944
1469074531465711620
1460955948520906754
1099579684981944320
1657562869658009604
732612795078844416
1635403941226721280
1328612506579898368
45328592
1005080575781298177
1392864463204782082
1270089578511204353
1531079230846431232
1571261226247659523
450235955
1389636365034393612
805223648499859457
455264233
1521309472513306624
1464233909101731843
1562488873649074177
1400986285767118849
18028981
1428995021013934082
965431702838566912
1460150176874516485
1504102103475707904
730329614443270144
4782549661
2343792308
1236913072180084737
11744152
1629152100922826753
1632962064669896705
1121807798826930177
3418210767
1633423171096387585
1520430827053756419
3093242123
1451941051334283264
1582693136165388289
1452987513623228416
1533091496659918853
236916199
1518729294972739584
1375645320802095109
1391778787390599168
1616975606104879106
1529947182010232832
3206256441
1571425250134597633
1444922216244723714
936238338356404224
69156861
1537225604554031104
546819813
1603685595661963266
1271235405380112384
3213657061
935072181880582144
715146025586069504
2507677199
1277192751478644736
996851895552675842
1255781594893344768
965946209725796354
1234573663397187584
855300206086168576
1222546624959873025
1260835042206638081
1180523369785106433
3939574932
1478474388186050565
875856268056969216
38271276
2397468266
825442822996295680
1044928850
1535187249700212737
4330569813
1406294628433907718
1207041363226873857
962650783182331904
1615389077599125505
1442719136430231553
1125287020501147648
152998974
52475609
3358485004
1596701940796096513
370291114
240454812
1145958890296631296
1603889820698578944
1549461766983360512
1590040437934665728
1446932149148344320
337808606
1577293480308654082
485132115
1111179802067853313
1542088334125801473
846859247933632517
65853428
1364642249577963523
1482031284134326275
14499829
14159148
27830610
1145866561271554048
17802669
1254839630530297863
1261270683285204994
1384579353217019906
1366565625401909249
808080314
76050550
611986351
183739654
1204002460395806720
17899109
119049214
12609292
1220629654412939264
753478585
929330286609002501
882912791539179521
1566254996550811649
1553731978918330369
1479683129271062528
30352096
755135678422327296
812082921246953472
891323283211268096
101597075
273324355
1519407367208767490
1508198400302354432
1513947534015799301
1486756034697904136
1518981310529871872
834311232
1483893386817986574
1242178359699951617
1485720216692740099
1522093315377795073
2565360157
1122611217216888833
1178988967540219905
1295609808402481153
2580328831
1429903720876228615
1328679820344123393
2511701310
35304791
1335237183234519040
1496594279975768068
21222677
1244632577555775488
1519662443739459584
1440773477040934920
1505042106435444739
3390430893
1519519170198753285
1426626996784742404
1446781539551952897
2672615846
1503472017412034562
38947229
1414545751875719172
1041044330092195840
1337125931974971392
44196397
1217559748557647872
1009588379640528897
127853480
1214997544293535745
24540688
1102332614344613888
201066140
217228590
841424245938769920
1408600853930385414
1195009654490877952
1250496668799303683
1433997706981253124
1327266713054941184
1480926325091323913
1495488556566921217
816625461195407360
73299652
23540244
961134787
2254293637
1249767094763339777
6433472
1386767501481160704
1272835715060191232
15808647
1353721109762420736
3000474921
978184280
224896427
271126849
1359923836356018176
1465347964252180493
1216217031298564097
1327662702119038977
900669223122472960
20172153
2497176776
1455423918
251827754
21614780
921735019693051904
1201935772158439425
18891076
402992659
1945032938
318656575
735306975475552258
1251900966770794498
1432280962130485254
867525126560112640
1138396700
1392426037053517824
1366529249264345090
1171111925016604679
1421061137169371137
350822109
367703310
34504853
851985789072408576
765909323545513984
1116627895059800066
1326232391493496833
1312086187444776960
18093097
1367092300627771402
1386503365069352966
23659863
1426979944022691840
487931886
39844876
1145702015374438401
1094116267076677633
1288319695658135552
338426064
1160636971129159681
87679233
1418304159607001088
1109532876310302721
2383905098
2204609910
841447140815646720
1161261376846946305
1284551805016453122
1208233216148008965
36996328
1272919957429538818
310907510
4054737279
2742967091
152507831
1153042794375712770
1107732377256648704
826261914
3632177895
1361785376747122691
838457598303223808
1372583311638470663
226194552
78683448
1326229737551912960
816609107943845888
981984539454132226
1270981264309399553
1311270358251642882
1223280403777191936
1347209737121763331
3410843525
87133189
1179158663119953921
29658469
2375800382
1091718864952541186
62594204
726025265256779776
1524653023
2497272086
287658082
701725963
1101647425867902976
58914498
1280241715987660801
5120691
198179597
1267973798625775616
40721215
41582030
1225160978737831938
4351743432
4918909023
1348163653229551617
1190950524792823809
19588458
1205166688389320704
210424042
731666141165309952
726377533613178880
2933572042
939935680137920515
940430173517811714
1073061078932832256
161078483
866822197557547008
297822295
15392486
21652157
1214622906749198337
518291454
856590732907433985
1447363795
850507814023942144
23951440
1244536359911645184
623230663
1812055789
707278892801765377
94132483
19721592
1136150643070996480
2568108282
18266688
165039823
974358822226677760
4866509625
57369931
2301990517
827639549488533504
1146714432803753984
1102987848741998592
602151255
178806519
1356030014
1031747223569227776
195856294
1202378938456125440
859409582426251269
796910684407820288
992543812122791936
1613378210
126441379
1014426936389586945
1379418918
43257803
3066800573
3978798863
1054124381360832512
806344552718045184
887918290173079553
1240310688926613504
305874770
1196051812022919168
1280852842862034950
1023722780968280069
1219630311060967426
96910944
17918281
11858002
492550287
510013612
63578758
313038011
1261957133081460736
74760182
837555557804339202
44067298
1066187390178525185
2918039334
976853859703427078
79909756
2816466267
573921084
14116588
782018153207431168
749016639287414784
45901207
53789862
4826563611
16017475
1123244539773210625
4848952816
2209106522
1251638956359385089
54065567
968319461307637761
379372530
34236531
20579845
830501603987824640
995431365888929792
818905354205622276
218666554
757832485
975200486
798133897137704960
2163908557
27012070
851140948352479232
1233052695637975040
266193274
68034431
2751434132
1185977202569076736
2985479932
243318995
2741072065
944022723776471040
74722563
1215209093578870785
1379801
718183755765170176
1164877949838995458
35039490
1218541397776707584
13850422
17469289
1652541
189305014
773198941
129019194
1220400598702575616
4111465739
189870199
752749220952625157
69172612
417767675
110835004
80571323
707543909149245440
894231710065446912
31284372
1166366182569598976
1100776937004457984
902926941413453824
902839045356744704
36208197
1168952162388533248
1171934210875121665
24752038
937475241131085825
845237686608769024
522632125
1164176887712796672
117655609
10228272
19951102
816318152950874114
2181493660
22211969
468640410
467661480
92680363
954238695330074624
1081206034021068800
2863324024
1136770786713329667
819435881706754053
1189490564347113475
1165745977279635456
18303935
91372751
1019069434202378242
778953916604121088
1106058782080000002
3095130883
9287122
15976697
1328744376
43906698
29921247
1125844694129360897
2237923322
2899862569
790372114452910080
1116345515761909760
4833376576
51571557
183767243
14772775
884749269126742016
936370195068841984
2201623465
260788584
49698174
973494767081459714
1009054861332238336
1251716696
1117331836038995968
1070370082759589890
75875590
2455301953
1080850562638364672
18664913
116745546
4835333710
892399926033907715
948303184019193863
799362330672984064
972654691434692609
1019625316187295746
902476398576721924
737020800067375109
891098592869404673
95972673
20973388
941109866202091521
1136991992892837888
1078460701176463361
33665720
755266896
1064535738
1150702537655365633
3267456386
2835451658
978654410082607105
933739716901507073
1116077861880958977
775696688489099264
61944577
730693248147030016
938191328193794049
1123847711835471875
1074186848069713920
758723418971709441
390682767
1043857143949086720
850036892
45243719
1071152518820978689
4105765714
765241482974470144
2442466385
1403620789
846949171680739328
880602945632575488
844434316943904768
10810102
224097357
142018510
1071091237820735488
3219461544
3105470573
866069141576441857
22915667
26637348
24127811
1112731352376455180
956167365330272257
971157641912229888
1900293397
1114244109080965123
4891229179
885208683352817664
880583946169335808
51733619
739905789511471104
1500129642
747809799547555840
274567177
708827623154028545
2321127874
990317363915579392
833510865949200384
714517290155253760
1035477565962694657
292929271
2853461537
19042045
1069720356552916996
2968824825
606403456
552531226
1006419421244678144
63485337
874658640774414336
599817378
807812802761158656
1047116864965554178
17995040
3229305373
2733966036
1931893196
16012783
505865032
17015268
3156877862
1630603508
896911537968992256
1030725698460246018
2904870923
850109849148964864
15828408
21951518
772966352114094081
955552929204772864
873051724604334080
3214466631
962687994007314432
34683246
892130360888352773
473084098
294065941
783065636
3405489784
375721095
3093346149
1000827618546110464
936723348691841024
870149492603006976
17376893
274294204
998528950992359424
527519415
126755086
17408127
264721745
467755427
896435599355392000
222759734
3289663197
25083002
24787367
890370269684125705
111278246
454232867
871650706381561856
2926732331
853229442
3331851939
841694471293173760
2388075212
822299610018365440
2432310906
42407972
41652476
129834917
959138658996621317
818538023642169345
524147013
920923623547920385
2705002822
3363764459
823065243014275072
900285272298053632
1858387944
877970364625715202
368777408
866525988095631360
892429154121068544
842033575985782784
939679057297494022
856162158845059073
521167914
2260491445
2207129125
1673077147
2520888308
907221032175587328
888343534083944448
900009678184353793
862007728956485632
176758255
739770876808167424
961445378
2256822183
328634628
860208983386333185
1333467482
125304737
357312062
14338147
1656328279
1327769568
385562752
1051053836
825920479055671296
2561715571
4009590742
903434091650883586
878854369562828800
2592325530
831847934534746114
773009781644677120
877807935493033984
908576143975919616
4826209539
2478439963
2532881881
574032254
110396781
730121169194655748
837063215800545280
4041824789
51661036
19017675
101903164
372536101
50325797
4207961
14529929
3054576341
2869469656
2313725803
895660461428846593
499230066
894748894789115907
18379614
767960339547774976
847563392306917376
590211920
183036873
3855272473
3559456575
3656836876
4627236323
3018742509
1474717591
16948493
48117116
22053725
2921347427
2922908158
39308549
20927633
24687777
469960224
836122364639342597
2776666330
467620549
1852899224
841859371613224960
1226167963
3195774341
2229820519
760413054903394304
59591873
453426263
18267548
52661430
5820642
747426555417198592
4216879030
455840563
47253057
29501253
793811337914843137
207784631
21822997
324236072
27000730
2903641750
27617164
245467017
18549724
2255251825
152696200
818910970567344128
818876014390603776
822215679726100480
1919392430
3957788915
297838327
4539679819
1662709308
709625249206173697
751365910070431745
721502167811489792
1849938847
19823951
4123868176
24870433
752414933803999232
2909903733
134646048
270839361
95092020
798935030747791361
108465379
534881613
15029720
149913262
116341480
25073877
707231479047315456
255471924
19211550
147346374
16989178
2483549179
964498368
465482389
759251
64643056
16589206
3412642223
5797952
4122226696
516881756
2599522417
349587576
194272236
3224501762
711535251835629568
113987669
989721121
2445581293
3262541472
14862190
736743954582900736
2878181861
3654046163
3141672447
2566535282
19222164
4081106480
71048726
11134252
110924703
594886554
21764525
726056313717837824
104778698
411583599
4717892303
2593706066
3376872507
247723476
19599446
485296454
3460143556
1230617456
2343856357
2367159096
111769068
2405216660
19670226
3198446308
44914646
25053299
83518852
197496309
469194846
42825230
21613794
62018785
28915923
451555183
150158919
97539179
156233898
235715500
4399065743
2674638409
22677397
1127286020
21865846
520449734
2913769696
425292193
1016701483
331879506
19878055
953879216
37733121
2407544636
16973333
2596827180
105327432
15798091
2339238427
20188060
40638800
4094970558
14458643
925865976
122105107
3222676980
1595064032
3394671405
3235222537
497336663
25660377
113137765
194663746
2150722754
259808059
262583744
3127689323
1731076880
17895820
312696314
22657914
507826586
70681134
3105864599
2875166787
2953422203
347469412
358545917
1125937411
2463171746
2373401372
19899606
258208740
1712939281
183993932
3258894105
3004839077
196168350
3014950151
2864960801
400001248
164070785
2493246408
22555984
3065838791
3225975615
562261824
906796543
1077817430
532627645
214447361
325954026
506257229
2740108585
55533619
475645452
449285701
42786325
2984243591
16146117
1136834894
410997623
154116697
97878686
78030989
555040488
2813563807
520288932
102496469
343663197
1323202016
2996011884
406577582
966752454
16117304
1627994803
1252888159
182935271
2885655736
16664681
51241574
424412749
49568716
2375814823
2943631144
3021274802
2782991882
532787029
22146210
139974630
883060393
2887738762
42750334
243666972
1924869769
2938623403
880761068
1447386390
44919521
2800195376
84324670
2787250985
78523300
479127734
343772856
2312501143
145953421
209693451
2902445481
2875917137
56561950
204736973
1972416156
557395600
236600800
291675893
346344101
737026274
143746296
1148390670
107231140
2539681779
268391554
112724522
299748809
268117600
2607958596
67268156
55976150
22060068
2654555875
14828860
43661233
2596768850
457984599
91882544
2507868949
456861006
27604754
18247062
2432443309
2677949662
2180934732
22039926
394310330
132136170
161673168
99128675
2345512368
22703645
2375559542
582983794
115600215
138909007
83992997
173658828
217377280
701786538
561968042
351638843
2352957686
488316375
572867000
1886420552
338026921
31374301
2236214974
2301447301
142646856
2284066573
295309894
2186765497
18924384
16076032
151106990
190990767
94336415
14587949
365073587
534434172
1319636936
27522964
1057590913
18856867
2167525794
1564327968
14669951
305906928
1132189957
46467636
711114764
2411628888
354961568
18956212
95480831
429021730
14321517
39595443
67073820
2424341789
709596517
1497759176
2409593507
2242658051
140475525
21779975
109951643
15843059
192547775
280137736
370144870
26163517
237600536
477864155
16981607
232702348
70592639
153210866
311032328
153236455
113820551
1634064288
167716675
12524522
374895381
424476298
267929245
354990034
15296929
1369895352
128016152
287413569
622858505
18572546
18643437
115754870
954752510
20374262
19562228
95994080
146095589
836656141
14304714
721110811
22384173
15503210
56562803
29216764
16467567
16916445
2216607389
264948270
156406768
626012392
12804862
21836801
20837035
494758799
123975474
2278064736
75561107
2349347329
2363203740
66643970
52352820
