1468758111842455554
1586732760110178307
1596875354584514561
1595893971301109762
1328679820344123393
1680145125941411840
995821385191636993
2874908356
1516035636897239040
907758415
1694355660182282240
765909323545513984
1084107871175012353
1703116428008660992
1656587740308283393
1451389694046969856
1692956856807727104
869381468811739136
1653223187507806209
3365727029
1547227626791657472
746158854212198402
1274692457913962497
767960339547774976
1659759404668063744
1216510540194906112
1873426783
1578120125064126464
3787341612
1518906825432780801
1267257106652172289
1167028576937480192
22208942
751215626518204417
1598793165162651662
1444752807849041920
1524226014271913984
1308549999165407233
1717361228
1589378811925127168
1570390590876942339
930301276138618880
795832924537032704
14276734
1423621883333947393
1535281767183163394
1660000933927895040
1462876081522982914
1654654990022066176
1519078741917458433
1022879742654115840
1466039184968368133
1319036828964454402
1345725879490633730
567861291
1145702015374438401
1367618153098973192
250381046
1544432516492398592
1595194787321241605
2911473153
884974160732192770
2751008648
109398997
1573981214192680962
1480926325091323913
1521309472513306624
1592127990724542465
554743338
1631748460339953666
1382860273040699394
1276784759985844225
1497713481495240707
1116345515761909760
1227323589961056256
24707303
1422872841083555840
894728198382080000
1366773443023282179
1340046910992748546
970884857126506496
1403814179308457986
1628850538652524548
1594363562612383745
1585398973153656832
1537811169297195010
1625935641283293184
1163534988358238214
1246882608572760065
1106418576783822848
1621448529817239553
1609353101319802880
1620127543536877568
1608285644639313920
274567177
1277599153
950451029329530880
787028966
1595574481019457536
1618319193765470223
1620439658936033281
1454259458167787524
1449136756394237962
1601929172007395330
1451941051334283264
320370596
1092606785108803584
277844631
2231109295
1607094388202606592
1365982429090037762
1306579205094887425
1260918773818818567
178231524
2153599422
1602699500967153664
1599079950128136192
1066187390178525185
16689075
1253088365341290500
1599062660661780481
1479356583553421317
1595182217407467522
1318118700944424960
1229019629688934409
1301430625287565314
710243227077644289
1592410512930766849
1578345572129558528
1399766153053061121
197547144
1589954281247055874
15212187
169686021
1581033789505011713
1582693136165388289
1586579569833693184
1506931942423412740
870324519788879872
1529947182010232832
1308757290577616896
1242047226228211712
873644670424895488
1364871942524829697
3162682656
713221570295173122
1394053134280974338
1563844422575562754
1366703206009552899
1566464480908828674
1076156704591474688
1513291379895644167
1155449500577742848
1427802152081117190
1550146382450802693
1564356711858716676
1172355895
1562640344713289729
1557855452934840340
1308665126892036096
901779062959558656
1552967933210550273
1541903307295207424
1534164370086940672
209693451
1500129642
1030443493104275462
1483893386817986574
44196397
1518707779334254592
1270817461529653248
1513501655966306311
701058516551860225
1251900966770794498
1406418973407776770
1261050341447077888
1498210217116459008
1347091733432078338
1415092431784222721
1503316507148926978
51023770
120269894
747025684661415936
1499607353968275461
1499660798817443840
1056301004931715074
1389869908322828288
1484977546324332556
1478504315581083660
1416212479865196545
1326229737551912960
1483112616025280512
1481225751932424193
1430118621095907329
60715702
1047533917539119104
1208917724837109761
896810349172797440
102323621
101447362
1288911225448005632
1455170394227421184
491282037
1452543469751316481
368897808
224547829
1434108567154475010
816711080516976641
1679362640
1426438314375135232
1316370797511020545
1427413799880044548
1249315862059909122
1436303693310218240
1309108626485846016
1036722282
215863127
1314096054778900482
1406748611678031873
857906139173924869
1405219947396075528
1276591451107975168
796804883450134533
825442822996295680
1268573159290212356
1322984888623128582
1178634709196296193
16219846
1395229407581716482
4130216207
1367920670550745098
1392405133204598785
1380453099614171138
1367134545745567746
75031140
338426064
101598863
1338458783375368194
388158374
85400142
1326261581840343045
881875770414690304
1365979620068253699
1056258254978904069
1355589268094279683
875654351917793280
144608833
1012795873942757377
1347510885972107264
1155062445980954626
851075482959433731
426171392
1070773676595920896
1490353238
1330465882091515904
1328054570082324481
842523827817107456
818831534354558976
1879695085
1319607679728406528
516966690
1178831253161697280
3118169458
1174254240337977345
20155502
1267263316314988553
1120077294
952958803586273282
742467990
19282280
2809050972
1241109933824839681
1134584994301710342
14067467
966538145595498496
1185438116007551009
2963573765
878204769705316352
2414809730
1234846814
1166007755259428864
763676898
1246750912917504001
1208872419169112065
1583527819
1212531195524739073
1139972336373944320
1246024772603064321
1171532581218598913
1192370202211696640
1229864638201942020
1037372973185937409
439968830
3741032655
140096059
989073976017203201
402290737
1210172633423269888
3020900987
823446593240231936
776419358989885440
1154481699318878213
4047066214
1084453199199784962
3046525515
216628395
54476445
157720970
2530913162
1110995522112888832
1090717414726254618
801852
885208683352817664
3217278321
987288415858319360
1175791502125084674
826390466367221760
1015295486612291585
2364314269
183739654
863839761156501504
3404578630
2992678504
734933707
225932851
1069720356552916996
3761046317
1081268652245176321
1058493108621590529
1086259354855264256
1503446203
327823484
841957624593694721
2407986138
1095735806197710851
871509956
340064536
1109847254771343360
1114167514223861761
262994158
124855429
274308336
931328726448640000
20861858
3596659635
1107696697751322624
1106754665230811136
3387726713
778857497969000448
1101576702453534726
1029990944211382272
37916167
16029910
350887805
56879907
2397132581
256935173
2661453643
3291197558
5474222
1088452402850586629
599817378
856162158845059073
1000325836208263168
1276652162
994261122277695488
1021807348132794368
288145037
2239757682
1064550545497747456
1029098049623220224
1062053865930084352
906220713211781120
2266662432
1035516830339792896
796910319591428096
983434340242722816
705464059454431237
1022587019061551104
262129811
1005346756152840192
476527838
27752212
339539939
1006567334234984449
130342625
3883590803
183759237
1005007371159068673
1004070871097593861
820516959351689216
757233268555149312
820315208480649221
106823957
988011475460612096
945116775842242566
521193127
793822910511284224
772163109880418304
2158867074
962992349398802432
769564715940839424
956179910686597126
20919668
2422894254
43416740
817379985455345664
832397935568642049
747809799547555840
827150781354737664
826224929062395906
174484681
832345779096387584
871650279065882624
924984449640599552
820724225157820418
796961677
891739600842096641
885062623313760257
548136534
520192904
2456897431
851416041959895040
999641286
1161597044
886810743127060480
898549314284400641
455294011
85056000
732612795078844416
4661635529
266613166
3101985905
821486920077221888
862194276163362816
24374356
3512242402
72362712
3091246977
2843713972
262095355
620339539
735024071843426304
768148873793638400
69601676
227419712
1078105826
1964547240
327160245
786220750034337792
1577059465
3169166575
290324812
498456439
701903376410419206
846278138
2231854502
742823052354945024
1393134764
438829747
2737439639
3279607280
764499537062797312
825445747
788491546928775168
3098026668
4848238043
4330569813
3880091974
59043234
2718300505
713413081108324355
531198081
799392706883633152
3296797169
2504143856
133430119
15348883
708827623154028545
4549070952
744142307537059840
267467141
601029755
2368624716
3391985055
526000287
716382823507165184
2832127183
704784672954425344
705865183
224183827
490827801
2988100258
4852741342
3018742509
361022019
2365954740
4297578142
84028303
725387754968911872
3293909825
1564175305
3514849936
1597845421
4685670614
3092625141
706959926879334400
1289455328
1226167963
144931417
1295482710
3240890554
18857877
1640070080
239040499
31251011
499230066
123993171
2313666704
746774935150923776
176115868
719637459794051073
3884102235
2842723101
142258986
28575348
2440083554
3979116621
36645898
199770246
966681366
61456976
2872998329
480675907
3418210767
194663746
3191320373
1630603508
4180943613
212881995
2872639048
3459549023
53979469
2798125167
2629217704
57339348
189870199
211658775
3208524862
25073877
20116250
1938891602
3105864599
81915797
2207150886
299734256
817655054
216371472
486549335
295309894
20435457
371213219
2192417166
71280219
1312019858
828791870
21930452
17907090
2990945206
135088714
2772880723
303916577
1333033202
2586821739
2691186956
1305807127
838635036
21565433
826046582
1183250396
1268333359
2524694150
265556439
1634769132
299248435
2546562188
2292748574
1273583713
130568721
463886517
20944649
14469502
2798378522
7587032
618098805
126447859
1907138881
800787145
20860653
290102068
2460515510
2292934045
270016438
109834320
44114927
256564746
755266896
1484732197
1058108922
958976618
1160223266
1651027262
591728716
140868624
22907406
180788408
1254108342
25486821
21562331
236145743
6580122
267260451
635278319
147989108
135441822
168175366
568036772
91666529
46328741
48289662
240670049
400063472
49211526
99724379
269408048
87416722
