1708525836846993409
1055888123652177922
1655618244760182784
1706880149486964736
1682059918621421568
1669145802563022848
1266264362295025665
1686628580401537024
1506086460
1626745865804316672
1296958443287437313
4790055615
1607490580082479104
1030064031716044800
1698957699566936064
1339235603364392960
3429676814
1372841614054285312
1645361982973919233
1587286623057739776
1646489301352603648
1525645094304489473
1590957645107953664
1663668491587657728
1686846283909300225
1423407608627617913
1373805701282291714
1350658792309059587
1626848987390308352
1671927729669943296
1477713219758133251
1665605966044229634
1641248391488258049
1622419299783565321
1234125015857160192
1691465478328426496
1674452377460518921
134891802
1644486636271718401
1380012342
1663561119401918468
1547961828356919297
1331721646810476549
729042486874783747
1689814707337678848
1878963368
1582790654278746116
984050408917258240
1674225375721709569
1670224059399827456
1675838856976044033
1684594982861086720
1103137982754697217
1139610479607894016
1679471881424973824
1673104286383783939
1668361780085620740
1667684519544074243
1655353145202188288
22703645
1398020061202464770
1325972530818150401
3307459262
130956302
1640529514945032196
1479604215962124294
1212830551565955072
1453850467809759232
1132813856420634625
1652750956558204941
1540468274747637760
1276467297670983681
1171196721621340160
715946355185827841
78239693
1618675852589531137
1457510723920277508
512552018
1058344087957487616
1635791737577693186
1429889817391747090
1036140332386148352
1058417703805960193
971570178638180352
1450211000972681217
1651378354870730752
1509263515407822859
1228286940488880137
1356641343767015430
3958327401
1050599663592603648
1649902485069283328
1167453570884673537
1222652383148347392
1631730378
1649282666968109056
1519098738366681088
1515351706246205444
967551011085869056
1452692071345704962
1502899617377177603
1528495199797882880
1647769567081426944
1586923432968654848
1647628050019028992
1366509523687604226
1641263348841869313
789984025939054592
1588411140664692736
1228128534805135361
1089648140188303363
739013222569807872
1204592959716376577
1383105390573850624
1146509923683131398
1468544372182745089
1415415586604134400
1636011810988998659
1217259688582139904
1470249422625951744
1587524967188439040
1523572164036759552
1040214455525797888
1395563728624660481
1398466249550483456
1467563230084087810
1594401084218527747
1030276861274849283
1540013847347662848
1211635758701760512
1304208025058783232
250542674
1219337765810130944
3072081824
1303460079912411141
1396985414523699202
1592387830944145408
1468270296603914242
2386363226
1574972893406052352
1602760093854040064
1570785663439486977
1415423369349054464
1610781861348876292
1507062490944921603
1483100422856486920
548258435
1556469567093866498
1468355780483112963
3422420357
1518767109295292419
1831397149
16298441
1409731902093803522
1592262243755900929
1610002587276935168
1606360263493566464
779874405937655808
1258088976109441030
911304775450292224
1572331359842058242
1545223970806431744
1364310649107599360
1090483065548427264
1586814048557047808
1610637603769913347
1408526870694350850
3818160197
1526008498739417088
101263750
371730610
1273130933923860481
3951573208
232731795
1599859010572017665
1296278085570985984
1503828512415059968
1583577830335696914
1586833936063209472
1076557484440150016
1568324911617146880
1254679001009881089
1512187959604359173
1201985743729524736
1378063395824533509
970816739763204097
1540447587744071680
1576195286606778368
1583420031966367745
1518543826398318598
1602908754181226497
1586846768821477376
455261114
92844900
913249097578090496
1596618068767264771
1377243624669339652
1601467943400968192
1600111896665141248
1538167665042276353
1464322912979144712
1561849145576636416
2204609910
1306654983480209408
924478805015531520
1501119770762137600
1517807398920011776
1531749086679932928
1226167963
1542609016962138113
3729917117
291762556
982070158125682688
1433497352741003268
1441644920419221506
1451269385591660551
1292555805833728006
1410190871216132100
1285965459142184960
954283519580221440
1040038881025040384
1407569981555023878
1200904010573721603
1566051677744107522
1560039299286028290
1742804707
1411241357629222919
1587102104363188227
1581875065829953536
1529189997261139968
1598393201404035077
1554441256490745859
1199168623647973377
32503010
1592051914241630208
1451764068277264386
2315444339
268629423
867433136
1570375954702434304
1594882765220065280
1468054692945358848
870453535653076992
446282869
375721095
26649679
2902068421
1537120642759282688
2794848564
1210681987016646657
908259028278620160
1393492122217615360
1528543263023673344
1414807675628621827
422326892
1375230260548100100
1481860016323846153
1468060570750373891
1415777731535458304
2953746566
873427520074461186
763129763540107265
1586817276996718599
1509913938296639491
1507668227786162180
25073877
999405113167962112
1373790138686394370
886358633646350340
1403867404896129029
1593409539952373761
1241479902748119040
1587297853877018624
1407593908771725312
998873369666904064
66934933
137878848
1248620937697570825
873051724604334080
265481588
1395040186447405058
1588399933308121088
2911588628
1306741300138475520
1240784920831762433
1353508659612016640
1346905483815301122
251007598
1356310729704546304
1185775316960268289
884725236
2344358742
1144346832669171713
1013925684555599872
1290701071321649153
1694945473
599817378
844251061535817728
1376486524624199680
1347761695423422464
1417352143300874287
763932748524294144
21614780
1146496642700308481
1367128446426619906
1109891841552347136
3018742509
1261209916624318464
1112003189895806976
913023465732689920
1397266105765449741
1580372885859860480
1304537279332069376
1499254031851540480
946885790
1228335230798454784
1176624876054036481
1024333775004680192
1323092293742743552
757179079
1366477358224592897
922267018526707712
1566181460519706625
765325355720773632
1481443120738885637
1526568451044777998
816051470772609024
1278130623631278080
1195796780849516550
1587171089129607168
1099343905634553856
1009588379640528897
1064620529552896000
1388019750706552832
1381426713868038144
1515076857758113802
1586843046829776896
1521870690630221824
1321176243006513154
442398127
794195358041653249
1477071059853758464
1366593297708429318
19729919
1334218055564419072
4367813116
1361766068025458692
1411073460072239109
395689514
1265135779908640770
1477114926195957765
1174517985396043777
1119086091649159168
1106388365975314432
1388131546662543363
1448140039481794566
1588213933650870276
2656370401
1188893517097164800
877374924234653697
878330492
1215077597798916102
1366421354711375872
1189990938237648897
1732267560
1403436686802100224
1544944165544394754
1567489979147763718
1260039291985674240
1385387445114519553
749607928768917505
801261518939623424
715645157689978883
1267910873202528260
1592651268
2232133284
1316444013499543554
1122611217216888833
578469326
1080395198515929093
817156479044161536
1921716092
350123652
96221501
1155343131501633538
250945227
1236517907796054016
445769251
1585704330946088972
169686021
793325876947542016
44196397
