1607121035740209152
1707061132081455104
1708352888479612928
1266740336669450250
1292918299198730244
1518714090008547331
1694496955412668416
161190362
1707826149735411712
1681104753885888512
1697548838897131520
1688649777590702080
1699315195817107456
1489353200587190282
1537788552653639680
986633517911158785
1418045970617716736
1699435775270465536
1706362607626539008
1585958732659408897
1705887073025015809
1687088117386215424
1680131953369165825
1706133428507185154
1686965720335503360
1392218714989268995
1042728325
1655237795311435780
1707105227449491457
1690852453841825792
1452925589090930702
1703434437055184897
1081580618620768256
1706407722839609344
1539226074214694912
1695604406560100352
1454505402641571842
1534904789879992324
1537199080341921795
1688041875138318337
1702122247450705920
1704761967875899392
1658841161581187072
1707639829410746368
17943327
1679137464563163137
1308234162575421445
1003314643236982785
1137780183056945153
1706692156377731072
1702279999
45354593
1632812185083576320
1573439655969984512
1242992614409785345
1652040611610894344
1702379933975089152
1566110061516267522
1694685083850928128
1395408397214887937
1672219399867052032
1551861430084845570
1705975945402761216
1677078740558557185
1703471967951589376
1690157633829789696
1446902427702202378
1626829084335415296
2586089180
1455991529735077896
929699354088296449
1143679860
1701623330091266048
970292904999772161
4183005760
1702885717276344320
1698095546211143682
957775559085436928
1695850936759947264
1589833881624141827
16584748
418350569
1644823629295767553
1657493953065762816
1704710893215633408
1600654910269272064
216890677
1697403118487535616
937221074718220288
1522093315377795073
1695507951136440320
1668991364476948482
1704420547407368192
1543939840080740352
1659362833262612482
1695443705627607040
1684592624982695936
2263250588
21222677
1667143281287782401
1698684895340412928
1704169777793511430
504228747
1639688220815269893
1585890137648537600
1700260870972973056
1646997830056247296
1665980527579484160
249719092
1647672079070777344
1519144555114815490
1700672950809276416
1190729872827715586
1519202039653453826
1622385303708205056
1667180095679627265
308455117
1175553967847292934
1691384421566283776
1679231207261761536
1611116272917352448
1701698759313223680
1696967002102050816
417767675
1661477872002031622
1564151549940867072
895501791650922496
1703551047296274432
1423662746726502407
1298474764382744576
1701072268519149568
1693285808571052032
1702971127545421824
1659394099651432449
1125245053608374275
1477009584
1531079230846431232
1697358773822857216
1540118561254948864
1586314659757494272
1625141523087077378
1653804663597330432
1697196182911537152
1688382244921257984
878321089343967233
1526317284
1697415586425307136
1695090746762645506
1372989763687489539
896027387795787779
1676217455012720641
1696733857402298368
971354377234665472
1636710529413656576
1279067493231996928
1596588390530564101
1702734621912281088
1258248843088535554
1214968787805585410
1612676091117813764
1695105401384304640
1692272590172102659
1671381387096600579
1666004344955863040
1701724921276276736
1504949722754265089
1143985474538627072
1393273135575801860
1692610360811933696
1583108469699366914
1696662193859645440
1452728515820933126
1639308966957137931
1677703818753220610
1699172165508354048
1697088636628373504
1683943816984772608
1637852045020389388
1691603166620487680
2297154008
1423367562847531010
1336277768
1563548103151456258
759493648270684161
1487919308764114944
1159360540017385473
1580281096679432192
1697585164346347520
1677289564489039872
1694001653974970368
1511493522813247489
1217538606233018368
1680388215998496771
1698822096598790144
1689737747551211524
1673051561877028865
1641625984787968000
1616933775564234757
1667163427830218759
1437055415175503873
1127937954637389824
1679611198277394433
920104877866414080
884886871792386048
1353929213296840704
1587035566377664512
1454667626
1684580306144342016
1534551808894550016
1637067670549053441
1587479960314384386
3081026023
1488335447143370752
1356711459233935370
1695892906492440576
1690368114670604290
1698343483722149888
1542678197652930561
1375921256537669632
1442799406839914499
1511394191649042432
1695542100329160704
1629883158794743808
1697816035888402432
3029257097
1495652873979539456
2187836142
1636832071137087489
1593388143490879488
1688239619672842285
1695835185177083904
1516764668164988938
1653710320316080132
1041985128
1696888972985696256
945596539
1471987798404173832
1656067818142715904
1318748847959584768
1662390240483344385
1597747412189253635
1574436372462456832
1520413914521124872
1586165008312029192
1654502248691408897
576050024
60042866
1495557175422472195
1478713255593844737
346624283
1667077523283345413
1499167765747302400
1690808089090707456
1696962031876706304
1479967843294736384
1425938300
1691302644017405952
1335633186345414658
1682910119430959105
438036894
827311837842649088
1687313280874790912
1681438430130053120
22451723
1467073728047718401
1610782786754940928
1594015404011229185
1589622237375733760
1694398464564576256
2920025445
1672348249120727040
2604963355
1436788137779359744
1605359248699019264
1610259876491546625
1595945310307897344
1096283169899380738
611096924
1672303989444976659
1357342565738057735
1684207167069462529
1587400240251936768
1666363449859883008
3040518757
1648676329288548352
1652431752126660608
1421557260082311168
1573039305366376449
25768885
1667036310563962880
1685825695790829570
1680211742884872193
982739239111745538
1468565403240890368
1339440586261221377
1670728978678841344
1681052667827634176
1251184050108276738
1691542507023175681
1659673474242351104
1628786139569000450
1679127419695910918
18403887
1291152746591268865
290971993
523844099
1588698421548011520
1556989979129090049
2330094087
1684058594252328960
1682765832038883328
1496501351760773128
1429691026948562944
971157641912229888
1452183469249994768
1467499844570808323
1676052393153134592
1058558942962434048
1673324840869142531
277184496
1474243460169285632
893242141836795905
27906881
1680555257162608641
1688310994420764673
1638993467685720068
1573336541342171136
1689864949332635649
1660915836
1547081398988709888
256539258
1675515997053149184
1690682333400080384
1454402208510840834
1452363629878288391
1545958196421992448
1555660881861689344
1636499604505088010
1675258485070495746
1378152316478631938
1607834464712855553
1636996619198406658
1664078544677502978
1489231662634487810
1680177335209799680
1654379376799096834
4341104733
1668458895252262914
1053148805837709312
49861779
1644549252654280705
1632148056148701186
1502792188991721478
1576325536896385026
2436159569
1688319855735218176
931908347376390144
841075560319086592
1680263788417753089
439575291
325829475
1304258835381514241
1459375428972519424
1599052335464026114
1535281767183163394
1690005073538031616
1677246080558170112
993057202133983232
1568155759682228224
1620963813397864448
1598052343043395584
1029157690239602688
1689052936608026627
4878438609
1650671775154331648
1324882344264675329
1632749873802911750
1689253103357317120
1666992711772012546
1684635758349754368
1638841777804197889
720085546983235584
1674457393600638983
1675614936825774081
1332685003
1675724119592300544
1411835542820462592
541090464
1040684089
1328306927168860160
1464330180571316226
1558859689789644800
1640074046665822208
1654486392137736194
1553596650341502977
1338899697310830592
1502355032389341194
1465871448275312640
2168348689
2972335899
1681016223104917504
1424945272593940481
1559310741374730250
1322088824877551617
829534328
1674933424602206208
1589717473632428033
1551592629078482945
1679888216810307584
2966659847
1633612212156735488
1688648587259871232
1630519958823219203
1629173557451186185
1668896298404044804
1577518322987442176
1688598953430859788
1649027593042112512
1159662212333674496
1664192791059083265
1679068774966906880
1688342821986562048
1687734092501057536
1671700255505629184
1661025929332920323
1680025718439432193
1466554395190087681
1291054918434992128
1188683963910574081
1486343875610427401
1651284586838769664
1678605796727312386
1685344438573584384
1182731414749483008
1683768084891570176
1173670790987952128
1646950200106164242
1518798659445436416
1275272770407063553
212691885
1668907871440871424
1503386206259879937
1346120050546192397
1630885386833600512
1686051257885011968
2669655143
1549517042595909633
706490429106216960
2990160224
1453714390021074951
1682818267985920001
1680775459536269312
1663717979408977920
1678851563975069700
261040418
1679190556113797120
1600021495895433216
1650053098390315008
1648800122879221764
1289798739570221057
1086871083947483136
3008270586
1399468179156606982
1659342138218299393
1674848324015226899
1604719708082782209
1646285026340814849
1308852474271461384
1684289440045314049
1606680285860487168
1670839212227149827
1671936131955392527
1518514546759061505
1177669927660113920
1510318954371170304
410935162
1682250054130896898
1588960556693786624
1542659198877458432
1011423080160419840
1585887533820420099
1420083604751888390
1683294128153538561
23962971
1656435352083505152
1656746497390571521
1283005161049395203
1448105222883221516
2296488054
1646598935648129044
1593078718922113024
1682878600599719937
1682127972818354176
1526812855181332480
1514370796407320577
1586051790226833409
1680034210587746304
1663228244508934144
1681382722374074372
1681587505118994432
1385457605795926018
1501199956329312261
1577692793660645377
1647968432543920128
1648367907359932421
1561453919926206465
248390271
1108450441094795264
1501885530782449665
1664717451068866561
1590316949837385730
254559585
1442725740710023170
1522182570452353025
1679375203766239234
1435225889374101505
1653189456936009732
1646405591336902662
1600988681954795524
1638707182731509760
1644375080909062145
1965245190
1421421
1356269929100681219
1598392731591737351
2458871201
1679001078346702848
782554346030440448
1520726643685343232
1475101855797633030
1481683183884292098
915868370742005760
1633660179186331649
1678270463674384385
1621006944461897728
1275412068502552576
1627077698173673474
1645169014635741184
1587095081508642818
1675653882351853569
1604550146955612160
722163102305935360
1629051112581132294
1678577422067744768
1114192049488764930
1602407713203490817
1511332969134411778
1587646585860677632
1641803680084099073
1379439397800673280
1655672688965197859
1518667936520581120
1579266796175212544
1677906269485793282
82017976
1381593906677170176
3088048579
1678152053489557506
2230666951
1671040534662586368
1585417235270696960
1614803081530675202
1677694518659874816
4274211433
770693195483189248
1469008284409647109
1513615711884611584
1620203520799506432
1092515666689703937
1674606811318730752
1424893630620254212
1630488322895167489
1675378570351480832
1130960824347123712
1594370286245265410
865685025009811456
1624574454427709440
1625042329739358212
522209992
1450642281338449921
1428161262953840643
1450656856507027459
1675114227898503170
2285670679
1312345046
2313965959
855898933968678913
1673095998309117953
1670955746094116865
1660712335093252098
1365394833511227392
1657503235425329155
1471519876544090114
1475108118879248398
1129688430
1673123238749278208
1590139604157566978
1674683690683858944
1676727448111661058
1676671202285309961
1308992995203657728
1590565612828229632
1309791426318864385
746816271786737664
1594423518329856000
272621092
1084649480564166656
1672521482277208067
1644222493203341314
1653382377698369536
1160537265770156033
1076525864429518848
1675661561753477120
1645933241226887168
1624230381963599873
1673534081668370433
1483705386070859778
1385691226872025088
1633464591987642375
1577454479754117120
1676247846541033473
1185139121515323394
1621496362457075712
1438184818500534272
1671400320591863811
1657343258119356416
1674807589148712961
1596051179644940289
1463923684268294156
1470437712687681539
1668385665375936512
1478803207786663936
1633978496971145217
1568365253271998464
1669536985952780290
1379056580017152003
1668041781357731842
1672928144100032512
1663399547132063744
991755889660088321
1502724933323038725
1352948182142095360
1673389454516445184
1673427838920261634
1288866763
402876530
1596665175540748288
1635430499777650688
1620505735699234817
1110270481314316292
1358841748517244930
1659014775076970498
2192667781
1611569669772558336
1519884819479470081
16814613
1661496887579639808
1589401293260406784
1375129159790428164
1653138709674336274
1653882214222897157
1087307880657768448
1656578988624723969
1672210017649319936
1671679664438534144
880786699412025345
97618423
1662203964308459520
1641472074601451521
961733861355929600
1377842235165839361
4857684665
1665227487008423937
1526178719244615681
1651057991213531138
259499890
1584491882536701953
1339679455644581888
1596939507747766275
80220769
1612695201297977345
1636248293843025920
1574825208070000641
3435976791
1498418745139675192
1668917897949769729
2565041466
1655444651246227456
1666322141397258241
1547300044835102722
1663612202312675330
1664382729167966209
1499175450777731075
1668701032652709890
1668689099559936030
1658555201941540865
1668640522787774465
1668616740065144834
1613865487464648705
958553557543759873
1611723479652466689
1481626181900382216
1645420017922580482
1461285152785580034
1506931942423412740
1574336147567702016
1597701223368470528
1587548746677891072
1586072292991311873
1665723483278417921
1581895829610147840
1283630398677766144
1665476604703932416
1667445915836203013
923021050862022658
1076789110382215169
1561069404116369409
1457411942457360393
1572245713660317697
979208108793847808
1661497952035123203
1593049036642189313
973257400907190272
1339906547644837888
871045688473333762
1667327447505707016
233337155
752305812417241088
1667029045349842944
1445942236806619139
1580065861347545088
1451941051334283264
2796325911
1665196784543571968
860850536765116416
924449184333344771
1531103433851252736
1511064655862636555
1438610759311839234
1666404226719703041
1666106830542589957
1666432998688841728
269477534
1328721654
813166933151457280
786222857080668160
1003156630001811457
1642359225903902723
1594803050211844114
1589375465923436544
1541858299464777731
1040113283569737728
1487533119238459394
1666128813481238528
1649889390347395072
1657370310079815680
1643704219898359808
1622703884484452353
1655604425711296512
131467950
1665741235397574658
948767669162930176
1625933777833758730
1350528051441000448
1447958092113657858
1518685974175309826
1655017907171086338
523538875
1405197298485792769
1084541148
1665723343096479749
1660872324088750080
1646077442400952321
1399338125613146121
1647453129989042177
1658642554756255745
1224504365861482497
1447298520143253509
1520282843250937857
1586124129325182977
43025839
1361997167523729408
1594112366152671240
1244320311954345989
1634938651212906496
1422832950526332930
1508724161509793794
4071839968
1552070731
75955265
1477197407829958656
1586042575986761728
1440054386403643392
1300264756247322624
366686317
1640871705781600256
1643411667181531143
1072293613
1631837496513363971
1575895990623559682
1379294724989845504
2551122690
1658961711867777024
1500251367377719296
1661737986311213061
22659569
1664638606625976322
1662635498228305920
1657503982971912192
1610423439852011520
1356755856008699904
1509729220829851651
1595895862684749824
1440601960843931650
1637088373742481408
1441524389472653318
973847689
846460985074438145
1661276125299978241
1661119871281668096
1649892243476557827
1587340581738610688
1550862952244428801
1272253043761909760
1589813497667457024
1662649351041081344
1411755794794696715
1619023041182273538
1515628849828179969
1598131915017666560
1599812707854827520
1657422991964160000
1560697040828567558
1427815734462255109
1600167358806499328
1592512987
1574589571865620481
1534784255557083138
1631186163649134592
1396668958749519872
1648176442491179010
146415598
1248543067638038529
1506038653847494662
1472492695318941700
1585450567517671424
1663401644267110400
1648712841581723650
1662839146845556737
1656355825949220864
1055877718401794049
192316264
1663214765085192195
1655902776021463042
1524226014271913984
2178814483
914543643373002754
1612134590017114118
898220572856995841
1524622412700131328
1366592331244314625
1588955848990130177
1488372407387762688
1458355014
1657820380109709314
1568334052276707328
1512743874615197700
1578345842448400384
1631876655705919489
1645809241687724032
1352367066507046912
1356926202901102594
1542993587545280515
39481850
255156642
1563448747535003649
1597083983782842368
1487354456022913024
1559401918321262592
951302891708583936
1214700388936568836
1075489685034725376
1635897354212585472
1653467779326984198
1586036728955027457
1185147243696918530
1594894981784903683
1648395715364659200
1589423147769479168
1544507038113312769
1085849528803213317
1449916999824408579
1571044329602355200
1451557028455923735
1453365254868676609
939895773633839104
846476049747607552
1266660312390008833
1534762775444082689
3221795103
1359923836356018176
1629065795262201856
1583194750714355713
1167289934882852865
1528575538910138368
1522291552386568192
3332361500
1526843685144494080
1576754858295713793
973168452
1645178485604859906
1065135086474063879
1409293803446587396
1624052041516548096
1591264154123378688
1607976653820502016
1645800482345189379
28930706
1377001406473728004
1487609980815609856
1548524381978169344
1591826287424856064
1405198906271617026
940275998981058560
1320869922424180740
1620526776563671044
1649512506451189761
389814560
1545160891741753346
1575505294695989253
1420976215968600064
973192004
1639823404185567233
2263501170
1584352565386530818
760607248766730240
1655220482071773184
1598759913764704257
1586035296017256455
830837916553322496
460128014
210278489
1560259510215663616
972039881605156869
720482077314039808
1655023886071742465
1440758841688289292
903741974456520705
1236049060995518464
23958430
1534271459325054979
1496640878194016257
1468083279664353280
1656062324841775104
1475981518589861893
1649146887222489090
1628059815078404096
917483086832656384
958632998475268096
1498955619201605633
1586383838527324160
1141631690
1527629962013982720
1638293828242219009
1573803693547331590
1622125679587254273
1627769103439040514
591048016
1552289282005651456
964553536100032515
4072681274
1563533100503539715
1396347349996380165
735337195
1383657470
1163178439496667140
1536135656228929540
34036182
1487465259086589952
1553557608174424064
86026112
1590998531229335552
2453974830
1437410378493972481
309291806
1271962170419482629
1629404122859335682
1232056658131550208
1454916283099664384
1188835096570335238
2395828283
1496433408268021762
1656761985827045377
1365303903697448964
1500458374890205185
1603895896327995392
1593761204392050690
1296725412664545280
1567876752164134912
1638943729905016832
1635284312785580034
1251457656394375170
1415833705122250754
1583203930045030408
1518784364410458112
371059477
1622583441182060550
1021959618476564480
920856772499378176
1657952224176218115
1448730629055688706
1616833876365803520
1657922659483525121
79664073
586346748
865912596087554048
1515655306725965825
1176677534726885376
1496931833841340417
1565194660909387776
1619083242434617344
1642734995079852037
1644526463633203205
1551731401418018816
1617198991539683331
791085307466612736
1542070108528726017
1540697504714526721
1593684320803323906
1306202485145640960
1655428740044709889
1593098022916919296
1521233202198859777
1506409024274812937
1605035293672968193
1538914758480605186
1539302810289942529
1655017412549328898
398823404
1654538198217793539
1475592421123796994
1642912060471377920
1642207276122664960
1311712845051166720
1875424728
2990360835
992526004164771840
963228291204202496
813793551070982144
1591918047970967553
1496907884847849474
1656399974656032768
1656313448815292416
1656406489513316354
1492169680609497094
1650675430565838849
1138242978827374592
1164013610303016961
1603415467187650561
1595604698308005888
1341156974864465920
968822400598118400
1630439067169988608
1656041279912853516
1639363082072776730
1571206163466698753
1568009222721511424
163033149
1455423918
1584521440296058886
2920132262
1631708935794065416
1464031143569854466
1152464627411968005
1582247818949169152
293904508
768604050791301120
1565796985675841540
1016694215777095680
1645425391
1395100129208664070
1585480329246248960
3009871927
1015746977475256325
1560658866395807744
3252118139
1116766980596543488
1510142274923081732
1630238311288635392
1620826210975584282
1643829907334594560
900557753218768896
736625714
1653698560041570306
1654977179241832449
1654845433577893890
1455385557241155587
1509931323556831253
1347247405272600589
819034558058229760
1566929090862612480
192084485
1651323690213072900
1559248105178288128
1589804188535398402
1280103897994952705
995821385191636993
205508759
759881703632605184
1589836632483459072
1653426388458786816
1518963886761955329
1653891379393642496
1519037415196962819
1653469678835228673
295506008
820027946958262272
1253796707105636361
1478117195645284353
1355188398550638601
97960941
1648146722663571461
1651878114178510849
1653325939370229761
1586447503
1572687152462594050
43551634
1463179909166157833
3390430893
1277244114975817730
1565492730926612481
1649978700769656832
1561796138033770496
1438279982485319682
1021596229510291456
1007470804416778240
1569451886977384449
1586313089418395648
1456770615734673412
1448291738922127363
1614248986684305410
1593061859770368006
346231655
1337721502079311872
1609692661807747072
1170555680408920065
1524458056897245184
1101647048183472128
23526758
1112943469
1585861713135824896
1325304012992901123
1635380513090289667
1594833347624173574
1498340352926887941
1525256403383992324
1422423013
1065497047267270656
1439686462476275713
1368698218914136065
1567912144309477378
916746622926835714
1624627465325883393
1373964105753759748
1634861219667492864
1589399242971705344
1307810687381463041
1079199846312095746
1640034947368099841
1409895549365592076
1652046121865191442
1531120026073280512
1522684219880878080
1471778859406213122
1586139168735825921
1585234476329832449
1651951776940032002
814607808150835200
28314964
1551117560090869765
1600249731896205337
1622254857179615232
1651842068535480321
373751692
1645393470037819392
1594484931865944064
1465768395547328517
49041378
975602644415901696
2337235110
1608647024827678720
962588406537650176
1472681616
1368693404020977672
1069997967468318721
1435730389876752385
1015499214
1360973839182749697
930301276138618880
23604264
1532066194424930304
920270816285216768
847380685333479426
1617254103737946113
320418097
1230994939187748864
1519823275215376384
1617324820374642688
238274305
1647240691045617664
1058841238680559616
1425182592471601156
1585592580842176515
1470622347820425221
1470825180066897923
364412752
1613270794057949210
770577537265176576
1589402031395024897
1585879855253835776
1596252960346054658
1490727426783125512
1370093145875226631
3418210767
810895268971479040
1603120892715978757
2915251959
1314363825605541889
1127605137713848321
1381243798257332234
1392479138666008577
1469497638416433156
1624422374383710213
1590079108800716800
1109877779703701505
1612673235233165312
1537317292609916928
1639345428817666078
1651074500161667073
1513212178370813953
1631017355542159360
1651085790657540097
25129372
1651286259153633281
1546983348211535872
1328894170577178625
1621881253006909441
1393787484589281286
1483753108534702084
909544175376281600
1644833723261628416
1610843182979506178
1642025301461934080
226311049
956997720270450688
52295762
42757800
616017319
955753335054675969
1172301299565514753
1646604110551044096
1566488795108737024
1124059276685840384
1521601139606622208
4099448735
1515051293433286667
328020042
1203093665729728512
1112372764151869442
407130636
996021289163747328
2289859485
960881819750162432
1522871051583111174
1156132628698812417
1565435241690533890
1596230443149377536
1278426873517793280
2403017900
1647075147277557760
1585812541510647809
1243943147744436225
1344404011416481792
1487302855484530690
565179804
1309110336663027714
1285332285571715076
1595251575232122881
1615831898885955641
1600893553840132096
92328843
1469113380325761027
34365030
1588296495991750657
1560377333340577799
378024890
1585803926313603072
1119054751453171712
1522706316376092675
1595435238649364481
1619622396343746560
134355564
1648966435195043840
1624189405186457600
873497439646490624
1586086062597832706
1428180528956538885
1347710408300265473
4825765771
741377469765156864
1615764372512731137
1598104383933276160
732074324371202048
1650232181879459842
1599755800255533056
1519052731306196998
951132965471440897
1595476831007916052
1650197846010871810
1603901342203904000
1427442063717584901
35663160
1594646880746672128
1643715574697173002
1633154841068335114
1624173926816292864
1184803667893018625
918493736962727936
1649975330906550272
1609985475305000960
1569926366304555008
1605553524
1895545038
1518716182655901700
1540532753283833857
1562348957858426880
1573753013323317251
1194063926251675648
1049458666007613440
1633715270752542721
1053116779071979520
1524676089049612288
1522305996684681216
832959125390839808
1539315113198358532
1630388298018422785
1630232800950652929
1366091753481117698
1459465372982288386
1501453514396024832
2280572664
1553952312938430464
1608516297167364098
1604266711582228481
844662075964243969
1589409680597475328
2917813010
1520195440137830400
1601338921052692480
92375774
1631466036972101632
1649572451402100738
1224826464169795584
1259868294602989574
1505210166211493891
1643340483047948288
1523031775576006656
1525670355502866432
1645131361827577867
1594348238018121730
1639848577533980672
929330286609002501
1611198996722188290
1631898930995924993
2943725793
3253885297
1370936752194555906
3527061916
1426878543355465732
1643004823011303424
1308649735096541186
790250149465423873
1616921963406020608
1536340577821786114
1649030765664161799
1599851712197627913
1584924240729481226
1026198656347717634
1518681668885827590
1557806954537398273
1568549248202948610
1606259340503121923
1569926236238913536
1607876953746415617
1267376842467495936
2859912785
986225611038478336
1616966813954236417
1233113216156413954
1638590018053709852
1418324974025252870
1565705835145216001
1598232233822732288
1384393846402936839
1440446668705394689
828816491097292800
1220411742053900288
1269441000809717760
1130037630429802496
1638800105401622528
1558463274437451777
1522914886619172865
1599505947252203521
1185318713102426113
1366786317921771528
1598746004123254784
1584609665190662157
1601345217562656768
2294517211
1603031927711211526
1237861710960050181
1320670772
1263841016794066944
1601247125228093442
1586309219711524864
1190634523261693952
974252631764844549
776805037838327808
1314853876617678853
1626855435809755136
1434076292
865852248
1638101548122136577
1646630424599310342
1648482732815667200
1262915436531912712
1529293250921648128
1086381611346771968
241310314
1641416843121311744
1440364964900835344
1621361233978089472
1496944925602111493
1355333480851374084
1586145655650664448
1616199066995785728
1453505452231233542
1648469203492691968
1640903374722793472
1499035112461197313
1647348012598067200
1613752487801929728
1353571906042040320
1618788896501895170
1570701304011390977
1367278415351578630
1643558141794172930
1274001927534186496
1231250957440364551
186994062
1556130361503109122
1647765438342877184
1642599412705775620
1559194449258889219
1633451579981398016
1449820853001146374
1551779543232688128
1641721072470065157
1644340354106245125
1304107017771134978
1436013853847003142
845830985719595008
1152252972715216896
1388353948768030723
2577505376
1637549033928392705
344929634
161768869
1365001066408894465
1544242144474320896
1438250127278411783
14111464
1603162241452638208
1600269319388135424
1033348784347066368
19782742
880251266206765056
1587128155218796552
1061764715695624192
1521008866162614274
1625482527082221569
1642961652692688900
1334626708570312704
1468044608651202565
53156159
101612836
1617371667407278080
1378250945071472640
940635134579142656
1639001777944121362
1225885207284342785
2772436602
1645889848253853700
3017795678
3214466631
713410126057775108
1636897329000116227
1459515736754466821
1968976297
364945388
146331662
1591477776175038464
1325625823831928843
948412610654830593
1635423496493846528
908533111918645248
784089439760973824
1647145531347550212
2230467262
1298687790167752710
1212721291611922432
1646963860778401792
1407799001731289096
883536800819683328
1602746806663876612
1600528457200451584
718653391048577024
1458523536935591936
4278812123
1344337731489583105
1274135215464726529
1519608617535741953
1600550903748214792
1577695884032311296
2949970571
1141429511407460352
1638447495737925632
1585687197575184385
1558484898179981314
1644020133655109632
1140854602151211010
1295689693388996608
762727823899521025
1167028576937480192
1646819252413034497
1618439797273411585
1409683254551236609
1586077062208569347
1499814673620758530
1134180822838202368
1538308660358684672
1646310626275229696
1646353998054604800
1486422958499418115
1514667880100638730
1468414770407948290
1597152522594033667
1509496250760056840
1513256068503285767
1586319428781850625
623478324
1604561774476419077
1519618429791219712
1588268284146769921
1483159401838096392
3167313141
999272355502452736
183573975
1224225760409374720
493154696
1589270813194452993
1606798753800781824
1419395053496242178
1632122962164822022
1271235405380112384
1642829363279441920
18156030
337442423
1590211254135709696
1550179065226739712
1555191760716021763
59561919
724870064407777280
1231081308660482048
1470279931003293698
1358123076861505547
1493126637839433733
1303693177363324932
1590020295766720514
1620864936166449152
1265694259119824898
1447570005101588482
1645564260888588288
1381028357656227840
713704824072749056
1365052425271463936
1349500139967180800
1515506047821107202
1604460324140326918
1640792657243918340
1605342053742821377
1593584450142715905
1161056829272539136
1644452327762325508
808886173
1565715042263334913
1495809214014533641
1350546855659237376
1613669868275961856
1519625776387215361
1369616233222574083
1500399830971072512
811302219312152576
1644548095756173313
1446214671283990530
1535108163766259718
944735930862026752
1604334239272427520
1564939800326549504
1570995490812231680
1382172700144148481
1573805998686765056
1247213713247162369
1592005290513383425
1536796346149126144
1606300318739963904
822977790328893441
1108018044285214720
1361228094045114369
704520726452183040
112000184
1505245321059831813
1565595463503544321
1430228614121918471
1605109219438612483
1628847207553048579
726485406393458690
1641084568211009541
1590248396551503873
1645090538842882049
1028342067976720385
1599194163538534402
25761765
969691718013587457
1064268244427698176
1588197955705733120
1599268384226430976
1121048623746174976
1500194400349081618
1608450534024830980
3355547532
748882053769355264
227263572
1182948608615813121
1495424899212623872
36090098
1531791674900467713
1219332018250698764
1529473599043780611
705862901110706177
402915387
1151120124730060801
1587165916021899266
3371433797
1634623982233108480
1586104776139350017
1355156945460752384
1644004362421784576
3133023782
851475951959592960
1470866964675379200
1376329308130656258
487731962
1488784236979101697
1515314625973215233
1518706206692581377
1241560925305556993
460674080
1644540980446777344
1055227575763693568
1591821572033024000
4855680069
1520167210454380544
1427322553186541574
1517501927080316930
899364963562672128
1473022454008270849
1392908434174103552
1312484286642229248
1643374428258967555
1630199437682155521
1642895495294259207
1567226454408052737
1609409862508724224
1223326586470092802
1585136937928638464
1598831868853592064
954047833
1347215193034665987
1613222991638462464
1541249394493767680
1608735687217500160
1582116858332794880
1344034196138979329
1556412273249370112
1641568427470094337
1589327756990504970
1569475094317264897
1342541160624123906
1641821923247112193
1458661892281577472
1588032891132739585
2411657088
468640410
1590104103614664706
2841214084
1484178546780106759
422704869
1216277023003418625
3214119411
1168591784911331329
1589762381441368064
1602056977164779521
1513625658693492737
1494016524172021762
1592530527277518848
1516750683881578499
1486694255313625094
1454257776033624065
1312896613082443781
1482227354
1514465941383356419
1591881500076740608
19154278
1585827015948611584
1520806515313037312
745477178888839168
1641469258898235393
1518634657297883143
4756731921
1521195826269372418
1541040427343572992
1581253175394373632
1593829388268756992
1553412708292329472
1619929933731758082
217609407
746831792221601792
1668883776
1341400210304626688
1639712867439243264
1430584098431639554
1125947439905742849
1641924650371362818
1554077542222417920
1405943648584306690
1323818306344726528
708496286538805248
1516207523510071303
1133677871233470465
825728106405183489
1507850643159261187
1622072794434662402
224452132
1612281889368195074
1351269368848658435
1895918912
1101694518
95751220
1480759477620121600
1638258157917990942
1426884478606184452
104606752
1533782571749888003
1464072850088898560
2390399196
1639012921983344643
1573830828295163905
1589753504347951107
1519946325726478336
1387547069439750145
966102360601825280
1332617143
1363568897388130307
27769019
1615335280264757248
1568708414066380802
1591902063851720706
1395845083891703813
1190456281674305537
1593728921886924800
1437913808761147394
1323558622689898496
547868943
1362860304489713671
1512468768789831683
1607309118502584322
1591314108778848258
1599168753551306753
1582098083382427657
1496757086050529281
1564225380550066184
1635337844196515840
1640183695687696385
1415040427879714817
874221618700185601
1638569223172808705
1641324459024949250
1452402453505314825
1491207629926014983
1624532725284610050
1586752383903744001
1493087276871606276
1637072382018965505
1618722026339844099
2768939527
924182809379508224
1403010024956440576
1628361615832670209
1641144560985178127
743574020428341248
1641133854822891522
760903033853140992
1346030940
1639364902660743168
1425852938191257604
1267548239995289601
1511241329828896768
1437295753832144901
1640703136741441544
4060212805
1636238294806679553
1618372648450359298
48860352
1614032525810188293
876864718551568385
1640434614429786112
1223227151975100420
1629886947022852101
1616929771010629635
1156085058337423361
1620127543536877568
732196989908230144
1585327693305991168
1520850000070295555
1594499758940426246
1097041902539440128
1446835995458953216
1640177858294185984
34972385
1578052916551852032
719293082877825024
1639849649409253377
965264086001954816
286792384
1199196935321604097
1514620050996543488
1487661515071184899
25337077
1431163454581321728
1511780546216661000
1469074531465711620
1478177959840206848
1243225230010613761
1639127747451662336
1588646288949755904
1492538855605645316
1567841277265190912
173494798
1427726485347979266
1636829322047639554
906309618665697280
1569763856787857408
1630965552075137024
1518707167762825216
1621979060929798144
2796238279
1584360701149298690
1467075277717049344
1416162307126833155
1563646338998292481
1198105458982080512
1621241060193099782
1638831566309695490
1638874998830972929
2441230790
1619762442820517888
401782428
1287526847366991875
1512577049562652674
1284631491071414274
1274692457913962497
22349078
99379216
1433603858123481089
1609839683416068103
1625760734058795009
938541828885712896
1611636151273521152
1585828570294722561
1472343150807105536
15055716
1623157841300271105
1220135746981580801
1162903949353111552
952798968198713344
396560666
880076248264970240
1065653452653686785
1637839835065905152
1307900368119046145
2366366922
1557121201
1469991202850287620
1624108968107802624
1638031873455816704
966051508008767489
888342436417867778
1490450072768860163
243676781
1615582664236351488
1586060873822519301
983021430748139520
1061639933977219072
1524834853052633104
889326715453005824
382025859
4895365568
1590771218126348288
1585821575366021126
1496331215242088449
1498611832809873408
1186129047513980929
1611070501018820626
1293883379654459392
1044339740248432640
1585957993635614721
1571178605605945344
1633520888250343426
876084924
139121423
1591538943887118336
1369715967543152640
1507420938048274434
1499610724867485696
1328406260
391884929
1519964341768007680
141700004
1631906752039100417
1458801821141639168
1014373421956911104
1518509140011847680
949833560705318912
217327407
1601934052474474496
1405408928003809280
2540239490
858913327
1559213391364984832
1008033480
1593427352633151490
1606930293314797569
1622573632152039424
131698239
1618894727830536194
1495669633910726662
896469374504243200
378841470
436704467
1636863191601774593
753045173551112192
1261363320831053829
1556624681653768192
1451198822177132558
73338201
1559138922013261825
1508672004781932549
1465224642927464449
1252086030972456962
1340370235250122752
1615858256898924544
1597573985880997888
1189921110638432262
1246950866466242562
1238476534404591617
1403837088072564740
1594349696541249536
1099595902132633600
1433008640571711488
1187858442075230209
1471726396313673730
1473871975030276098
1499002508747829252
1594626009764069378
1452612110131896320
1218706213874978816
1588592303056338944
1600132445092909058
1595194545716830208
1600989474300755970
1633795353689591808
1617171406046871552
1142192085396836356
1104347010230964224
1915213218
1521164651874107393
1551204260318257152
3027266302
1608843523566243840
1589479978952974337
788096451658313728
1321602140243197953
435095697
884943975051923461
1534581074281517058
1631046936542302211
1424670794291023873
1608452753214283776
1520092257759625217
274728629
1589304082166079490
1481327082261164033
1562787974160400385
1415315225583177732
1516795823929012236
702121286865186817
1274321138676572160
1483033685821890560
165913805
1089279307480875008
1511074347556954116
2493204512
1515521239225360385
1477407800531853313
634719065
380283887
1002237570699350017
1165425104852901888
1393134517204910081
2996797754
1511746924319105033
1352259409733427200
1415400950450122754
1230854018949357569
99601973
1636432597499740160
206930084
1622383692294377472
1618817153163202560
1448726127791509510
1565875811248664577
1596217976499355652
824748261260947456
1449105987718287363
424227413
3291545402
1527842867888070656
1626487135720075265
1488949504699154433
861160732368482305
800608283513847808
1633172038553686016
2279145393
517013865
1690840752
1178029595590709248
2851355893
22426559
1417673531882680324
1573860117656883200
1585370841814077442
1296729278
1610283804643545089
1502730636280348676
1570461261078331393
1497421310170914819
852979208318062593
1387195029828087811
1429086532435075075
1635695791862951957
2484331658
1619726075181006848
1419095181207375877
1519435498162372610
1447698501379543047
1084433104708780033
1629089267740704770
1381156213413453824
1575946731119939584
754961044498448384
1407350005078368262
1518903011845808129
1393782579552215042
1543231328879054849
57283016
1380275478100123658
279872903
1607580742606798849
1249942731004080129
1396722966881255427
1116364816107606018
1464683465862004744
1336185842209964034
785735158116683776
1588917838118543361
1602463560650706944
1267359173072699392
2156257586
1581527021464834048
1258407205767954432
314739157
1459687904838447104
102915936
725375723532345346
863607136730976256
1589490288787169281
1598969662376665090
1111197457554251781
1252486916194406401
1631246840
1586030355575971844
1586758829383077892
1503083649130020868
1617810613543243776
1588628172748517376
611303048
771495036722614273
1592728173069979648
1519242034355314688
260484019
1519137471929458689
1366942474040733698
1623108650226130944
1583643555884564480
773846775270694912
213302387
736214254194417664
1633691787574353924
1584955172983283713
1587802255218049025
1042841352776704001
873580168467578882
2958022019
1354440420181368842
1455333336394706960
1602834245617082368
1655396540
727593816455262208
756484394211274752
391433008
1583968662935019521
1598833966856929280
1604728560731701253
933434618300289024
872510130704855042
1589362717055410176
236126025
1565524610325561350
1586515530776576000
1394841313036603396
4819772507
935261583072219137
1545123735207919616
1552376449147064322
1414136760
1527442300674138128
454280263
1522920729930465280
865952116896124929
1537672263301931008
1590025846269640704
2573302784
1538190349604204544
1583858001265541122
1306461895126380546
1573669405875224576
981023893321322496
2298878527
427897709
592890996
1566800196998086657
1016063888993988613
1045530707399979008
1570999753260912646
1158728563786432513
1577197451848695808
783679045
1568218487264256002
1225020437681209346
1104140919261999104
1636457569030905881
1477016199338758144
1595922721904463873
1551254881318625280
1008369040790700033
1606666458540515332
1524119685561729026
1530337082870140928
1311855275389972480
1310676473569632256
1631372767370047489
1597762911438413824
1603367751799767040
1214617837786013703
1091240650102763520
1635535011964424193
1263079313177444353
1496882072354529283
734126987506241536
884752562762764288
1116787345360076801
2827205471
1628082489599074304
1160534850207719425
318528143
1422512841739866113
697753157452038144
944746999894573056
237044717
1420980147050717184
1597780375102803968
1205331000571682816
1511330642264576006
1406504378228482050
2333119418
1563380895339335681
1107289063
1596611515796361217
1631897143719133185
1458801500420030477
1054528135620743168
1456440838305636355
1632209286582419456
1014796841341333504
1522717640820674560
132658386
1360161449180467201
1137957898741403648
1579623878128652288
968270491193675776
1433123968731521026
1589396421341495296
1509310373190684676
1204504990624231426
1160188365049933824
1631441938158088192
1480871201455157248
974236724653150208
1505597777530834949
2331162552
788463697329025025
2854923796
1251508191344627712
1592874597833211907
1616788797311823872
1583100823348936704
885941895687548929
473472026
1488823856009658368
1086708506038816770
14180408
1587891773216538625
1571528396701581314
1591842820863807489
1626515599743647744
794957681945640960
2743641011
1279684653247594496
1575226969741938688
1585379815602982918
1499730069006213121
595563192
1426595081167978504
1617350013809754112
1349131046571237376
1452931731326226437
774255825443430400
1514599690473394180
1474755998158049285
1490304004907483136
1255399141905235970
1619658313297268736
1591870285992656900
1605387621504618496
759420106845876224
1499095989868802049
910653089371377667
1362101629743464452
1104165722996043776
1184293745799389184
1632231310293868545
1184511232398839808
1520902277539581952
326907582
408066215
1222645014943039488
1522727659503079426
1632962064669896705
2488086779
2575990183
1505744063739449344
1552015446961971201
1580826640191344640
14144881
1514688467460104199
1210039087681290240
1367808922149609472
41992392
1511566691804848133
733384670658891778
1543489355930488832
259709171
910883562311835648
702337097349386240
936011103527677953
1634446406294597632
1424762289631203332
553246138
1560422286573948928
1276193827691335680
279421863
1542618013966295040
1351525075812556800
824655817542623232
4352470153
4685963172
148446891
1538322772518109185
1226013445981499392
1602895072554409986
2327161771
3368579713
1520942716615491584
1554145342895144962
1601792571658887168
3928006645
1583198401260388353
1517831799057043456
1593270915093209089
1398223128
1596685092394369024
1518735690024030209
1614034599327240194
1612201260018442242
842598851341041664
1571639237727948801
1588188296500236289
881320766989533185
1589766960333705219
1586558697832071169
1593731049024110593
1282936878661013505
1447153456964198403
1628896791444828160
1020079327168278529
568670274
827429167352336385
967147536342552576
1076627956418707456
1266146930276667402
1590108189504294915
1519817312995532801
822879276005527552
3419114890
1355197734203125770
1585798548586524672
348059156
1336657428016852994
2944764965
1585825803509678080
923132706996793344
973865971633995776
1608157196050747392
1235384625075236865
1581157936612536323
1053431568088342528
240779308
1600090029266636800
1417152283331104771
3327843341
1595545945499901970
1448368776383275013
1508627086730268676
1602771646871478274
1230958562
1587194959668678657
1610428940002246656
1486405806753034252
1308355861966921729
1290629922835189766
1631637210280886273
1540712364814876677
1366328142
1596881715166937090
1627337435620204545
2898753824
1539510019556884486
734937498997035008
1267125608
1428086860245520384
1090014661695758336
1367618153098973192
829138597
3006694185
28097018
1551567179107033088
1619612662521905153
1636057357913403393
1585703408018853897
979536688098758657
1585398973153656832
1595272344389537792
1618417645337956352
1322646907483803648
1429616745837383681
1631865322578800640
1569632915319037953
14588275
1299349201017544705
1229852048436449280
1443439238742044676
1324223208778813440
1597115520855248897
371856207
1633860234732077056
1621324884532989952
1256009372087603200
1502255280867971076
1458889886
1635094366611021826
1590673957635690497
1586026404973580289
1625359910149197831
1622989611348684802
1269690704902729729
1494339080263376908
1573697177104388099
1519356970607812608
1448147371343351811
1600117045890195457
1576067748391751680
1520430827053756419
1357038452794089472
1633423171096387585
49045011
908154399079329792
1574416184014938113
1590153266750529543
1630578459406737410
1595893971301109762
1493243346701201408
1407052570246385668
1473097763852324868
1515098355847868433
1533885531704139780
1611610773393924097
1594066568493010944
105631514
361103236
1369751224153759746
1491109101207801856
1628174092905119744
1374559646938132481
1387749805309546502
869273210520555520
1482162965881233408
1544704288810844161
1216576115088809984
19630582
1597067993531314176
1504822439204765698
1097970386174705667
738826272059592706
1593129481945993218
1400166730249474052
1297899429673013255
1567059523558412288
1166002522487689221
761767553412829184
1268084943990788096
1632806692596461570
1560439138637139968
893924371122724864
1599807134463676420
480645689
1518997781318356993
1581033789505011713
1596125708253798401
1271812289000361991
375521518
1485720917510602758
1631629381918441473
1627926827128725504
267795007
1366773443023282179
1572769490374463488
1611013406248648705
1551331112940539905
1570383932062842883
1500112377613885446
1577491114440941569
1625935641283293184
1632764900379357184
1618366112344809490
1589980938955546629
1357334012478459904
1628764482116763649
1411850428329963520
1593171104134303744
1483038381693091841
74609380
1592174488967385088
815655323398717440
1080341452071284737
826437294748028928
548774708
1034420974475726848
3231478913
1602397361568944136
1593166302012588032
1179979666200899585
1519066923052539904
1225398678522880001
1632048045927071744
1009944618195185669
1519218000628441088
1585971518370205696
1453256909050556416
1598605660232482817
1587278377
1271914000746344448
1516045136454594563
1577239456054116352
968001656037236737
867151369211457537
4834701663
1598169026907328512
1268308508111523840
1495610494538768385
1619958076219576321
1417522917999480835
1263797854675623937
1621360043219357696
1610975198
1335889539903139840
1599110679952236544
1628222521156812801
1602050416908595200
1470498779543572502
3256762032
1504940109715722240
1632453853755981827
1632467588637679616
1518934397377986561
2156013261
3115864453
346990658
854114597749620737
1600716688378544129
1625241703555690508
1594887437624512513
1584746507579920384
718410805956505600
1628746039548149760
1630179796511760385
710197868628463616
1600821187063549952
1614025059441451013
1595358844208963585
1498848857202970625
1460026402506477575
229907628
1174052671
1595644049083482114
1602657510405521408
1144089145083682816
1322226573081108482
972835775862792193
1242955764312006656
1467669102189858816
1532494693137002496
1409548727757516808
1482060473080111113
544623183
1294487906204221440
871902527092121600
1519323464703819782
1505659174553849864
1462881171071811592
1365876592598151171
1538188939068067841
919029301399269377
1513676402670903298
1630085025541636097
1541309078361751552
1593374948613054469
832309901875613698
1395019828339957764
1628832367518392321
2835077793
1626423642459447299
1595983849087012864
399293636
1589004636106661894
1533528575839768582
736016951332372481
1450192177657745413
1466842383832780806
18915471
1628850538652524548
1627431383273734144
1191810447588175878
1596128302875480070
186471595
1484331161816281089
1616975606104879106
1630566219936874496
218014865
1007462291149852672
862140421950115840
1577311861573386241
1628753325582868480
957895561339863041
1587521550613450753
1608549676206153729
1597753440855269377
3307282308
1448908325303644162
1625363885728440321
4372229920
1625064809782730754
1619560140109221890
1626940488237342723
1359956201065361414
1595915987508944897
1587583211995004929
1366801731972194306
1585990527723327488
1629464061027966977
1459949218370662406
861520656
1629987843492675584
1519078741917458433
1163534988358238214
1465739172426231822
1600949164543721478
1621448529817239553
1605852902278430722
3120903722
1427411592811925506
1238900689952268288
1127688490479706112
1627252722129940482
1475893072177283086
1211000828
891830581599891458
1629087463422525447
1589805791078391809
1627429517999370240
1348220178073604096
1081949544395370498
1591896470361440258
1151485027235983360
3977210839
1429187492218118144
3949238474
1529227687662784512
1627720548452007958
1470846268310183937
919638384024440834
1278450581422686210
1574989774565384193
1527054203717308416
1591377660168503297
1586862744598364161
1519766460079525889
1559575147731877888
1525715982949433344
1520187390450565121
1506116753893568512
2761598177
3311629467
1607625497386844162
277480532
1587020535241768963
1597840360507588608
1591150486261878784
2946812701
1559152061102444545
1588049635624378368
1583258878174810112
952164002557243392
1481432656445423616
1499119396886876171
792225664325812224
1614466294249656320
1619837542374981633
1441207656761364483
1255947484100210689
1598937396439093248
1589818838153138181
1600355375232028672
1610382681409458176
1585290071921631239
19205671
1301189077518221313
1598049322570063873
4685685488
1540688594431627266
908243003189338114
1520354133982814209
1349108560333037572
1446598857241026565
1379527398027329541
3288787773
1616479890336776194
1621864928809197572
1266898684278648832
1422356345894969351
1259726904
141070680
4220606834
1618443450940006400
874041811391721474
1476124874942955523
2183073840
1519048582392954881
1518686634740383744
1097368982
1469891844322385924
1208444484733804544
794939532
1621621675916775425
258853840
1423643293494169603
399128064
611793993
742798310310830080
1557667141343911936
1596697389980680192
1561018018733477888
1488403501327785987
1593032455174471680
1147393985549348865
1043065051752660993
1589875011115851777
1482000580914597889
1336692345182498816
566335427
1598562607040172038
1088081438078062592
1274784512304713730
1453850595463471104
258351951
1617561863444889603
16587261
1616217514123431937
1507799690531811329
1604632995981320192
1536360856442707973
2887315299
1586337546421915649
1625676984612450306
1601533875947192320
1624862749317554176
1586204247250567169
104089716
1150814683202576387
197615264
1617691042899181569
801679291335528448
1267857286204096513
1600478395854266368
1519499939402948609
1597730449144553476
1599985262016487424
1562026937941274624
1570179977571704833
1015462244631621632
1600466155860332545
1619774927132835842
1578930536248221696
1608449243739746304
1585909410190135296
1603193808862298112
1489140355442245637
1589364415786360834
1438242583352774657
1598510696978960384
1526564332083064835
1230939928625733633
1370957591006883840
1520033117125238784
1523512846599958528
1587104119319207940
1610846830543216641
1160334575295520768
248938388
1571347805486338048
1500702831002664962
1386685510957993984
3396412632
1588759756633669633
1035943584195854336
4330569813
1507522682904092676
1496572115297968133
1461484004398583812
3007001542
1464569794699612160
1597227181821788160
1509828137474875392
2858368555
1245810668701396993
1595006225216946176
1608011824032538626
1087169397586907138
904926806003785728
1599026057784483842
1486534155206811654
275766357
1595369968392019969
24431333
1611616406646169601
1618641306309246976
1620904197624369152
1346924697888452611
1586747626782867457
1095787080901373970
1292232079699320832
1498444839561617411
1623837234586697730
1589412421185294337
1595182217407467522
1554214266936385536
3102713341
1527760875939147776
1186392399049908230
2260351940
1497800630550740996
1369062479649726469
1095081738076860416
1467601810462584836
1598661852015300608
2712255716
1534402770652078081
1600133640125648900
833769526072324098
1242777671588872194
1100437534365155328
1608104050540650498
1620804739985440770
1621191001477091329
1400898602562514946
1567985911027097600
4127263085
1518729294972739584
1593721143910965248
1609574756885434368
1464006638948401153
1496539519918739459
1521914578887708673
1345056954037792768
1454572553226305573
1602556016830435329
1466103099781750788
1242715635538432005
1613318936925245443
1603292954147315713
1545677751557971968
753054172275208192
860998512254701568
704044763574571009
1545130143399698433
1612187112421433344
1519133256184180738
1100250683918508033
1020745192998043648
1506674336857473032
1603483149194989569
1427481242925142017
1093677824735625216
1071612052303736832
1593622074291093507
1491446654519504897
1274489921261035520
1536059784528801792
1593623025898881026
369285728
1598813260387684354
816528129862692868
1382944093932814337
1357891745002962944
1408600853930385414
1585679694715920390
1584828301385900032
1570507882247888896
1015295486612291585
1094358237992767488
1591760265158094849
1205174626407649282
1347091733432078338
468908199
1506286842999676929
1590524122274078720
1499601422945452034
23222257
1455878439467196417
1599960970624901126
137440537
1546510237179338752
1586757766823174145
928284656457334785
1571780164958228480
2211720276
1548702211785515008
2522126634
958768063662485506
1415153802
1481582232863227909
1555274897458450432
1587810212836163584
