1437677666916839426
776718745
1678822567748988943
1049066278584037376
1625141523087077378
1660331583134416898
1671452427218763779
1498590086044139520
1693665097728638988
1660105790164811776
1487171353
1585797587914964992
1637697848321114112
1598853987750526976
3279550879
1649157708770074625
1229488896725192706
1678726143011069953
1683324074595082241
1604719708082782209
1698880016409296897
1461433142003257347
1259950101155512325
870374232357777409
2499668710
1590161793862737921
1663681242934439942
1653027286721888257
1594076840875925506
1632764900379357184
1510670454670991369
1574310172880773120
262994158
1687786624137019392
24311524
620230704
1612493934638338080
1353140272620822528
1511356733247168515
99820512
1680623437717569536
25073877
442366289
18856867
4017807201
1423663705053712388
1538744965932765184
1680652455703457792
1616606006393425920
1673784417234440192
1687179307154821123
1684678556792561666
1302063332522962945
490900506
51828039
396333990
1689825113665855488
1640848490384244737
60753932
1594349696541249536
1645870759640793096
1684972729139699715
1593792322646396928
1674830771008290843
1340046910992748546
1518698561143296002
1656099722468159488
1681718204446515202
1676613507331268608
1197201662760378373
1451223968917213189
1186514928913522688
1545986289559687168
1674639526411612162
1599934807907205121
1670079401390637059
1128523296
1657964874184507392
1594444447701516289
850814972980494336
1663538613143969793
535751550
1525485283336237059
1562478980078268419
850240036142317569
1261270683285204994
1469525222999171075
79072418
1640114984184061952
1656059364468457472
1462084603326308355
344531617
1096946569922965504
1542174961384804352
1023277687018729472
592316562
1350612200172433410
1638600823071465477
1592235585334259712
1519142705389092864
914296939692294145
1588998259195928578
1600953836885123084
1656592898714918912
1656061489113882624
1523680245081153536
1651878114178510849
57558507
2948334687
239951908
1585998261151842304
946018165397565441
2720365656
1586006677178007552
1519356923228864512
1586053242919784449
1552447987477094401
1604643826706296832
1627953464557948928
1528803445444161536
1611087747447414794
1588492692497080320
1356405296021856258
1175553967847292934
1627031265005408256
166198280
1601354253238296576
1631059753848696832
982595017888927744
862400652508528640
1650944266925928448
1379868865115619328
1161307751974408194
1388158212474499076
1591675291948269568
1646502663020855298
1645103206735781889
1052018694
1636471189991489542
1595922721904463873
805223648499859457
107890414
1455242116356005897
1586165732508844033
1635433163039076352
72940578
1478212657660452865
1638010269170278401
1347030074424512513
3748475899
188034029
1357257890218741760
1633539073095655436
1079818036000030723
1187971811721433088
1359328981334523906
965451112395415552
986727328817430528
1458936389685370887
1270370191503798272
1425723818853679104
2853461537
1517417467529805826
1534275646544822281
542950434
1595832067261988864
1107067010654048257
1626976091255758853
794283565517336576
1585468309419483137
1621156844587847681
1197264373284245505
1492043573751160833
1271025590
1253630270026080256
16538546
2158616996
3373146857
1487069808818544646
1410931613819617288
1545053946351194117
406609520
1552172698104643584
1524407286910930944
1428180528956538885
892162063
1511951131106291713
1377157710026735618
1609205090459553792
1471297709059584007
1350083185774891010
1432316894191755265
1544408838308171776
1594418436565770240
29701712
133663801
16717501
1976143068
1587909813941391360
1502239861461368837
1545668662878781440
1578008461186588673
1507799690531811329
121802593
1446652704152080388
1357952533
537740584
1610744334579650561
831297748523765760
1311748941306830848
201737749
1490511071362363393
1566800196998086657
1562537989531570177
817114571194400768
1602296389207293953
803029747181686784
818905354205622276
1598076692760756224
1597955079704743936
1586753570061312000
883198422966312961
1532216303779471360
1338945708129398784
1469102295610703874
1333417556267266048
1586453407489003523
932402055117004800
531454803
1604689461064916992
1600129935452274690
33665720
1495531055356555264
321154943
96969910
1610641570805518336
1519085563722276866
2409934099
1608510489365041155
1595220774046015488
23770649
880583946169335808
1597778144202727424
319139933
1534654351133724673
1247097169
895699671313555458
1594735510450216960
1532542937405472795
1532577570625138688
902450589522591744
1598879863112245248
1601803817137446912
1601636127168946176
1112003189895806976
1548656278783901696
105369170
1521903403189686272
1411878854449197058
1296278085570985984
1075211100398903296
1195041016820228097
1415317224529793028
1218687933391298560
1447327077494104064
1586869512539881474
1170737874163183617
1099082900056739840
1556958636362063872
294715876
1327251708729323527
1301373295158349824
1540460409190174720
1371328580635009025
1387719861380554752
1529557088577396737
1474091860025122817
1586507627894345728
1592174249602580480
1514597301913731076
941350658162163713
1485004400762527755
430149045
1525919906855890945
1080897437496164352
1556826307471806465
810518740605562881
1227810477083746304
1516937078868783105
1225567272191889408
1514700325474689032
1045751090048905216
862748753714872320
1467563230084087810
1166333954028445696
1484277363810701315
1476685551671693313
753346724303888384
200576451
1434251490609152000
373938136
1520824462484160513
1455381784351420417
46294243
1443043135450501120
1027999798425726983
1428895884536807424
183739654
855947347947335680
1467698301189476358
1363170876
1069340703405350912
2992951490
1540125095942930432
1445338172628643844
1069505546
1545203833860767744
1498157092666068992
86573486
1270516351682195456
1487818102045921284
820723171112448001
1522021982598230016
1441172528274173958
1145789598
1534257326580019201
1460283460032122894
3392266713
1531629576501219328
3764034256
1395944023337193472
958519356786335744
1506384525185671169
779667407056941056
1535738807882248192
1513607095081443332
1221202614521606145
1234663272697122816
846204140384587776
3191789078
1461859695711465474
1519551651119517697
1164742557001232384
1280118657142722562
1004567360597000192
932993859025547264
1400459342789300228
830852710001938433
1457901525859250179
92356429
1016059981907386368
1161703589942878208
1451773004
91145174
243013409
3167257102
13298072
859816394556284929
1263491240336769026
34743251
994350278970347524
128372940
1519096470661521408
1516803549346287620
1433059311207559168
378779120
421453657
416732886
384606212
833851600011657219
2343137207
1304963138157240320
1401885744621363200
1341196030864453632
477133051
1194116373661782016
1245706416809263104
1347746863781449729
1141267297560158210
4782549661
1299349201017544705
1450248348041154565
1460946781278199809
1399274161944530946
1234150672473501697
1333019749324910597
1335222290250862592
1499254031851540480
1352027855711068163
1505042106435444739
1671928831
1145866561271554048
704943112217608193
76543481
1330274087218851852
117338050
991741610718257152
93059852
1366130381045530626
931681289614385158
210869563
28871804
1530570190651543552
1459859899723173897
862504901456396290
1164185015753818112
1528529558571474946
1133451804249919489
1328473059112722437
1052693572531699712
1398481667350798338
333325020
1335237183234519040
1337151218880311298
1189164249517572101
1432573058422743044
1318848777151795200
1444922216244723714
215953264
61936601
1012826823212888064
1085738075127455744
1518631040637718532
425198239
1155472988290080770
1122904904975179777
268629423
4627081402
1462953141696020484
1364159160267530241
1385062902311309312
1347313273750827011
1525328147117400067
1521683356383158277
1484939196410339330
15506669
1345629657387782147
1502889917847945218
1420357125704982530
3895214232
1392426037053517824
2657347285
1473896814562594819
1374405687359377411
1343023711679631360
1482224907702632449
1210585019745538049
1006769795302346753
374594501
1852899224
1321203011142610945
939647234991325184
1253724166978764805
21614780
1177598072991506432
1248329741549146121
912729106344579074
1268032640042414080
1343438130276286466
1152659266861436928
992841263606099969
792393470782636032
2383510675
3855272473
436463305
2204609910
1357717304931479552
1032468021485293568
854746255431315456
547833555
866005696428384256
887434912529338375
21480702
1434720042193760256
715979593090359296
1343935155354947584
1176624876054036481
1025410166483832833
1239302704230531072
1478935374365958146
1234665266388373504
1520136498967990274
1649080346
208725869
1518752310410846208
1504956528914309122
17809475
1515314625973215233
805527498788315137
1519108744734515200
1519033108741378049
1476767105890635776
1288657837892218882
845686083954376706
846859247933632517
44784881
761225522848403458
1326229737551912960
1344526482924834817
1335386736243830784
1408526870694350850
1072159128187998208
1497739433000460295
1542228578
1235610347500974081
1244083799274766342
1324560342157037568
1019736692381618177
1476252534243221513
1234150264434823169
1931893196
1353266784321855493
1456790761639403523
64643056
863538430575353858
1216217031298564097
1427330507054796800
1243493746865573889
3609762852
1316456159071567873
1474790744351256577
1327406109825540096
1390762874809761793
1493763181688201217
1461754984769507337
407866639
548258435
900662551
890657236237864960
1360124661598666756
127314425
95092020
1211851854071484416
1480702500177158147
1476234330569682947
1127397455283261440
92844900
1316521894028378117
1101155156295598083
1298299807497297922
1034816090243780608
1168587126381744128
1317301474595045376
947984296224096257
2181493660
3958327401
1089308757035794432
1325295080505290754
838457598303223808
1366831746357026820
1145702015374438401
872148729184362497
855318254
1368517291256602629
1276715545551831041
1226167963
1016908862136332288
965020998448959489
873427520074461186
1161261376846946305
1316189605297901571
775696688489099264
1009588379640528897
1183418538285027329
1029465832781492226
1428293763143815169
924787253360066560
3267456386
1419301969416568836
2850963928
2740108585
1409321322904227847
1251900966770794498
1206108030
4838317882
87212906
493833484
789179329854869507
316956459
440914834
471163803
1030167852
4884663951
497172391
1353022102736134149
816609107943845888
20722476
1427406288984571904
240760644
256875157
1206043681104564224
1359923836356018176
1397654594927333379
3288910812
1280241715987660801
1330704622844055555
1276137523258032132
1370385604853297161
937631077325262848
731219645106114560
1360615250
44196397
17631356
726785546
33608041
2573455831
3025533913
15392486
1176026136117166080
999274189688274947
873051724604334080
1273442128883040257
1920691543
112754792
1499400284
1015385599
1952304890
3047722897
1327956039136899072
46705002
221491612
235258843
43906698
1126222498255781888
1014933668450750464
217749896
78085410
520449734
2329034473
978184280
1151659552057823232
381289719
1174517985396043777
17918281
2835451658
1291559104536813568
1237716740215320576
2904870923
818306045508362241
717229113132642304
1289651719224385536
27012070
113137765
274567177
110835004
615470789
1276140426
21613794
856162158845059073
14862190
25083002
78508056
1900293397
2363203740
2231109295
74760182
1116345515761909760
866414441025478656
337320462
986781648
1048012125141196806
24870433
21822997
3948399203
937428431779913730
858986994965389314
992057719900327936
467620549
14458643
817880247777435648
499230066
767960339547774976
730693248147030016
52352820
2349347329
53979469
402181258
3219461544
1259270361830621185
803420516438724608
1091525238679130112
980877480700579840
843233549520125954
209693451
27522964
22703645
313038011
724781458498396164
1048856598666518528
2853363537
53794072
