980516212059856901
80233893
2432310906
1054669807537156096
1521870690630221824
1498032293671325699
1171839899890311173
1267257106652172289
1288319695658135552
173591677
1446231057259433988
1591760265158094849
1332743085718200322
3093242123
110835004
1180523369785106433
634115429
1274411619267874818
1413002894002036738
1384933637985079299
885544294081331201
1483893386817986574
123755606
105631514
317567434
1529227687662784512
1137901050130784257
1531866757484486656
1094978708371374085
899391099113963521
1308409015446179840
1466593172369428481
1519133256184180738
722163102305935360
1451478217592918050
3224780893
1021596229510291456
1472971638627049475
93081569
1365393266523267073
49698174
34367582
1519832102241325057
1520136498967990274
1542228578
1276956778782248961
1433997706981253124
99379216
43035478
1518779638717181952
1326229737551912960
419520517
375852740
44196397
5943622
967164447063191554
1322226573081108482
1463626455858962442
22673835
29658469
350822109
35039490
96502351
1312345046
1095735806197710851
936750410676817920
1419211306876514306
1151261114384171008
327823484
1130932262839697408
243791846
874853297827565568
1465148333555687424
1463708041572802563
1022693675250249729
1455994826265092108
4877657746
240760644
467620549
1561479637
789441511
1447721619967799303
705902960967094272
1440364964900835344
1429975483802820614
1436393351830548487
1429090576524222465
1500129642
4105765714
776384191739072512
976853859703427078
27522964
1115789130045239297
15074862
75561107
895854952651792384
264361128
1408600853930385414
1135987028611350528
777338169209462786
896074081019277313
1293752731409227782
2945287090
804083582
780102959644291072
1107569015030013952
1311806042335055872
1323866733564686336
1125245053608374275
899323715225178112
983010260
233338979
2263430953
1279684653247594496
1351525075812556800
1402285551546376198
1378687400738762753
974232954548371463
1309371737851809792
17918281
875654351917793280
872148729184362497
1392908434174103552
29024224
3066800573
1357221268341223425
277314811
1268106159719804930
255156642
1211050124203323392
1104347010230964224
2262100542
113137765
592730371
1280241715987660801
1252702340093636608
263817009
1307058208213737477
1272253043761909760
1242047226228211712
1102987848741998592
1211401039007453184
1270053366773592064
1202042621037813762
261749735
1317239145715142658
4498776677
1165431090548477952
18856867
242751911
16989178
109460443
2835451658
20545835
1162903949353111552
325979892
225932851
14455623
818821543010648064
1245987973264363520
523085134
2784308211
1273748146242412546
2888208616
2270083340
1088463519194836993
1145702015374438401
751059576259239936
707284988069351424
1307810687381463041
1050343857685172224
1040666772901425153
1271823336402755584
50417308
912372317682114560
1161906789195165697
1164176887712796672
1292041566249537537
1110872351216947202
93755227
2607421675
1007093133341933568
1254857421891284995
42287619
1261270683285204994
240779308
370506800
1262915436531912712
1271510341080547329
1184479080026128389
1233113216156413954
1246957748350119936
1201935772158439425
263471180
1096283169899380738
468640410
1162899685670965248
1190952186211115009
4311840815
901970609663483904
1112417717670346753
797982673
3095130883
326584594
1104165722996043776
1071209718331437061
2407544636
1235321942640603138
1093297314830135296
1227292100531761152
1165990115434467328
808886173
710370158510870528
21222677
868271815218606080
966902626624323588
1147660357877534720
719293082877825024
340138664
220779036
799362330672984064
1146509923683131398
825445747
402290737
1107732377256648704
1133190939449520128
1963527768
41108476
3410843525
2767608269
1185977202569076736
897079877836341249
873470215006433281
852091473344573440
942660351702601728
1109532876310302721
826525977228541953
910883562311835648
887503053632548865
3316269755
308701309
19204438
877169420518514690
361628602
1160334575295520768
18706305
955910135834185729
3063981052
4330569813
874658640774414336
2382733897
956997651177852928
922946072669954048
260347851
768082692009299968
1563592711
50738644
1035069856918298624
82841909
767156881391493121
2191803465
795832924537032704
967515905298112512
817707182179418113
2351783978
30649139
4700137995
138203134
865516973567778819
1006901199633674240
556969755
58007320
1078460701176463361
2890635478
2809256199
3302461004
431785296
2854886221
312696314
1009832042568138753
3214466631
866069141576441857
838270068274380802
935654063076757504
1097319199502938112
2999909453
1018144154445144064
20722476
394725061
160594322
825728106405183489
1037438720847355914
3267456386
978707251430088706
1107254939192094720
741201901501489152
15976697
1089568487335292930
2592288341
3217278321
29362681
845237686608769024
874101252
705936824280043520
74244533
950035076
1005007371159068673
908472159571517440
2808957630
833510865949200384
2602239103
21335123
948303184019193863
1043857143949086720
738824954
2321127874
220478007
3418210767
277844631
3219461544
988463808644513793
775833306692595712
849075021381337089
33665720
742709933351796736
1053786795035541505
738911954413162496
718600146619990017
953966019223179265
867858949567131649
861389753563959296
116634902
2231109295
53979469
274567177
2349347329
908324706046042114
807812802761158656
9287122
837555557804339202
52352820
822299610018365440
370291114
856162158845059073
196168350
7702542
1273010575
402181258
22703645
18643437
