122069603
1596154418013126658
498961017
3060919709
1701347726980763648
940389631
1518745681103450113
282435275
1252498158086533120
1455347155514925061
1686825925399195650
2421481286
1453142677923508228
2497707997
378323538
1599108395071586307
1507266386913292292
1599605645853982721
1343140363469344768
1138842105856573445
281268896
1671854739493986305
1640871705781600256
1624163622845919233
1659283181726466048
1519465896313565184
1588265932891295744
29221481
1594155087131078657
1848177672
1492426256150929408
1107831770001477632
1639163671149461504
878333312288161792
823870827791785984
1371189558453399555
315674815
1170765950364213249
1546796033065201664
1588647028602576897
1586486446071812097
1551819422939086848
1518743888520957960
1666076981845192704
78381071
1080255722305159170
931876710957682688
983532965383888896
2686391384
4830638699
252171211
1645362072493113344
1170852722767273990
1426310771680632833
2198325709
987719306
1636896754757951490
42552571
1620624901588803587
1407591506442022914
1585410671952338945
139782031
1536185303983132673
45858152
908392705
1458195364423610373
990682553181913089
1041462219458768896
1351939574243713024
892369400
4750932546
791620697726615554
1520282874682957824
1537622239763390466
308515928
194439261
1537585454530322433
914885765275975681
889953622624272385
1520960506269519872
1656415868337926145
195030769
1152740090
4922457434
702608032845451264
2238469795
1270409785662484481
1013438215552884737
1643192092225679362
1459520600825815040
1653050284942274560
1010274287591161856
154605312
1126181020628389888
1422687214559846404
42692256
1647994602706677760
1407868061084946435
21757523
411020532
1409562558865027077
379976877
734029863380766721
1206235194287636481
55357164
90298531
1621866451593224199
1597797867145535488
1218892081
1586126084604567555
1519739965185351680
708789388969259008
463040339
1141855591104753672
50117326
41635723
1421710570529726465
226219425
1573343397707907074
19400611
4728625575
1513467531046051840
295270501
29814453
12277922
1407131565201584130
170487078
2353162804
1599640376675127296
1170835486371397633
1586197805537775616
1612138235542528001
479734375
1324559402330812416
1062084691388297216
1413621601958985730
1585823130756345856
1586100250040737792
2182441819
832271014037819392
428519199
1599824603714621440
1607485339920220161
1348044718475718659
1579862598694178816
1565880364278681609
1526910036106260480
1538499902879285248
34112949
1525145201987072000
1615152916226101248
2730333645
1605829108713545728
1596227713198702593
1594159702111313922
1594194397645651968
1585811683720691714
826842084544020481
1507324766243463171
1366510107908046850
1501279347944173578
1476753252951605248
1594786407314296856
1599221395405377538
1599950933458386945
158951476
46776683
377161867
1595163724528209921
1586864533305450496
1423111651654574092
1605708120445140994
71320740
1519469137638002688
1217813949883789312
1521109491168727040
1523338972910567424
18174500
1606337474741108736
974688727
1586030807403085832
1465770268538941451
1613318936925245443
461269164
1609017262295638021
1546497037117579264
765061678794993665
62517564
1349514603198341121
1406264244509626375
3092148387
18747951
392388579
1610444403226689538
1447015323253698563
1609943666021351427
1602050416908595200
423475114
1444901094
146695530
1466981473072918528
947845379424260096
716361326793129985
1071507092
1465896195981729802
1585941917405249538
1594093484520181762
1603127876605419523
1454209385371078657
1587260549108322304
1599851712197627913
1512597561084985345
1581650094214025218
1606648237913423872
333149245
1519292611735003136
1586136386528083968
1594176993972690945
1548038342737989632
805305054
1503779855392927744
1491164019985719302
1562950386868453382
1519126060096438272
17504561
1497254906
2562550908
1585996247923654658
3268620337
1603359422935359490
1509667280476680195
1396567498552659972
1564043283529179143
1465411101311442944
19201161
1585964459318730758
2532851636
849075363699404801
222846092
1601738140141719555
1601363707669389313
22637974
499442545
1587123747957325824
1595784568262492161
1594533856056688640
1573029692826734594
1575169066884427779
3321777673
45935274
18707734
862943093116383232
1597232100469399552
82237204
1041421132664979456
1489140355442245637
1499073839115948040
29426965
1589452358207029248
1469790067245920257
712409419720597504
295254127
1399806274020147202
705523210796867585
1595868404866506754
1542477329993273344
1427041445152706562
4818208875
1577651139859959809
1213254905349038080
55354357
1586575972895260674
714835946
2400769123
1521610488844587009
1474846177145372679
1591459877720842242
1585836333574004736
1574831539564810265
3017935080
485182129
1589253722605031425
1401216152
1134905678559031297
1520198994621865987
1588669080277598208
2743711148
1511166183868882951
1561082211134279681
797351905756385280
720945812
23010860
1588699298379677696
58708159
911381042
115785635
1360307274271571970
728409566338146304
246372907
786673032102342656
2230244716
877831841776095232
1555604190969282560
1079528871085723648
1463071332111773698
4921036092
1519766883733581826
1282841324564119553
86374592
1585976689959518208
1643031145
1118148593351909377
14413466
1460936504130383880
315105600
1517412290328473601
137358747
1567355618997968896
1505190105669152774
1585980109512904705
1112715500
1572686861964873728
1517860923758850050
306260235
1451721372997140480
1587985053228875778
49414533
415140071
3617403163
1447790720937455616
236824124
1521192162171531264
1578051217585995777
941767466644107264
179802168
875409431764246528
1237475322955792384
1434011815869128704
389192302
1543193185937231872
1518678076737167360
1585996400973778949
21682561
1545119532733399041
757683962114347009
1426303432470716418
904598434635587584
1584976815294226433
379082219
311633735
15113764
798015075097448448
1346300436958085121
15225261
1562907148467994625
124597345
1143437327416594433
1481789785802952708
1271358442234679296
1580951141352882177
1498100658355978247
1542454394410500097
1579925260039749632
1522612420232896512
954721943927705604
30551339
1518686709138878465
1514256584024547333
57491341
1468358490528043009
1187381293148966918
350379608
1518743439432724481
27272607
1009223090
1353540317144735745
3028493620
1520542536342945793
921399510575837184
733994838656307200
115072361
759395758739107840
1551936029044637697
1354927990510133248
1495398975997984770
1963360380
1054863627029598208
221573745
1049021756709724160
1565739096634531848
1545746357742346241
1494129819222749187
224364280
857308639023042560
1306996603480403969
24401144
37988004
940409602155282432
491674633
1520478792195756032
22518845
838046850238271489
1124673233880473600
1565841514902589443
1383200986974474240
934248104123158528
1038255437852733440
494286357
302665130
1297294252221722624
1560611334257008640
1551579647225331713
542532440
92308708
310405537
1511147965859082242
1486660170444857348
1527977650731499520
1086343876942708737
2811703732
1093504362704453636
1309427725061500928
982367079444762625
1540511322294591489
1519020972984049665
1526930249736302594
1541485059366166533
1519062639275503616
1501606853297553409
1323371098491289604
372864877
23442861
717791148
351616830
297623892
322743355
798983373716852736
1512116998372827140
1297381019054534657
1480371632053043201
317970353
1350870454597152769
1240467930682449920
20448034
1400460781657886737
1313576114959323139
826575220857270273
1538985369307340800
189227080
326920378
1024336429198049280
914764934
789600333915889668
1456293736254640134
1518696458387697666
1518743898700455936
726750375101886464
2741001835
383638462
1447498958
3414084118
915785638149898240
57982473
1400582544844738561
1214501886
1474206394551345153
4776663858
1478729268981084162
1461730871942082562
1527451304137744413
953352913530834945
1348627837109084163
883172635986808832
1451247668420775939
1486740897496813577
929935975685296128
1412083202861146113
540853600
101834389
1519479291334905856
1069693483
1350553336634871808
1519147935702921219
1519462099142864897
101531153
1518721791845441536
1420832466340917249
16369343
1518803864216080387
1518661347055001601
1496016709576183809
16225268
1514721731025506317
52065009
30877701
418036191
468115067
2731284832
397507908
42407992
1507243785591345152
1455676955139919878
1249693974501167106
1505506197545308161
472631961
1473650204893143048
1497408416217812992
2316375967
734096443561148416
1379641504038289410
22199141
28021635
18871948
179741110
36675189
1228873818
25415355
1496514155142131723
1384334131862011909
848039696
583541196
753364769717915648
1390397189659238402
153239073
1263955994213847043
825472788160929792
1227283231709564932
1070142538642669569
794407888567476224
1464248036427710474
1219809305462890496
1247670895801290752
1480712349426364416
150938585
1482567614299844612
1240473617487593473
19159726
263822801
1223468627568939008
1224031901134073856
1479226078631809024
1337108526821412867
928840572
782451266093887489
1310706589033086976
938097808921583617
1008663977793146880
1472011127991279617
609289509
1299932913849384960
1405514880992661506
1341411764676812801
415124617
1213222853849440257
1464710590958612482
1430511212048134148
1417511693672910852
1059869429721251840
1302356247925137409
1359510829935202309
1430324326134435842
3354073994
982013498464129024
1336500614302351362
988190144799825921
833810983814586369
1458126736059731968
1348479723815522307
15361389
815630357617774592
1192646907304259585
1455701423350484992
185426131
217910657
869335179688460288
248425635
2908035263
1044284694387412992
1334678004358729729
989254148133564416
744118276788097024
1445144179001204743
1321492542509166597
1325617223629680642
116517297
1437254522963910656
1105625901839065088
1240566579806470144
3255903559
1280309619869585408
87416722
1339767825531981824
1033758579566604288
22016301
1080023648533020672
753975794637082625
1262954780865048579
8723282
58920347
1363872518000414720
1415399109524168712
483142337
1086348776623599616
146599169
16456226
18732991
1373057822
1194622351247396864
902641619425472513
2197653524
35025688
353422065
41169132
1365733187188588545
713720392393875456
1180275261813559297
910682919399776258
844766941
172511244
1416550220100509696
1118984915058454528
1315134692270567425
826187221904535553
1415841665567256579
1401907184804392960
1415445711047430148
963204890842615809
21586418
3756121400
1398802134393516034
1395564796079230979
1028779836876181510
1412918985927036938
191243427
1394697605859381257
2291723976
3154189236
1411321590671892480
1095102803943542786
4086750921
1357495103456227331
1401220879615500293
1403140097189548036
896238044122165248
28171788
975574629631709184
607258583
462568606
249635266
2211435990
1388241923693899778
1397878270792720384
835623805884248064
1161769322013835264
282693063
1393273733339664387
816127320192913408
382227945
3249301734
513396024
632314541
473449301
1232783237623119872
815750087192219648
1917516697
348351759
1282751096612675584
1378814286101876742
231086774
771943419417616384
277207692
1152301453387583488
6446742
1096884557444337664
1050780909941780480
313107787
1359058570990391296
1062738433716686848
832680461851693058
2196615488
1020447063249768448
1319418080
1358375747203833858
39369267
1365523120434475010
136602448
51667021
1364014407433469957
1057267276976738305
389152308
26033727
89390968
20801351
1355626897389084673
1352606882662379522
1350953261671587840
49013218
1350165516313358337
907064509344313344
894133128
1267935847967608839
1347758903828877313
1347699823219142657
1251642027038724099
1347677764401455105
102430454
1344105598594387973
1499775464
1365681103
1344034196138979329
229291732
1338846377049284611
1332845566934519808
1259533024473088001
1338707865318662145
1195716367732920321
1337923030891302913
877921651782025222
1337233954278170624
22367460
1336859627238076416
3205829123
45710831
739530744414896128
745625010
251108874
769715436879351809
702364327685332992
1286866071283093504
894190837185224704
27029512
788881459692003328
65159946
2747601405
1324374725754277889
729073970
892501192307167232
723159264
1322273609646178307
1066848047479644160
28822120
1793754630
1198326468859707392
15379902
372528500
2426405335
782602320769011713
899200940
1312762018743582721
2542494481
1005458046959669248
977376855853535232
155069389
863072293034971137
2866149077
1006824824
479948197
58241603
819217419075981312
872862155657199616
1268965019393445888
718465053683372033
2292038776
886674017582698496
58436199
1133159214505816065
1157743999769120768
2559951176
28074283
459832140
1087858010909786113
1278090623912828929
745499661335560194
1296654918091018241
276088865
1296971136459132929
459843135
28023871
53453718
1136299995219578881
1275925861720416256
966317909659103232
158180728
1281258896460517376
1291534161099055105
879731274369212416
3885976940
711563738617262080
865095797431427075
2830070568
809591578989760512
1278918509439959046
906682786110627841
1244466747148619781
1269752153922551810
304524920
2341589400
809540809116643328
42123238
19117130
1266419818653237249
2797053186
1272395270354018304
2758364923
743530472
1270062101395116032
1269348875070066689
27825414
1087557730695565312
1231357578677899264
1268974053219545089
736625714
926942916118921217
735294004762382337
1267525343520358400
1266481339429040129
1251638956359385089
743417949323665408
951302891708583936
1257079693544763392
31346330
1114147552335663106
558915668
1250908253707481088
1231036485727424517
76475158
774089965458354176
4794913621
468445437
577520893
384114194
16879878
866803997075787777
1247697196335628289
317385247
19236097
865967433919721473
1174104610191138821
1038519335327870978
729547316
1208908919244050433
400400432
158021888
1235349886305959938
985918274075484160
1656237828
17997121
19831079
3407657733
1245402042883072000
964882107502944257
1109366575956660224
2954900717
818995316661727232
1100225922093981696
249483485
1152180563178115072
244263574
37808197
913418831900557314
1242222979938844672
1166217222919901185
1198007176280911872
20638192
4795489779
1355717809
1232178094527651840
989793715249180672
55646252
48565376
1215039693605265409
1239357116651102208
69151240
4229850854
212017341
1227133059453026306
720927815206641664
1236771875172343809
872920705914085378
1236405703675265024
1174517985396043777
797067604875739137
342789608
2744915079
1098690636549709824
1233935254618021889
1231819534690062336
970057410755813376
2273656190
1172894004855365632
1206624193363640321
1229206488763244544
50453868
1293675853
1190638225183924230
1942539883
1226744019075682307
1226995513129611264
707405247279460352
308852318
1225610576107204608
948321163255586816
1179808742231035905
624413
761092195801665540
594376322
897058816226844672
878973020794109954
30316738
117481624
117483459
829477590385692672
1168602904623747075
793242950327234560
1208079902051835905
1196534180814950400
1190295676208533506
912513100905172995
26572460
1155078752956604416
9234352
3171407808
626655110
3658916375
1166430535826034688
1197285810627842048
67649842
1143928442632704002
1192608471977472000
2764242773
123417995
979306556
821362524410945536
1177579059221532673
1076543041182359552
3315840117
3886505834
953866666496135168
1015248162
16514451
1360465604
141681670
267857282
979097139551731712
1184289498382905344
2890492573
2553182166
1146027390100893696
838547895926276096
1151835327373250560
1008351677299200005
38847460
2346542868
958703214550974464
865226658676174849
72598855
27947088
819720726789750785
2989202299
56526451
783472602035740672
1103922284
1658120647
494100617
842493042754043910
1165462312418971648
734440888441667585
31501564
18918698
930979722
1168913683659001856
28602009
28148422
4375340800
48209970
4775465052
111223756
296916604
1171187227855974400
19052100
1147920334248665089
167155452
948475538187878400
27972759
712707024346292224
1087849843710558208
1032684992051249152
1118635640927637504
4643860580
3261827681
12413162
52930877
21770149
492566290
822933582796599297
3948805100
823249202494980096
110869037
929050108523679745
1161418658889048064
469785556
935365484718931969
2963995962
712976695
18252293
2242845044
999332055874875393
1150296248446066688
984971043793178624
25121521
26303146
38456605
1146970193131798528
1146649955228094464
1088794617162674181
1069422303816138752
1121405495833759744
1236111379
27522964
708031268420657152
1138630049438060545
1028182755702657027
44166798
87299430
921973026219896832
1276480476
2510396426
331311644
1082500537147363328
35020110
814530975350792192
1051918467111276544
911707113281458182
1097235823559356421
1127164989146632192
365880378
1124118804127207425
2384975443
1123640097717485568
1539718424
358464377
817384090412453888
118626495
236435199
1122965830348701696
1122452701755977733
1120769983418646529
3299214997
3041137959
801392256
27961547
22976125
2779819132
1119958682614292480
27279558
1062510886936629249
873758219688071169
2995875369
1116775661723635713
1097320606406725634
494316027
228073841
997244692101287937
2246299058
865013102797963264
174401092
925559540069879808
190465411
22666910
2623589787
35437789
1104545898724380672
3138534979
1101211744586874881
2941174578
1076934700793544710
25531732
20998647
58353084
1006914592054931457
874454232719556608
1094957867235446784
1031958417248677889
927531930601521152
3281093659
796530725235359745
944068923397492736
835581790668611585
1719118620
169210555
1081311465557000192
1089537356695326721
23250022
2382685964
82447359
2370599400
23769223
950888708550643713
918997513507500032
988645367695757313
115176107
16403943
352499224
350568098
469647323
1069752117538287616
478245499
14801539
1081763449338847238
1081677504627331073
1699566373
2532127677
1029962912
18341705
743155992997691392
260905588
173936309
3482966654
1055649390717595648
989211257520775168
926593525679927297
897607805334544388
826550703258791937
1072154884118597633
2259809232
4121629468
26433349
868543906237100032
1073439956289363969
28173550
881232201119039489
1012776873925992450
942860496058773504
790998702529716224
1066385537290899456
31046750
1071863105599221760
249883253
67133275
978140972000227328
711987058881880064
899813372534939649
1854392378
966169314184200192
991864374439698433
19670084
1003622854762680320
4700845381
339219479
44290258
1066867004332802048
84176986
20264905
19426729
11856342
990064541709959170
23508439
240734425
1678857997
2999708318
14885860
1583398880
999397929025769473
1979182374
373624267
43533947
972998388697333761
809741695076204544
1096636321
335312088
1066478556086030336
969309277
981274167260729345
18159843
16653786
49405775
3082035412
802042941959045120
65229865
321586997
71023061
348590880
15020865
1689378834
875020834242539523
790629748024029184
29908979
2717139217
2201951496
175161093
24109979
1064351856984563714
749949210146041856
62610707
897901786203336705
46784629
55594930
163216679
963261217203785730
2884137900
2854367879
376188247
2484821442
1348788000
44622120
20335248
867223526822096898
2773918108
1059142196799172609
20831529
941126310172266497
3698097080
795754146846543872
4827531214
58840114
3548306595
777722907145428992
852985243657228289
37634200
2463789685
501358969
29548812
723665197181898752
28133800
1057273412375187457
807046286331346945
854912579642298368
1022316078171611136
49625617
22183443
1056414921787764736
979374284597596161
273425673
820324350448451584
42258864
235181669
57100687
20828334
48467882
18266910
1045574634945548288
1001559382751051776
1705135417
21860506
45285656
794924614405292032
1638862562
832114407262060544
46886559
974950459139031042
4851732400
42227578
69125314
773914416706379776
788928500585508866
1413188648
820544342020554752
74719756
971009578195447808
451706398
706541040556220416
831320691580497920
807979388683878400
986109770179506176
970884857126506496
235839823
4406212280
873288640159518722
1049869876171612161
1021449988142817281
27146170
261904160
221032044
855165567707361283
69105912
137449290
40682266
590418069
49487253
41689555
922845511475855361
433797384
861238456202276866
2179461092
77674335
1135152032
884069944668848129
49239992
2187330768
127601835
394340291
1952881267
36384121
776903299630968832
749094160678871041
48790573
1442496624
61869915
57797961
556955675
1049700846995427328
3278935033
1047420133403242496
2438519822
407687706
755921947045666817
814913494554443776
98464134
881522095045332992
2858120620
79660470
789917878552322049
271630901
1045865871544131584
251623887
4890931787
894643071274459136
2314098103
338527731
722207654
30945744
2573729642
784761251150692357
405175156
940222293611081728
794046896
462600779
399070679
818233247092080640
2782290468
242986917
961704962760699905
1037738468972154880
4611819913
113700310
1018865530453839872
66693341
791403489901633536
799791348593225732
213072536
3288512762
965087099388080128
818130398983045121
1008440216204578824
34626957
1046951051079770112
994337654
2596413645
2413221252
14101483
4670661451
97140744
70752394
74664986
2518026388
2445492623
3135644715
63831374
1641862027
4600705881
913539750149070849
34756550
961439047456641025
188134122
369819300
4294163174
803082556199632896
1045274539486310400
406313212
36479085
934622961981579264
2894101618
812012030827892736
274147809
797151747252875265
951485690453348354
3300013934
1099681615
2910296536
779035598451380225
362507159
750904619300163584
2944999052
4141197073
1017802753639354368
758431118571876352
1729934480
1429320763
896125993123016704
1250658326
703302096364244992
1037777635684896769
1042153125468024832
247143987
2266168763
1042826147476566016
1534117225
804133211622100992
793311679413125120
2344030372
2306117874
1004677725506998272
2816449607
1004162905300979712
814159584030052354
29446296
1007938927955775488
2980611211
299798272
741562159
827214126
193645269
899045870
149170126
495488893
2159166889
1494005965
2958902713
1030320828808867840
1034879660914405377
426257553
42318346
874365499450302464
120784755
1575420398
28675744
159930435
827570782083567616
3168590448
483077072
22860615
341564968
905888516713754624
888504174186516486
1031831934211637253
832325949395988480
4189308280
109703378
3434430759
713438587627266050
344845064
935688287124996096
2279892463
955592287131758593
951255977109721088
1035372478032429056
1036026416201003008
168214114
821490119991500800
1023275833589485568
3250141399
54710825
991470575846658048
3305206213
32705016
61183601
926833923845324800
115792183
22359260
3990343275
358956687
574582440
3093551696
21234731
42485039
528773963
358419991
3568294035
754531050
499417827
89319367
3181867824
824425126426992641
801679291335528448
102466306
740531241309462528
29084047
954519561449230336
1942866666
940020962
91133629
900014846783221760
288452526
739825710236340224
578406977
258401499
718657922839027712
882714227248680961
344912217
268429532
840315215573016576
3025921727
1032435704389935104
17926495
282054778
16088770
39753444
1027014012712579072
91793784
854121167405371392
1030116967938752514
314380598
973239052064428033
922564846226468864
954457402555944961
993568058160631808
4828189779
148221399
992789347631009792
1023377973238530048
791310638014341120
540395333
4040817507
773695967602307076
732980827
1572884653
50846751
897956568
182563991
700452366
888629415420276736
871161831317946369
1620456367
907488360851230720
4699205802
35461411
2828212668
710500981931319297
2892269352
1122506204
415689853
777332587131961344
27682852
823238304183283712
21237646
998712930874068995
821869160317652992
784047322355249152
971427951446290432
816809496186068992
843476916250144768
72882689
993244639141380096
810989712143810560
888071044124344320
25498309
803015939407147008
912515398033186816
44480621
1005180919349694465
845110780303495168
714511124838780928
927745783394390018
993636013640765442
713425705996922881
298278248
703512730863591424
1087226053
2946782393
953614793415503879
73772484
727478189753143297
40926993
391598894
325295678
1231910426
970502731826974721
75895646
745654338777915393
287488452
2740295187
59341437
782731028334993409
22447346
362778989
310863380
70987319
3885612434
256252562
721855952
1021363645320769536
1189926044
529065662
2316425952
924354252847300608
993728773483827201
215033270
579936874
1138903014
1022613116700569600
970144328101240832
374243177
37261178
1615925803
826129234200457216
2147578039
792808845919879168
755584963467018240
1317538178
759257609434202112
34367582
129037428
908148518350737408
948415465428258816
1670624108
3310111235
243084105
51411443
822874459447107584
749808705395429377
970139891672715271
821677026709045248
1678687734
797698711090561024
959903652113797121
919982894
1019273767225212928
985887937580716032
899382821269233664
1059181249
2283766542
760874726772191232
190807924
4429195462
716781054
947978025345409026
436480746
821534955721277440
126265827
1345913064
4913356561
1393642958
4310204417
29581975
979602798076510208
944778859869822976
972681114295898113
933205453
744181601697923072
232399481
821348621450903552
1009791173505011713
2256239096
701653545213243393
2255971602
989699298873888768
930467156373815296
788111323
30238204
757696951659921408
1011452295291244545
983345328307953665
2377725654
565873727
839496692118372356
941786835411456000
970713428296810501
873982094543732736
25309601
48308217
958837405368373248
743869197273292800
2940559533
897975955154653184
1609275470
943025168565157889
989551829175406594
2347816776
997989595315949568
1170470335
59024196
4498577661
59288409
2656878260
820097125174444032
365011029
17314997
1906936178
1011735080086089728
2338694912
3968600476
27683390
954693119286575105
2951659258
979854661397118977
4160651842
495546836
426749455
1014897045826670594
949741076256092160
837494394836119552
822501908036337664
1347485508
21791956
950863186609160192
1918263128
301045544
29835084
60317232
1226205457
18457213
229654047
54326070
773699453790355457
2996196346
629701947
788904591844782080
4853902360
921430383891279874
185713842
728422682425839616
21789755
819982392836366336
1000446979254751232
817384145580134400
3190174418
860643294367318016
801578922731257856
1088139415
388122292
999278439516573696
382952891
989220784928448514
923617726748389376
403129764
2792845554
23921425
4793894052
347581897
29463928
830551006991745024
2945773214
1058515482
233933230
38442614
4766801712
406483952
860233232431939584
1009242790042198016
1009112465534316550
264783779
11305742
475105475
36860134
943884076691443713
897500676615491584
2416597188
759625990784114688
922638505880285184
278084065
951937558702780416
783567194651103232
886362094626635777
885933012
954845161309253632
719848910026616833
83258609
832089209007636480
2229051229
913498347851456512
871436467863605248
885480536722087936
739554341649022977
3347633549
538350190
4851440002
21812561
894465693755637760
887449927592271873
825151316557172738
3184384026
16054602
20216723
2332924238
4818110147
751270814608072705
190251322
529589786
68819317
719773125819412480
62147616
1102259054
880836783591669760
989291804636917760
997503485707943937
1436305429
933184460228411392
794857530111442944
1494481902
806249173532217344
21089652
113549186
3517612832
788464098052808708
90724832
761969156
2763874395
390216261
18047064
923546937516875776
1099714340
90570778
98951458
3226837903
976468544887046146
3438630395
32985717
25172565
3184890253
791009392741195777
441063307
901455650659741700
816422039451996160
251702142
21680783
797827644071018497
38174463
33761872
2328704276
2730264319
881488341912346624
2790023837
2760977918
56213732
1931722926
875870868131459072
877070150
777186073000763392
229338913
794756728646569984
4890383820
2579500110
529633251
49799066
529716233
896258742
2314105303
4108627456
49160033
806122520202055681
3406504971
783250802
17013467
827504035225882624
823196977198342146
988177452320116742
201323794
37447675
724803098049269760
965272784036343808
783509913246904321
76611598
37837989
199522496
2780416996
1114725020
4854641986
3077954705
718474279210323968
978650746173444096
34409451
4848238043
789106472558796800
950085547610988544
107819488
984556206407626752
256364208
44532808
3017801497
4853012439
2485559964
93502818
2885866624
956404871904739328
789882933192556544
2374332835
1416301465
343147067
719183106
543589865
943981067740073985
825181796077756416
908300109229764608
777949191163097088
958010304746618880
796778201943048192
3233008698
4182817251
2886095440
911339449036034050
755048061190057984
982339596926283777
48223373
15935541
321779709
1056808508
4608096626
2513818806
763394245008982016
795143146879467520
17669752
958737683005747201
825763944174346240
2608820132
244305038
789838755767132164
16074611
256170146
2857403669
963055370439725056
235703548
962398105
240541066
359689769
959516066354532352
794170152
2740284313
710738910725275648
961657358429708290
360406171
2461990716
814658387271159809
775723020811763712
708633916526170113
15693450
903653433160343552
778079120764928000
952083659682562048
127556786
953817659178717184
905924859762544640
784638158415785984
338560059
812021758802927616
3433022621
1558862454
2865078826
901897162232971264
965693540150988805
563354483
15619220
924462918988632064
308520434
945216955232825344
2317814605
271927117
2867417123
2465616906
744645895690518528
744185866097025024
2854986963
3843500217
253169452
583714084
717937938
55984406
778056006370750468
265103510
755602366062133248
14826029
715281166488588288
3192899577
504719331
790335514608017408
843701312
745435789874499588
3296293669
20889007
724607938552168449
36066690
824414860591112192
66454984
149433931
810537088097677312
102275449
4703755045
2312902755
826104850194653186
768199352196005888
18851351
899016632
260434835
28133675
790288817815220224
791757121972940800
115257448
591298185
830721351623249920
4918345812
2602409682
264314347
821541662677667840
787880760627695616
18494819
613218605
815291667158880260
785234767587442688
338637697
785356941363122177
966307998980300800
242030522
2660101566
802904976804683776
542989827
21499306
860200224
804879206568120320
820355819636215809
883027643054075904
358508008
966478549132587012
844627002711822337
781223415256461312
954440952692830208
717807459193135104
497086214
4817958794
951008132
905213496463384577
411380833
756353997716332544
34492387
754901630101753856
966463889113313280
97710257
791495458095071232
705739919138938880
24249934
28152896
759119202817040384
733315234820063232
353979179
28693889
3796452077
898217941879205888
778370456046833664
347313041
107210351
561441494
1953012342
375721095
2950982894
711678474147078144
851957824435273728
746927667681734657
2994611948
31916862
1045558231
22673377
1931084401
731608385645318144
1669405957
947343381138759681
933872019451543552
26701846
3938342419
909429824
33529092
894450550032519170
222678864
58007320
36715753
2468708726
379690254
1114631166
808152564
808143254390640640
803814001054392324
796383305117507584
3006600919
741057139687362564
733964028
1661302838
942418893435531264
795662610708369408
913618021
959164508156649472
850404119529566208
951236783198621696
914615288901054464
1251672655
3271438711
802623208704741376
3218879310
957078316707586048
26493904
3645029299
813903738653937664
937545684194119680
786626903314575360
31246318
372809132
83673742
954095869124464640
3358920340
548136534
931221661721903104
199739590
787736606195277824
1646815999
800695400889864192
3915420798
836737649268436992
901977223325822978
769649024064303104
75329060
942379914631766016
14052036
16320885
786189934868701184
823218895045722112
722448953359212544
167603204
367780551
889116154719072257
32230036
54800309
516607042
725121719539736578
901534031371804673
891435759349235712
818917558061367297
522550534
553224712
741127899504345090
271957908
3510942432
817100349139980288
511436581
1467693714
848275193231486976
558182738
3510546680
894436309
1189304569
785836889974644737
524176313
2750331580
798772200
273764553
50108272
26408827
912854466625441792
3063458561
706959926879334400
942839168438325249
863542418288902148
932849242963456000
814293126336626688
4710708974
4893637685
914924115428904960
462104542
935568954977914881
500755540
940368062
2588329891
877672927751229444
779123918648901632
35318897
1300855544
924701111545712640
822980822328283137
881927755042103296
765077504
822462665910063105
919764708218978304
371517059
408774041
803995914914430980
917442861200760834
914872078456594432
4922329698
800114400614957056
769533635976310785
878454395037462529
825501626
72783659
862175657333272576
789564449665548288
329143901
463217851
842396875122724864
862550276162568193
795822463531753472
853496307155181568
884983790199857154
2700341143
773938065601691648
139499789
778265291457527808
1339954020
866583474957950977
774631928745951232
2455407479
858700207
1957608462
320917731
4261318354
15929935
268097438
916084236
41108844
2243716134
216055083
370472690
1905195793
3071465511
41830267
728255524303740928
1458612992
709973837
50135146
2713421296
863693749
1972231922
2867995528
470554170
787044668102045696
96021946
760987159067234305
23948939
46220856
705442898188210177
789097133148282880
247981000
762032440747622400
34900333
6086902
466144416
1061345084
799998564583829505
764726619877548032
1930980487
1576410817
2792569303
238021510
3133649726
796946180295036928
1444823118
3119845417
15416505
1486664918
66778256
4703256050
720378783996358656
3377676101
458214340
813081714717237248
3320162235
3168027631
33706167
65490861
93992192
228109008
2731914592
383585095
2699476160
719273408438083586
796880528565735424
36417257
748505470810230784
2798085656
16190478
3313329508
273542042
4505795352
806401995397623808
18557659
16482165
3349925638
1677143568
1614051
759239515793985538
3002000970
721785130679996416
159122016
2229229510
4910270788
104313486
4876340824
195271137
2977307104
781915888563859456
15392486
19934859
275276082
776843875688194048
23148563
10773962
4041824789
81532553
59550291
704000582420402176
828120944
2916305152
18856867
4761064634
443924415
22566851
996130537
53266194
16206579
3779902475
1041238519
3535592477
1221681152
1659267216
167924087
48961660
1571540390
549389967
248477730
74311481
34701524
32135704
534373967
39367703
37723675
1222639789
149760844
23089228
3020646140
19715003
153226344
1870084250
1606994184
21323268
43908059
2181946581
166270127
2167282993
16651754
231175831
18734310
36362259
77888423
28870086
54278604
14199378
17842366
11348282
16561884
7517222
51263592
49153854
19426551
19362299
156132825
183733120
19222164
50004938
2557521
