1045849314
1433930577321811968
1401945108472291361
1681063403215806467
1465760605
1354277366940495878
713685336
1553599855544524800
1518686634740383744
1581576520694484998
1663161958755975168
1587302381150257153
4901912705
1697155047149232128
1386958949933408265
1518676723507863552
1704299518236180481
1485087985792081924
2193704689
2823797730
1329943573937016832
3361612229
1547288279971774464
1349325228095262725
1511124217131159557
1544032782397018112
1674135545952325640
1699681200057786368
1519348559853760512
1101405576565846017
1443364489831714816
1682528438035308546
1071127055968952321
936021126244913152
208750016
1642281464103424002
1467896662047735816
1275447541585211394
4398626122
1148610052821061632
1314235487880704003
959897463380463628
1473772864822079492
828447439883481088
1205302840929005569
1556469567093866498
1674175957614366723
1680914250775109632
730121169194655748
1644692996976156673
1581263811771879424
1657928253670146049
1556450983928279040
1701055227850285056
1648092911853096962
1685971024221736961
1493444284024070145
1672299630720106520
1130021685351079938
1690386755097186304
1666417781485748226
1222600120522412032
1674699836149440513
1346867532255387652
1181302495991226368
1318574112332255238
1696919921412976640
1494618937132208132
27766330
836800571814383617
2797150231
1400096884014960648
1609908475810684930
1174816521320722432
1688301181846626304
1276956778782248961
1330924205584621569
1645144794379825161
1695257076467929088
1513280177492701190
1427313726882041866
361845329
777950228183977984
384967969
1331677388372017154
1427356442097438721
379482411
1610327126174998536
139493273
1542196070133932032
742530593808748544
1519530887603388416
1589299146145644545
1585942051937554438
1375521560996556800
1293039197226442758
1126130693262716928
1377640379571376131
1694026153609318400
1674894522407432192
270717184
1008879432587620353
2902068421
1462953141696020484
1463029607091769345
1674798641813553157
1614666952806367235
1455285271407341568
860417480
1284659298073706496
1375553887
1662323876674809862
1628613679154442242
1268386008074121216
783509913246904321
1049546187790016512
248933845
1535771569896665089
843667615
1387927767916892160
1698386921959968768
1630593077537538051
2743284672
813777609599422464
1691194529699786752
1568187959857512448
2943576736
1152313180686823425
1485390002179690496
1680538801452580864
1217870363666866177
1286610496146345986
1468121187301531649
1389095742636130304
1278366658571182081
1224402022784479240
1641469258898235393
1371872976077955075
2508068568
3064137112
1656085682312421376
1611940422854578179
1547774136411254785
1382136217601417222
846992959350476800
1676337253218500615
875057340625670144
1159109268110360576
2313815378
949302764127113217
1671804469623902209
925438315867852800
1696562610848649221
1585031883636674560
1637712439746633728
1004386700116799489
1527582947154468864
1694355660182282240
1619723138018803714
1606332818048663553
1506389921854017536
1267414355781582851
1052311418341445634
1669789231894372356
1687580938455121920
1579831407349841920
1555352017585016833
378987091
3305097189
1485043785763790848
1675602509375721474
1580588374162808833
1676213201246261248
114731031
1550558690683809792
1479078235782664192
1454610388700499970
837376608033886208
847855807
979529412495454208
1246080554807840768
1431657528220344322
1480640816624320515
1422721696168042502
1692725134837346304
1511107848998203395
1419327383983828994
1556007735627395074
568547252
35870506
79805695
958112501329289216
1586277077531361280
2153097126
1586814048557047808
1690844088038313985
1280201853947518976
1562621251528507392
1075211100398903296
1663950280822489094
1223124444
1609560456913424385
1310636147349942272
1025410166483832833
1343438130276286466
1467698301189476358
1595908474705219585
1540766413349982208
1316032579657773057
1282263457610506240
6152712
1364216342040219649
1383807777760440333
742823052354945024
1529947182010232832
1524572470937722880
2212985192
1372185654889693184
1577779477853405184
4780099620
1053514594633834498
1616290104770793472
1136301955016527874
1084236632864092160
1052693572531699712
1685289198285115392
1469576062287765504
1520014403474665472
1580585510199857152
1639315088904536083
1476773424013844482
1615703774286254080
752984680765329408
1279483523074863106
1232779854321307648
1614497438643159040
1628667226529341442
1511626231980036097
1568776246229598211
3890809654
1678970275608555520
1347228599502462976
1642693736608980994
1606387315290607634
1311185730937348102
1471182134001889281
1682432969427017728
261099722
1668475364291772416
1157283477231980544
1191006170707718145
1635579077536145408
1510987689201385476
1656309745223970818
1624965571191373826
1662444539049590784
1678749519486255104
1341427311019749379
783214
1535094897606369285
1593262901045129217
364214133
714471940
54716387
3983237950
1234348307582980097
752145211489447936
1605405291142586368
1600670018429079552
819454193752821762
1591566302027677696
1217074957580218370
1555221266746990592
1567526528774283265
1617945403269255171
1597495893564981250
1324914877291507712
1339313400686522371
1669667785935339521
585688847
2880116410
2479304272
1680327392580231168
1523838615377350656
1607636906199728128
3023416385
1549416773447028736
1679178677647732736
1517566303770497024
1600704864039878657
1619604376997482496
494605562
2720880384
1646482875884220416
1271904360427950080
1144320109177012224
1457710939789316100
1482302312576135173
1334943834690756608
1579301069699661826
1467108373237833731
1253724166978764805
1666510973341954048
1098993965397917696
1560480384118407169
1496237302548508679
1578522896913248258
1521870690630221824
1669845237705977856
1556652598081556482
1678884980183662592
1616968381151813635
1456764779285172230
1536504925081026560
1570390590876942339
1589386821204512769
1496329835110621184
1626702967121248257
1075758238811983873
1657890405286043649
1595741872768667651
884871410740600833
1559851901323296768
1661005228471119872
1669510874875437056
25043492
873991478967775232
1615744191266525188
1668270774556188678
1574376908376211457
746275695492501504
1260443588464345096
1617876681301331969
1662136302848950279
1226167963
1538956781908643845
1587646585860677632
970884857126506496
1507327466414788635
1362618553355051013
757179079
1617368665493585921
1467150914947538952
1311145810667745281
1071487046307336192
226675433
1594718688472612864
1489630564936294404
1427745449642020869
1001220565510836224
1316356769506111490
1538585640320700417
1017580150727282689
1600887689468846080
1509352613489242113
1419690738959495171
1523062054592159744
1107773425
727843496
21614780
1516896613943324673
863840846
1600075964653912064
1585575975013736448
1099667523899977728
1589023237001953280
1433601055078510626
1552773071953866756
1161834120370163719
97275262
1370444673437814788
1365982429090037762
1344701158535933954
1338230112479657984
885149590047141888
1360601757987057665
938182221675970560
1445948292530069506
1605269473
110835004
1427643904728436748
1466981473072918528
935083829672529921
1499798091733647367
1443619563405549568
365124037
3599907733
767142971334549504
1543335649125826565
1287616455190761472
1527073540108951560
864354979724709893
1608011146245832708
1468662864353415170
1580645566228340738
1459359733241024513
901123040
1059871261092929537
3162908984
1281347631390715905
1513312925443837960
836702781788532737
1246931490413228032
1600424452935778304
1612175544145027072
1043185714437992449
314316763
1518691759034974208
1614444269137166336
1308469881529151488
864606638594023424
4790054419
1582493212026994688
1389035217562779650
1531702510016430080
2982376319
1530749455485509632
2672095101
713377689743335424
1374447803024297984
1463757800220286978
1406049443963719680
1330670175130030080
1495443738960744451
1586986403849592832
1078616966
1600293710478065664
1328752139951243264
859921681846071296
1590940237693329409
3570176835
1112887778
1300068702851792902
3298799558
971157641912229888
1595486049748369442
1585828570294722561
1401997563977424897
1586827594464481287
1591888048463257600
1542143022976081923
1559765174663655424
1538138609257271296
1158795074416758784
1600531409776611332
1184179532217176071
1612409645527879680
1595344451030814721
1409281856
951182283322556417
152062108
177830577
1615612937057734656
1520886553756770323
4356216322
1608956491406483458
1573147101504077825
39209049
1215712135952596994
1496951980186554368
1563384494337720322
1565016957312704516
2302367910
340702271
1430208408997842944
1589798367915347968
1607127627629842433
1540752651637297152
1485991997496250379
478290267
385187235
3539086224
216707150
1519776166105731072
623152993
1265932075
1567542030603091971
1461055693688029185
1387452141938294785
1556285127688429568
1544449621518327808
1027384967389696002
1252947271618048001
1242021166426009603
1423017507229741065
1468751267392598016
1584635777287430146
48861897
54357257
1372764566145265667
1455553422313365506
1547293084127563776
519153283
1303604289680609281
1596924291374645249
1276980132352331779
851730303253172225
1027230854
3276588319
1606794134450323456
1588601087807967237
1282032986712678401
1185554130552705024
1473017966069522442
288499613
813143355668463616
1611140194039910400
1348092392155480065
1587280003573637121
1608570382872625155
1582790654278746116
1498473187587338240
1599109761156673537
1603250705141182465
1395426480
1009588379640528897
1534686769760899073
1312883718881775616
736742823903518720
4248868933
1599322070986416129
1587677344826904577
1473857754934689804
1452689932485550088
1606418785505644545
1560412601397514242
1366941140939927555
1203770998841057282
1528543263023673344
888799578769805312
1359712586003062784
357861727
1264384273873846273
1523134679381123073
1384947715050811394
858411727532081152
1519911268919951361
1384924549981028354
1367338050045571073
1546069839902801920
715645157689978883
1585679694715920390
1562052636714614784
2557539127
1601929172007395330
1590907935420563457
1483647523315019776
1498030221609652232
1586868864402481152
1478196160804229123
572518497
1524537902830538754
1451381211834761216
1110309655186681862
992191188881960960
1068683987110019072
1501364396903309312
1399274161944530946
265481588
1476666496449490946
1539047173626777600
1205747804557234176
5800652
1077944405925990401
1525888679683796998
1538902786313797634
1518684301931520003
1274462945758642176
1592387830944145408
1542610098333286401
1228022757495115776
752346903266942977
23949782
1335255177696260098
298321983
1497653513983246341
29781112
1598510696978960384
1556988057408180224
1379054809748242433
1467563230084087810
15379902
2530891622
1468090201335484421
1091383796618784768
1588037352475299840
1551611092584976385
1344011285713702912
133219202
1403621587581014025
1237050347069345793
1383105390573850624
1419804130210582563
1239801298674806784
297525549
2339925624
1605324781208879105
1164353630604091392
1568683159008444423
1587822561500471299
1068456438781988864
1199182943941361665
514546287
1566947112721747968
880672324885860352
1600293703578427393
1308591057316114432
1565206858909921280
1556334212269105154
1603439586302107648
1589954281247055874
717438691
1554509381852663811
1036559305053360129
755208115113627648
731968173277208577
1518798829054619649
1524378239740829698
742947121008119808
1474853676737048581
2197021621
1605500347044499456
1221977239501332480
1591605115106074624
3299123444
1345157052650450950
1593743596200550402
1340392885955522564
1559202155311075333
1367178031937249285
1163136823150940160
1447581608748322817
868468015788158979
1603596879710806017
1562842023832752128
1136998487730638848
326498758
1147010804350218240
1359428866390052865
1577282631837908993
357732462
1476753252951605248
1595075960558215169
1427261017692721155
1589591757154656264
1175671592464130048
1293812804936298496
1375531596581855248
100683936
2442170611
1494040114045104130
1589366599332634625
1525476955621101571
1558484898179981314
384947270
873051724604334080
1572994841285459970
1488443616528048131
1526888729817894919
1596593262080532484
1598344660048613383
520765078
1599578791809937408
1318807878573150210
1365807589276200960
1518543826398318598
1442487726696108040
2463933462
1016093829324144641
1586889121426980866
1603684679483269121
935775282576941056
1297818858196291585
1520455326574813186
1068979155092463616
1384288728747679744
1590768424652836870
3429305308
2832521425
1595654210384957442
1580590700659343362
1570872665518243840
1363181705532747779
1056683992320172032
1595519197861273613
843965625177399296
1515799940215320577
776042649958637568
1511790037498740739
930800298947481601
854746255431315456
1296188157487132674
1331656520568868868
741057139687362564
792949546812788737
715979593090359296
1320583118190006272
418101491
15328881
1280950216884191233
1598354780530802689
987349034850451457
1468128292029014021
1292129316709564416
1334487572895162370
809428361957277696
1519191556153954305
1366627125265125378
1586856061805465600
1446739069157797892
1498324056558477314
1597672059714342912
1562202595287896065
1463215776580706305
1437986985537380354
1378170162583629828
1535927777278447616
1008550037838880768
1086458933890314241
1443577881314037773
1498753412896337930
1557378141659795464
712324202078973953
762288601
1487138969192222732
1338656378303508482
1402438137427611649
1201867968478621696
1589608846804373513
1455982851133001732
1457510723920277508
1446551424100409344
1468355270082699265
1432192298960490500
351638243
1358491887510896648
1084320483896643584
3348142606
1584925978492604418
78298247
1270885605736677376
2903082923
1600305663258804225
1524995045438414857
381762100
1567726194338004995
764244624361652224
1597438040720506883
1366640936499826690
1542534126598852610
1590121758568452097
915785112968728576
1385062902311309312
1461264494013952002
1260094578629246976
1599847740313313281
1576801437903888386
1241824046641283072
1021187426104979456
846044179268583424
733550702547460096
1241924496530915328
1272030510831845376
1532769110756827136
1314737446446403590
3109002243
36099960
1280736151087624193
1490310653726244864
1551292566032769028
1571175227962302465
1522271888684236800
1453911175591350272
1318748169551847426
338980364
1429361989755756553
971570178638180352
784247858467737601
1568148595861250055
1349105819728674816
2755664301
582399581
1548243461689618433
1108772107477909507
1137228382134034432
1598293812182392835
1558108024233152512
1586038313978368000
241165471
1162208079921856515
180494712
2162023106
902020346995326977
1599905981533769728
213058411
1508863113013211138
24118518
979822308121595906
1273604079089057792
915027781
1569323173514035203
2993050377
958113853216145409
1334988074883813379
1400846574759071746
1595500307374829568
1146333828941672448
1371856065718071296
1481832017243344900
1589393291627446272
1454741996979949576
3716202015
17778734
1217994889356406784
1543826882994511872
1453821155689836548
1562896502787256323
1591826287424856064
1337151218880311298
1560062531989032960
22659569
1582816247053328384
1216326132724895744
1430637075821387778
1380499348459548672
1594015404011229185
1527459341179277326
1519123237069893636
1325805135046586368
150562768
1556059004928917504
1329689153102082048
1433512215248875526
1550446595941883904
1176306395941146624
489596360
22232963
1303774644424577025
1308039285371736066
1040545496
741405575691407360
1361767691909005315
1276899730547781637
1487529286491951116
1545998948040486915
920035475037048838
1449107742535426056
1390404021681283081
1125522981109796864
796335225991262208
1039948246477619201
879849170898743297
775910898
1507062490944921603
4664176953
1590040437934665728
1283225777165737987
1119767597107408896
779892791652577280
943911574955220997
1487758870260944896
1369965362
459874302
1372134799947743238
1102969947901345794
2521657724
3259448376
1356486669713645568
1150598972454723584
1440844072147582976
1548443285999366144
1213317587150356481
1586812966435184640
1401557779031199749
1574492867866902599
1281931206
1002195874125139968
1540040957902585858
1462876081522982914
1423956915395117063
1590572909810032640
927657935748190208
618448961
1592336286
1470280176
1376831248744775680
1901239178
1475575699247407115
1400139953166823438
1569251638799368197
1503316507148926978
1434720042193760256
1559213391364984832
1531638941216292864
1327810089751773184
1240683697206165507
1297754723014119424
1064364342
1509581842503987201
253548295
1429561200858345472
2656370401
1151159622528589824
1007041778086809602
1247991200143093760
1328270620447158276
1544589517704896512
1520096957762613257
1334336944965361665
979857262037602304
1542758807750705153
1289775557954007041
125025318
529332061
1326567890334724098
3268961546
1516575921368666119
1349483721695571969
3747255497
1601035034898702336
85594669
1584467721034555392
1366699216848842755
1158408008524849152
1545364501960265728
1570581049846939651
175839730
1591881500076740608
1431809630926032900
788948835796152320
1437121050207207431
2309068454
1161298693523419138
1480966915287928845
1542990773741752320
1590920329228341249
774908042747912192
1540125095942930432
580605970
149747910
1591898142936510464
1379468985318653954
1497661145796259840
1224557586034413568
1287579556853903360
1456317270477660167
4265963176
1254830039612493824
1118642105268699136
1539260881715986432
1296722778863919104
1559757875559514113
2187505229
1004881121446772736
1590327110404829184
825527890557157376
1339677466915385345
40553427
994286220
1268592791476715520
1370909213711425536
1022545380872003584
1580919479499997184
49322085
776384191739072512
1487718228155518976
3011845538
1179233225446694912
1599455484485959680
41184261
804134806015442944
1418328037037428744
1426992359418572800
1455167827
1241773743896006656
1594826437206212609
235019138
1430573288003092486
1601450641469030401
1451638439145844750
989310048
1481328545175687170
1500633213043200002
1080550508086153216
15397218
1474059277731958784
1589138781222842368
1006175230715457536
1042509260381450241
1491703907764035588
1509769050284511239
263770719
1408794498990280707
1113542037834485761
1561419246109728768
1275262147220639754
1051118537421574146
1352428283644637184
2445979724
1261257555579461633
3167321951
1570183713526525954
1236306888922468357
1427626750515847181
1299796639884996608
1302316728903294976
1426602151946510336
1599822995278774277
2922216449
1523386025833345024
1579968001176178689
1539732586028601344
1002793473647501312
1246194854939570176
1589595906877583361
1141195899537973248
4498776677
1127323200071794689
1367461905728733184
1478115811197919238
1520699948941119488
1340695556457439234
1214323645809614848
1600255537295286272
709366925609066496
1218687933391298560
1640555772
1239009962388586500
1212091816675164162
1455813197265608704
1035943280976916480
1509705246636793860
269012308
1483232519629811719
1442955304233226240
281987685
1366781519667359746
80298484
1562883772969758721
1267307345891045377
944798341086568448
1275981251623612416
2613737995
2344358742
1568015764879196161
70654293
1539992773646061575
1377418325848907779
1335254696743874561
1512462995418501121
752554537391624192
1577384131952054283
1499679327616528384
1402480107760066560
3206256441
1428348696509440000
4867673157
1030069252189868038
1181538165783433216
1594165297363259393
1189926838660808704
1598649909305032706
909516494924476417
1293681021800419328
907217739152072705
922233583019859968
1116070490655875072
102024184
1176614567188684802
1322060763243122689
1594152764992634883
1298781706527350785
895095916301918208
1162531268711596032
1547642541184409601
973122455945469952
918355725189091328
801640064316911616
1368374301594947587
3418176772
1088234778
1468403367877935105
871509082389311488
1188927517844860928
1597858607374139392
1600182428739387392
829189142
105369170
1550096241685561345
1276028295344123904
1447026385948590083
2865059762
1511301689571262465
718931553401835520
1116103782079840257
1523626148806152192
841047466766143488
921802088186896385
1594031620876640257
1313108174614994944
19096158
1601062664775819265
1602015879893602305
1878174157
29365932
1141379768799178754
1366938031979171843
1560719506758148096
1586198108668583936
1273639475340554240
1231640413309505536
1231697905557426176
1364330673692147713
745976628711297028
1390999629181902854
917050901713604609
1411784067230715907
1391030600803422212
1601325690451795968
1490751353429368837
1587881734733025283
1381083480658898949
1586018271718940672
1559810841641353216
1443933597350694914
1254876112376610816
942512502247755777
1547626455256862734
1171894268207583232
1273024354574569472
259988570
1417922060555333633
923811120632291328
1338292174920806403
1248799343525560320
3295372865
2779429148
1272975485656543236
2844835651
1389007511546630145
1228559250
1328797819059093504
862493306382626818
1065324188632780800
1393596437649297409
1095561321935003650
1250076196207054848
1355972387863482368
868199735517171713
1467554408
55907419
1399616480312954885
748608249910419457
18387024
1247567354600534018
4726655307
1408829386250465283
1333882039884537859
1258123426641911808
1383008865457963009
1299384947950710785
3064175591
226194552
1112003189895806976
1132650434
49524978
1369782479406632970
1269984158060810242
1422720895550885894
1360045704517980161
143210032
15720506
1270752608005664777
1294583095472029697
2724460128
1400807306988769280
1314774948670472193
22073831
184242083
883423163643826180
21480702
1416526569552498691
1175943904056815616
1397399715667484681
16197780
2409547682
2779194252
1419081931543781380
1017258354660392961
938846034217848834
1154193511685730304
1323359947548229636
1374785829529382915
1620865148
1201151984600002562
60067759
1384975323255746565
1403130775919284226
9287122
1260318732
1158767575427420160
1403159568373460994
29889141
95509800
787812024751304704
509516278
12693082
309291806
18883709
1234698119536877571
1347348781940039680
1409450048379932672
1022153207756218368
1115309130661748737
1403373789627486209
1216653878743195648
800377794135932928
1371254293391609870
1377422890086240259
4012520772
27219921
1259789766280839175
1249427650780606465
1654107158
991005135768817664
1310982219951992833
1186713639551680513
1109891841552347136
1050584866096472064
76768436
912958440
792923377862336512
4823488977
1272443484859961344
1147816998455468033
1373829042579898369
1258907495554260994
490910557
1364212734275899395
1373884857038802947
1070176264135135232
861658361623793668
1034720775398457344
757002119723429888
40523124
307596044
781693496575000576
1212620930997817345
1370210144911564805
928596038625009666
1277761973933899776
881634191586316288
1332542871912771585
913524827402760193
1286360238568828928
2172170594
1173592300733308928
1169111391623495680
1381073777950265349
2761034904
2916866742
126052503
64016328
1327386250874073088
1297646285328195584
1150403003331043329
1174873012073652226
1137045247928803328
1270216657361932288
983645327105445888
2897227408
1256360163499442183
1406529405422292996
1244639193634136064
1278793671480012800
356324543
4921358938
412801070
1047303266437148672
721943053557112832
861734399552782336
1058807868
2598112879
1322718925818368000
1227848309303382018
1384573738264383491
1732267560
1274315512663683073
1330018864738963457
1130437706163597313
857114948564111360
796509706114174976
2148528456
260574794
1308715578740350976
3270062166
887790940404035584
1385204628367708161
1402494771600429058
1001836699775918080
51434703
1394703011038081032
1063583569270976513
872579755442397189
1351330260051251200
1297818895919783937
1282131253643354118
1347079371157344257
1157214413889429504
1398481667350798338
1058417703805960193
1284005128941510663
1403121991486521353
1920919652
1220059444219912192
1344964966114328576
898823614169890816
2392841670
41167751
1345774002531274752
52136164
1245706416809263104
1354845327937986565
1400042479358025728
1353508659612016640
1400894312645238786
3043865081
1395706547519504385
1320154924441763840
1126638481067823105
1191757890786336775
1306998200239349761
1390786407376039939
1052338271269863424
2310778566
411032824
1895396582
1355682829527560193
1148009146236772352
1321901841286909952
1092390559761739777
1319307316311674880
1362449216035987460
709410110854934529
84648937
3951733847
1169198021470498816
827043679063773184
191005489
1292935510420271106
1517692206
1387475619932512257
2206346058
22460507
1335027673433853961
1159450910654906369
123782337
1137056992483106816
1390753050235744261
931604959195475968
1239302704230531072
3197643157
1357717304931479552
1395434524872478726
1348389963562442753
834709706
926325044
1386347018474311681
472681637
1004516712174276610
1143325122155229184
3350699860
1365604838961209344
1306168065030123520
3133497048
2800223495
1301878329390268418
2855519733
216771565
3630762512
248190001
929344426173874176
1388054537764810753
992297965514510336
1268392070
1269070330213142529
198256601
1379095924878807043
1204868621505302528
975455585637412865
761083278887571456
1072586644769959937
1197007603785592832
1313649075988819968
1348756976625471490
1359945842346590208
1145184070432935936
1199502089136803842
882646025265131520
470451386
4093783336
603394749
2485892840
1249777541788950529
1325520067187052548
1242915559420956674
787803586143092737
830107711
773734047646351360
1272366152950468608
1037173261816279040
358545917
992391806632546310
2458296534
1355200030379040772
1361886052462526464
2405050219
259022103
1213279159260073984
1299104383272189954
1237520776322056194
1008085185135456256
1077394736581881857
1385645123250364419
15692694
576754047
1272217400558182401
182669839
2873955731
1371318626544979968
1205227023016308746
2949480129
1377734297658880000
1547344273
1255793272720670722
1098213669392039936
416752294
4910606259
870465909827149824
378386602
1098580607636914177
2495650828
929638937466933249
43099682
64847334
893213778
1076815357
208290224
1252926094510039043
935988067734839302
3873632014
847598802982666240
3525126856
1048088604252098560
493815677
1368052639645114377
1062395654696128513
1328473059112722437
1269445266316247040
1335237183234519040
1393123395525558274
1268987105792815104
983383191108116481
1374047158656249858
91092713
1302321548632698882
1150126064359727104
1015658243882913793
882952885830594561
1183208741711298560
1370909357177667584
1320957340502257664
767021088215822337
1382846934365433856
1306981912431529989
945483068281839617
570847975
1364671983498244096
761969761681043456
1738993470
22891917
1138912220736307205
1390726791946547200
738039416644612097
1388834496552841218
1062050278285996034
347904754
2410102408
2593829413
1385303390146764802
1273819568020979712
1392249386164441094
1068034600839065600
1272653386119348225
1102248519891603456
1283179069501317123
76301813
1034895280594972672
1393208316218728449
1263972706187382789
1383090456330850305
1126759967501852674
1307456332841144322
374773045
1392553365448675328
1387128029600784389
1265073288491008000
1393477894312271872
929540547882176514
1249826886882033667
1359863970153267202
1364478106023514113
1254426452868632581
991387896992227328
1165823842448592896
1374039589472583680
1323099276222832640
1340097205022154752
2984211756
781745324
1380262453003567107
1254376457544974336
23557606
1331235108515438602
1274888522369953792
1340799906697637890
106836465
1337572497886101506
1290464484
1385106074437492742
3250095702
1350491542755155968
712289290844241920
434624489
1330548621977194503
1261209916624318464
1152127321
23518658
1288119830319493120
1314350936614084608
1348241565009907716
808888969333248000
1243158986079326211
583875048
1017490710403133440
1261404563225141249
156120458
1362868257368150017
1217559748557647872
1170128909532377088
1255805287396708352
1084806607186419712
1188488405153452032
1218731471525044224
520332581
1378341348336676864
565018290
1217931945021247491
835312103510650882
1049506130223882240
169254510
1325117838424748036
1289723311279296513
1222652383148347392
1197282072102092807
1264199016088317953
1385461673641664519
2716815297
1280328834525458432
2835964669
813433276450951168
1375087386745581575
11768272
295218901
1296557606434029568
1384638523622391809
1336304131208851458
1323691188281610242
257236774
3437565808
2996959115
1261784818003718147
1303749711459999744
763109014456721408
2786998436
2911588628
1388839967384813571
1375588089737908233
1386822550664015873
2328071502
924788570828795905
1303447081462439940
1240844691538673665
1259610091587866629
1235939803482468352
1384528065531940866
74049660
1256619543717445635
1174784536338714624
879036494966665217
1385467429304762377
1221583172401414144
1214643520067125248
2236648082
840556647399456770
2154576445
762462747921518592
4139780059
1380492694749843458
960585029922340865
1382492093076099074
1371183843974217729
1252834998652039168
18883115
1229585967071322114
957153688329555968
22685632
1312463704533811200
1365862710253150210
57045374
2191174884
16251754
1365887463462469632
631233508
1694727612
972685448
1320160297865404416
926047519196319744
1064482233451347971
1285395810851659777
836861785
1275931683569709056
1064297804871303168
1145141450310660097
2534563839
1375915101073649666
3228258497
2764717150
1319378115030880271
1264256390442385410
1382839813624246273
1019658238831149056
274605509
1162066143680618496
1384036946972790786
1212162020214067200
863479880083677184
1302618300606812160
713077245770907649
1261669446667702274
490175417
1322159306796617729
1279280736705576961
1086816814150156288
1366772123641987076
4851343709
1149428566645452802
2471533579
1114822908080283648
1270634687480938496
2206970965
311644207
854387522604060673
1196753972389982208
702603172678864897
3295694106
3958327401
1133869304854863878
792393470782636032
866005696428384256
1359322869709348868
1304127301039390721
14246109
804889678474153984
1021149716464177157
452547961
166444780
1089596748966711296
1279484869714853891
1333245736557928449
1277232162115325954
2455210460
1382633053621612552
1270098155548229632
1216951222558695425
3310041165
2562832774
376817613
1380919762151215105
772478627610931200
485842631
1042366031505879040
1094355847906500609
1376964088547454989
944741158353240069
1372676160610525185
4012983256
1347956391328231430
1076985997454442503
988486007384363008
1202312614442872832
1006936449239994368
1144406927981645824
1346351316575121411
1270763247797444610
1022032223103578112
1347010013475299329
1311742266336333827
141026528
1095735806197710851
564219600
3267456386
1373521707202310148
1307373445659983922
3032812732
1021130041
1309110336663027714
416886116
1350353828223332352
1382376686960963584
3658272136
1331739460174798850
1381658853486567424
2243445975
847300328433172480
2599782771
1138501551297892358
712349056010293248
1369738009990594560
1217566704982724608
1016748708120219649
934471454963486720
445153629
1091523194283085824
1388528060
1381631987358687237
1191383915434520577
333782813
1311739895787016192
1019820244691443712
1367950740099117061
811392874298347520
1233075700439175169
1602355598
2978593685
1364312766476083203
1241479902748119040
982276876814073862
935676302
1367153945655857154
1251343576040177666
2734560689
1053401684
51284810
1313097387825655809
1374902233863749632
1328844231545413633
1152362828218740736
62038271
1334625787505422348
15165978
1250630948095315968
31057200
1368849207931506690
1361428989605261312
1241179716251529221
1368261032066621588
2288460026
1375603792633298947
1358449257481658369
789270766718156800
1000307714944204806
96665935
1268149627431333889
251949631
1082777724802875392
1336009136434270209
1374969804415623168
19621660
1326339016350785537
222483403
1350950056678088709
43199322
1150110984566202370
1339609931830468610
1345534790813024256
1375489305078980611
890419777776340992
1116415526295756803
4801483693
1061001058187653120
1309564834002821121
1328903389170839552
904162843490217984
752869395668631553
1137449814688456704
1067957296771317762
1948945603
619831792
1023032017116651521
3017273928
86800628
930516518588338176
592997534
800009432
1249502708
1296423069632942081
1373447372802514945
129889412
520989328
1325866249360990209
1163340887792836609
1323485053431656452
1358717878292348928
1116096194835386368
1342526795237761025
789640307612594176
775696688489099264
1120934287
1124019363831529473
82376896
2750431530
257978307
2313142795
821138626637664258
33332251
972551389175013376
1365351827642925062
18293603
1349873884615626753
1225106652078018560
1232509570825613312
980935731794403328
16221965
952087880918228992
2923950742
1369626608487837697
931628096356155392
1368766975455924225
1569901033
1242607185726750721
2549065171
1329962495403053056
1329035776080928768
1223930283797422081
1160222700104757249
946213559213555712
2376912186
1317164244786348032
1323271298609516544
1033524805
1363619780268351488
207939445
746175767185399809
1364620896720343042
1048497992976818176
1272175900512137216
1072330419956178944
855632683082203137
1355240689001320449
966087737152626688
1338099651195645952
1141334287683399680
1161018992833781761
954021544308690947
868578294916145152
1341022923746848768
959495225507856387
1133451804249919489
62678623
5913622
1249544197801050112
1313575512397225984
1232566514382966784
821584436256915457
1339636894498484224
1347267534182096905
1552701008
1194425796204478465
4441351288
1351058101026361347
1323679550157500423
1221441944267653120
1900293397
1352636778
1109203012889632768
2258505986
1254811347847729155
1179540593237725184
116804393
1254844047249870848
1111695495041298432
1347698669114564610
1062479595759456256
82123157
1347431595997863937
731858308655632385
25778065
23604264
880850336206004224
1280192917
1336433288697810951
329941260
1554838501
958778807766237184
1189236893902225408
2194957453
1645423074
2881646491
1274211012254863362
41499227
2605440056
1004130571805749248
3372972808
1122611217216888833
1310325811489120257
1253745358770974724
153226434
1054119364956307456
1143055777197907970
706992726
1324865957697904640
71636451
1208435646186098688
1087387634601771016
1340469676225286144
911758211702820866
846164828
723458313124454400
827881398136500229
1096116852063903745
38905961
1337531542114078722
2352629311
4889714145
1272341650963148800
4397104514
251690723
1333453432901017602
1370692561
1342279860274814982
1268032640042414080
1318632856927744003
14977004
1333825323616645124
818159753323048960
1209361844617527298
1249415326279720961
862069150809677825
1113459429826093056
1313209084515151872
1340353734933622789
1171099555473100802
1330525885162721287
1164185015753818112
1102467259
1135512583329460224
1006375616315379712
187680645
1155537780845547521
1334893862737895429
875728143335772160
340643505
1171116330591948801
1201883933278912513
1812055789
203657208
1216698516497555457
821428612993810432
948998816551899138
1123588268170280961
538790648
1269974882495926272
1068210480752328705
45905012
1388469690
283612964
1108918584028221441
65583056
159538381
1160636971129159681
1141380126262910976
183739654
2970721330
473054244
1299098416409174018
499230066
142022349
203969865
1082129071180603394
1054164147019993088
955123711262298112
1017976095013048320
1329589420652191744
1310041605559050240
1105955565182738432
1292583899793690626
4847150713
1229757428767608833
492844168
1261493872879960065
1248061850387914752
834589435077488641
1301549459063451648
1325434719178170368
275153432
1164519822694244352
1224862720836743170
1214638982971166720
1122631452795994113
1156421343480598528
1236820830488756224
810566077457592321
1177590926929268738
1279509011851669504
825349166486388736
1285250456361418752
929861530333712384
2341172915
1141718729497161734
971808555199328256
1051937611978338304
1304531160274538504
758686918099861504
1162246850612645888
46569861
782790976695701506
1328062345256562690
1259147616606203906
1302994568187711488
1024110095045746693
518727376
31700619
967972817789632513
1183542429653188609
1211427668459057152
805424011
625158851
4170117293
784454880576495616
1236772181570355200
890690760005365762
1153301460362366976
2228703812
903770506847027202
488103845
1266549940710408194
1303494058195562497
609469374
711535251835629568
1128915014
1326365900551892992
1151867562449391616
1251632582703357958
3011619327
776535201119887360
852584773419773953
1304274169367011329
1079825183685390336
1323099063433203712
2538670788
1065305375262588930
29458079
749455282854649856
987556138957901824
1256986160137723904
1214693815539380225
959117706258796545
15392486
1048760358188568576
2816670832
2341392654
349169581
1144607736954535938
20545835
1015189197978775554
1240003439989608452
1314204612484829185
892132785657450496
1290635110149169152
1316888648890056707
1312259596594147329
1116846175309578240
2151757494
378974019
1213013327149846529
1324009003605786626
120101162
1168346057354416130
1298630480053637120
1142606576110505989
1345633922
1320931890568794112
1047690136211935232
762407752383594496
3298658119
1247985293917118464
980587178945273856
3060230487
878330492
1074135206758674434
19693432
786552496135077888
801104688028467200
889671622860328960
21936101
26572460
2306765980
1207140544025178112
844953148645105666
1236711458085507078
839337316888031232
4487256253
885010722752737281
827994620311203840
1301658997661921281
1306593394974625801
3066129832
1269802080115384320
335554218
1192011354032312321
1263519632574435329
4881140173
231410514
889964236771917824
33908800
2400912738
842637848
1201518414050803714
527138969
23323939
1218336944335347712
1187795042611552256
922480219767877632
24822993
1031747223569227776
1197200662716702722
3406982132
752700896858017792
1302203461900083201
169179314
848175021851672576
237768562
1265678433859678209
1255651867981307904
908762238768558082
1285757092700270593
1380935034
1022937877045555201
1190352862854823936
267253846
1275999446506057729
930966462402985984
2738798022
1241393720966201344
1316436969203925003
1172761132441858053
1214853743180599297
374822242
921525433
184973503
1064276478077034496
947395109104087041
1294439492653383680
1315936062368296960
386260046
233728867
1208806482604679171
1178831253161697280
1021250755783725056
355932166
301170006
1024846865832062976
1315335524404596737
92688485
888726403079909376
1268250086833680384
880766545651281921
768206625375125504
965693789192032265
262759012
158905401
781029062
1119461916458483712
1024677590177644545
1307036924994088960
17869728
1200449011733450752
1222539520308105223
235853932
67800957
1261809716734427136
1298158205814571008
1053799011906252800
3272475186
539217076
718303168875139072
707692053149458432
805488898226978816
1186884509314109440
69609334
1182509542380363776
1182837528832942080
1244988297350348802
1014892779506470912
1291036290918555648
1240836811636781057
3279548035
1176743606666715136
2810713796
1137761178841755650
4333718067
1126909740439805952
1049938624832143361
3389609517
1051411362
1239639651859783683
1089663922569920513
1096733872153391104
2844499306
1267548993179070464
1308470023367913475
947792397311905792
823293806049165312
3120306118
440388436
2761493147
3386262645
1170963623277137920
943935212236439553
199718332
939647234991325184
824898129631727622
1106107635026165760
1306021479050432512
1099827291646029824
4920757625
1311244757885050880
1274703956229476352
1139297176125956097
1177213504627105794
3293683057
1079466740873072640
1255897161998503939
1048880121975910400
766303557784051712
1161261376846946305
827608066422091777
294004971
1112994116
895988562591719424
1045592041621778432
229196039
836979474470219778
1253666230889635840
189971573
998039456
1268971657990938626
1277982035059998720
728649263614431232
874357850117554182
959488628333383687
1255155517435019264
1235608350861045761
1228444942697144320
1088173458960338945
1923727639
903780158900985856
1244022701620113409
1262041473719119873
1032020365642485760
4672951278
1198809211301322754
363225825
373607914
783748530678542336
1122904904975179777
710845375880499200
900965015947063302
1184195177658933249
1041407932775182338
1239325775259750400
554412821
1250326216290103296
2588104452
1220786901742841856
2181102354
2455049024
854320578450386945
1617581582
1127054383
888820834919383040
701175055192084484
739605765577682944
839998182213984256
560294989
1271489121861562368
1132693945979478017
1270389025749323778
1255822473356083205
1132877498541383681
1229924030741745664
1090912240100880384
1056381052393062400
1209428287413510144
1189535894962872320
1191139682966528000
1081133455386333184
846670897650024448
949580237838344192
390455868
1272317987203284993
1235015896000794624
1179537174913540096
100390670
1236309784556703744
1183074345763180545
949638080306262019
2695624446
1259212016390213634
1073024178528366592
1230990099560771585
1040085744633700352
589338398
1014652279528435713
281696363
956295153169334276
1178819791966101504
1278783569549119488
1306646269914357761
1257462621244207106
1174194711818620929
1245525539546255361
1297665918953193473
29660673
1216798087513104384
798810458312491009
919691098452262912
725477462
1134867527077638144
1208196383947317254
1309101320650059776
1238231237816397825
1242504893816016898
123093861
1226425556293619712
442456291
714455496950808576
702826971567230976
908502415074320386
33236909
1283263556780097536
1241582453409509376
1077847424297664512
1261617968414425094
121532017
154740040
586707638
1303739274592911363
1232457342651916290
1301452937324101637
1287223975265746946
1302774684090617857
1304479860258156545
1304256518108467200
2430199825
1258122874109517824
1135239267272339457
1302640623569326081
1302849105203326982
1132310865087205376
16008148
1293715622833127424
358271239
1300974290742005760
1127373388421509122
27121313
498426278
1301331092377464832
1185775316960268289
1131946667257864192
2991660165
1213498637319172096
1209014199470477312
1296574441703563264
761899464
1133610232230424577
57923402
748327206753959936
1159369761295413249
1140442434708615169
1277398609634267137
2867561009
107142860
728882224263634944
976407655202910208
818876014390603776
309348679
185508695
3214014334
2327433511
23000204
1180870873097490432
2340811716
1296588432651632640
870365851454545920
2244305374
787235398892265473
350425663
1192808549631614977
935877294496854016
355853656
993710146923716608
957438098589265920
2814252499
1345608086
19553409
14852287
1299171215513452544
28133675
1289674123489292290
60189921
1297707149146169349
1265855555341479941
1343849023
4110536189
63625435
1244641651529641985
1278487752573685760
1138229805219028993
782392
4249989674
1198007176280911872
783639912293687296
39847651
30760324
922267018526707712
986647970841026562
544649099
2416650420
1191744532217511937
2470463042
908772477635104773
895699671313555458
1173536680654979073
1259106583784669184
1176302056421937158
3006523373
3305993433
2493576936
271651766
624890761
741416954846674945
788260237
33608041
1274407312648736769
1208198474023526401
1281253642301997058
111273431
1286639866420375553
4858640902
35954825
4667144394
2402265564
3000465970
1281317756722393092
1489268401
1246456824376832000
2459558332
1249145591344418816
1589774467
738073797958500352
1100525378043604992
370254529
1162257604711571459
985577503820410880
27411551
771757868966092800
1247998818580410370
837791554408493058
1241182970154749952
1245000205864329217
971498870772584448
31495921
1283534347153408009
44196397
3932081473
1205328235350908931
169796783
40632471
996762951112675332
844809520823992321
82338457
3719217612
1215518935128215553
1270399837742096385
1237834149265801219
1285705297613533184
856181561112240128
2878795895
847962112307671040
1191733036133552128
940492507783217152
1021846178428846086
117235113
22911677
899982851466289152
1119402342795939840
2188391746
951521535310880774
3741032655
1179678837686329344
895736295703457792
718980556583780352
865958281436680192
799689068703420416
363710590
805813819956166656
1401136226
1266439152494686208
882380500098105344
1162932610328190976
41369976
42704208
915008310071431168
941881891489116161
1019082963349368832
51087109
1600632452
1380896953
985344266
2465845308
1271131060110229506
972284622754197504
1267270383826358278
2688750895
3178018014
823367015830323201
1229835589530177536
1274888528606920704
2384506958
2791988124
910612885407113216
759405173211009024
1078007458809954311
186395658
1089547488837713920
719137604919275521
1062369868685676545
1229114839110488064
1275995302860857344
818501786709397506
1233162046289502209
1113525222815170560
860105234
1150996586572472321
1172247723195666443
2641993872
1146080492946644992
1274474914121220097
66643970
551189370
4650476241
1272447633563496449
43568995
229453183
954942642239885313
1003178144503717890
1254898685147824129
25396654
16199266
271398754
1078839942128623617
414837853
202031866
394952578
830550087025774594
1181448556206419968
926840332192550913
1223541356
1060232166221770752
28921133
18706305
3365083340
28854547
1955466174
230701433
965600773
1258494400130416640
2163733142
1206577084811792384
3004972289
1077313440316825601
1333932115
3428606116
1727668796
957490863252193280
2437048214
855460484044247040
4926640077
1106043369162227713
768874275893760001
1250210163157499909
997117660667129856
605974171
939935680137920515
1237413856265322497
620571475
1225564321729699841
912061156541558784
22703645
1166366182569598976
1204809940575145984
1257942601036189698
4627081402
1431293017
853512708
1115979749426438144
2428046227
29676076
1649363450
1242543242819895296
730932513783189504
1116226112286126081
1248864434220654592
1213186394811617281
1179355377344925696
882151548775792640
1258149995645210629
1144961064989331456
3291335594
704181782921486336
1231683332553007104
739326540
770683980811214848
1208890974811721728
1102665028350558208
731849742259380224
1054092899942420480
1157848416279396352
915647230681534464
4278414525
1207725761530077185
1216561117960511491
1159858741
718600146619990017
1008663977793146880
1238503563275513856
1099127536892690433
1062768054927589377
3049460688
208155240
14386677
1254175319604543490
1196759928557441024
1027048572598902784
1249592172950650880
1186472277573062657
290573431
1252048956
1126941492965253120
1234707616044961792
1047768138237005824
1230629019407675392
1199516637529018370
812086461671481344
791672814017347584
1108567404861407233
704747802715365376
1205305625871294465
2359362728
1139286331690049537
632360159
212867964
1240070196884275201
2633885004
1243195265743552515
1005957909950423040
1018253189160886274
835676407665602560
759081003168112640
1145429843401695233
1245532697423822848
1231367541404160000
1232178094527651840
22848539
2407544636
739595634907488264
443719711
1243470638477697024
2441722992
1110362484408344576
1058909152435683328
1238583859631067139
908094848749719552
930038198180499456
375721095
355553437
1102081583664848896
725475366786072577
868772012642025472
13748992
1194040156128452609
1223711181401051136
120935923
1234174499097960449
1149739423875129344
1136075776510574592
1016389614230126592
3016168015
3761046317
987853981371191296
710837453716905984
771148244432719872
808811401598877696
1150978953487761409
2226203216
818086091601440768
1026610420554059776
1103390359378448385
708719351449268224
1192072823323283465
853886312
2305800024
40153378
986968731086610432
3085515429
713349508134936576
2254293637
1199819892746264582
11622712
711776457463357440
1520218380
2602686098
815187305161965568
1186417902699696128
1200216766531719168
1102226152494637056
78523300
81506104
15212187
1013542100854624256
1000950573825376256
1049417383390003201
1197272199142375425
868545674660372480
1179469835715125248
410318537
1106419223499161600
1156669629823107078
927531930601521152
1174053675603570688
1154987298800324608
948898299641253888
1208307350874009600
1108110937926574080
1219488552901210113
905361701603872768
1219641360539684864
4788193763
901132180721512448
1052240289539207168
319053011
1055024723837489152
795662610708369408
2717847859
17685258
472474233
4006173153
2912932522
894398132590485505
903313767596822528
1017287701010132993
1071213733911977984
1048743055292080128
1096886143881220102
66369181
900541730
898508864
788794717806919682
1178221056416505856
1211821040638103552
1190274171051356160
1168564339378401281
173591677
1038215889533919233
1212757194984181760
1002637374185017344
957061131335385088
1200507064839217153
1119000592255520768
444566242
2563920225
1209936918
232901331
729650336907046912
2448257036
779066234398728192
961504257051521024
828183307665932289
817754153065873408
862046655222349826
770781940341288960
1000463993499156481
15416505
723230655291625472
990043728344748036
3415037892
1694945473
1108472017144201216
931501535267352576
920120467
1191844457055997954
103370341
1008598678523842560
1103944164817854464
1136836018080849920
492445688
1004515933027696640
2999717480
4170889399
1960931
312217523
2331797572
713117115704745984
1031784945344102400
178006397
1115347034398121986
1911303422
1144279250931015680
16989178
1158723563597291520
1174445804985167872
4041824789
1150248494264926208
723603674841382913
1112990088089071616
922096505435164673
1362997825
1073199727
1118290517748527104
818948638890217473
919384988268630016
2788327883
1107155328041259009
1094669396621045762
14573117
1159818172452786178
3018960919
83748727
933349457437102080
1165046567902076931
29097819
2738512419
4298237836
1161681192099274757
1430942660
136410125
1149730399519744002
2193212350
983796552799006723
896731633704947712
1087186330600255488
2376444547
1146837617511673856
1119003168552181760
799071150558957568
1053790260
842511823404335104
783874633749585920
715993776515317764
924478805015531520
1100597038633418752
447200783
969589061764636673
32394815
3437025051
154350597
857501450544590848
1074698860411346945
895975071746973697
705405812
1131818069184135168
46361105
14895030
1102262886607446022
207612822
2196560490
3059814891
1080952451971407872
829904371529846784
1130862229736308738
1009227741307207681
359596690
388646415
857656772881825793
431071870
83932539
37546690
18856867
457984599
835627637049450497
273542042
822058488046174208
844434316943904768
