1708525836846993409
1680422674823016450
1707848440816754688
1055888123652177922
1669169615111589889
1114882649456304129
1526643880778780672
1669145802563022848
899184012
1697073561884565504
1561035463326109697
1462507976376340482
1366234514054393856
1415423369349054464
1704929982735142912
1266264362295025665
1686628580401537024
1588411140664692736
3305266633
1595710536850751490
21775637
1702439399667974144
1591301284035969024
1586814593397039106
1626745865804316672
1518674593204117505
1702551857166712832
974364220618952706
1351960232050749443
1229436655838388225
546317321
1681617540970082304
1668361780085620740
1698957699566936064
1640033335345905665
1524995045438414857
1493062941519888393
1690470501196369920
1627048423437524992
1645361982973919233
1587286623057739776
1646489301352603648
1693258738319396864
1423407608627617913
1668217888350654467
1350658792309059587
1622419299783565321
1234125015857160192
1655982513146167307
1345609012356767744
1678471343484878848
1582790654278746116
1687888116827176961
1059990698500481024
1670224059399827456
1679693044948271104
1679471881424973824
1673104286383783939
1665605966044229634
1667684519544074243
1655353145202188288
1592057205548847106
1666491371274764288
1398020061202464770
1659649778269954053
1475929502295416837
1171196721621340160
1457510723920277508
739013222569807872
971570178638180352
1450211000972681217
1509263515407822859
1592387830944145408
1222652383148347392
1265135779908640770
1519098738366681088
1641263348841869313
789984025939054592
1529189997261139968
1228128534805135361
1479604215962124294
1603128752010952704
1636011810988998659
1217259688582139904
1470249422625951744
1518543826398318598
1058683352922886144
1540013847347662848
1398258413843496962
281696363
1382968204130185216
1626848987390308352
1251392168524165122
843544545593835525
3072081824
1079123797570134016
1083577326758178816
1429889817391747090
1492536177618006017
1388269649901535234
3369664377
1201768249240834048
4875098697
250542674
1118337599486267393
1597639190107373573
809405002959687681
1143899645682302977
1584976546388918274
148635844
1251260294799806465
1375194262896316424
1174816521320722432
2340009418
1365791228
943014277534720000
2910249168
1562202595287896065
1617867100868984832
1626104205390798850
2731430014
1605807995904221184
1065077491965005824
1334922235887427584
1367413988603084803
1266599811496714240
1518730779785838598
1611939436186697728
24963252
2844275529
916440300008165376
1613461054431920128
2370533193
1474947254544916480
944798341086568448
798215937044398080
1276533565719797763
1544075456126877696
1489644630157189120
1452451711117840390
1171607198428028928
1195745490
2853320603
2463992634
1392944203034812418
1595651287005241344
1588573049414189057
799329066436481028
1541974585830170625
1603123036684779530
1597835780784885762
1313428241424756737
1377365769105899520
995556907128578048
1061696934812008448
1486192643746979843
1373805701282291714
1507062490944921603
3018742509
1519720992628740096
1518767109295292419
1586814048557047808
1831397149
1610849409759350785
1592262243755900929
3079976824
1610002587276935168
1606360263493566464
1474084952497033218
1235525206233366530
1614674544589000707
1395083644688031747
1545223970806431744
978265308183003137
538593189
1611846467605381123
1090483065548427264
1583420031966367745
1610637603769913347
1546699168667734016
3818160197
1273130933923860481
3951573208
1599859010572017665
1503828512415059968
1076557484440150016
1583577830335696914
1434211525376479242
970816739763204097
1540447587744071680
1598432177884172288
1121240178742448128
1556074972719841280
2902068421
1586846768821477376
3350463526
1407569981555023878
224004794
1600111896665141248
1177585777733230592
1527333339790598160
1010042747502448640
1538167665042276353
446282869
1561849145576636416
398390279
1602760093854040064
2958295760
1066523360685899776
1586832609820147713
864338997534904320
1069745394723315713
1451229528513261576
1308083835507290114
1460098087901405185
1542673474623361024
1580372885859860480
1544445713114963969
1586825999924207618
1212448950118076421
1242738335585579008
250945227
1497299866170626051
1441644920419221506
1451269385591660551
1292555805833728006
1285965459142184960
1369011392339185665
1589389603273904129
1519507789873303557
848602042113413120
1471875255186739200
1590886117007626240
36583086
892322393720487936
2898900745
1599025241581359106
1028382034895544321
828176656380604416
1587102104363188227
1499263950504005636
1275787420534005763
717483056156704769
1551611092584976385
1598393201404035077
1554441256490745859
1595984435891027969
895720339338141696
1356092476474466306
1585728252198653952
1594882765220065280
870453535653076992
745286833198759936
1574972893406052352
1587461511290753028
1461146846827581443
1393492122217615360
1528543263023673344
1058417703805960193
1375230260548100100
259367740
356539197
1587643432293507075
17809849
1488924661446553601
1481860016323846153
2651511410
1409731902093803522
1447170662062190593
1586078874332528640
880148326557126657
1589437146506489863
1587129436520022021
1209771747429535751
1055721186
1507668227786162180
1568847198925766657
1548566832877117441
1241479902748119040
946885790
1378063395824533509
1404431096524066820
1590957645107953664
1506151722468716549
1541745873822318592
1353508659612016640
1346905483815301122
1080897437496164352
1098857832626225152
1448140039481794566
1185775316960268289
1316444013499543554
913023465732689920
1397266105765449741
1566181460519706625
1323092293742743552
1526568451044777998
765325355720773632
1587171089129607168
1388019750706552832
767246206510653440
1381426713868038144
1515076857758113802
1586934210694086661
1340507819041116160
2215879679
1587227690032975873
878330492
1581875065829953536
2232133284
1366593297708429318
1732267560
1411073460072239109
19729919
1361766068025458692
1321176243006513154
1587419269029335040
1588213933650870276
1188893517097164800
1414807675628621827
1167290288424906753
4367813116
1586830893125025793
1388131546662543363
1366421354711375872
1122611217216888833
1403436686802100224
801261518939623424
703812124246544385
1267910873202528260
715645157689978883
1567489979147763718
1385387445114519553
1921716092
1080395198515929093
817156479044161536
1544944165544394754
442398127
1397786297733951488
1585704330946088972
