1586151362626207745
1604115795440705536
1666004344955863040
903228570536996865
1692610360811933696
1559213391364984832
1586088464327606273
1041042565267697666
1589344637646315520
41160276
1701847038210478080
1704306715477565440
1693089652469587968
1612063972823269376
1630328826214350848
1697673779932024832
454128206
1693262614862725120
1696527928631414784
1687083408017571840
1147200661819396097
1601800124
36466096
1590254363288690690
897675682645463040
1566567211912790017
1651085790657540097
1008141607282118656
1518906825432780801
1651574122244079616
1365393266523267073
1692774841789612032
1387219918597328897
991330362
1570693541092855808
1585734428675932160
1564435947629969408
16948493
829983267424174081
1671493745760432133
754718787237281792
1594148005522849794
827311837842649088
54716387
1336448563140685825
1615842429709565953
1535281767183163394
880018682
1618378156167020545
1518713717948518401
350822109
1519704364050432000
1397193602330251265
1448339899812237314
1628016217674989570
1646489301352603648
826065164504006657
1336733113322496000
1396708174644776960
1573074338542133250
1214659202402148352
226194552
1677406494755786752
1146509923683131398
799700431
4810512147
1297822219679170560
1648445228376891392
1598793165162651662
1657071482760224769
1642950550194106369
1543657336807608321
1592827935584440320
1026098150438838273
1457007269690945542
1655210382095523840
1612173920446152705
1669713486362935296
1670936242442358786
3486419713
1267257106652172289
1229019629688934409
52352820
1590235783902138368
26799530
1588700550555521024
1654272091984674816
1058708666
2704421318
768604050791301120
1299787733548834822
1568540318684905475
1661883143928926208
1542610098333286401
1475108118879248398
1054669807537156096
27000730
1654690369148272646
1640871705781600256
1344766925117808640
929330286609002501
1435340411078430720
1653756742042353665
1644933980108513280
1649881369172910080
1475847998928310276
1462876081522982914
1102987848741998592
1660350413910994945
1078460701176463361
1605826220620406785
1659004831808253954
1343935155354947584
1329943573937016832
1586791747916554243
1658964000649134081
1657079695131697162
1657503982971912192
22703645
1635337844196515840
1597780375102803968
1638707182731509760
183767243
1284660946229747714
1058807868
1605204436967690241
1248273200406028290
1585679694715920390
19670226
24506246
19489239
432557320
1648676329288548352
59001488
1529210995473883136
320370596
1585980846825426944
1188835096570335238
1578120125064126464
567861291
3368579713
3670834282
1631146321045225473
1524226014271913984
1602144187121602561
1603801883499544582
1648482732815667200
1424779112997171201
1587612300319637505
1632381203159425024
1565705835145216001
737950316545642497
1621448529817239553
773257824625393664
1293039197226442758
1589083577504890882
1496572115297968133
1508573794436222978
1483038381693091841
1642829363279441920
1301306733344759810
1597563974731571200
1509115998913376261
1640177858294185984
1380284383500722179
38592610
1543535465323810817
1631906752039100417
1158796001844633601
2463171746
822299610018365440
113137765
3214466631
1641133854822891522
1366866424870940674
1591993016713203714
1274692457913962497
1248474590625456129
970884857126506496
1518684699270463488
1636432597499740160
1496780124838051840
1544070411239006208
1594383011654471681
1603225492127088642
1587646585860677632
856917294093447168
1593715048886706176
1597353125593157632
1385096582178168833
402290737
1359923836356018176
1552795969959636992
1635566076141637632
1589387713391824897
1633580604926115843
2432310906
1632557980502618118
599817378
17995040
592730371
95092020
292929271
2487508576
1591760265158094849
715979593090359296
27522964
1226167963
1265305765885206529
1626660583725490191
14772775
1544408838308171776
1620203520799506432
956543009658671104
1621379144754905089
1481645221540610064
34743251
33665720
1015295486612291585
1585890738872750082
1590128048359235584
526000287
1525968391995019268
1519490388612030464
1520094067295764481
1629234523685769218
1153042794375712770
1069720356552916996
1595081008964988928
1204868621505302528
1511180939409375234
17905026
1112724144427139072
1397660010398683138
1589378811925127168
1610391300968251394
1608273003560964098
16460916
520016930
856162158845059073
31269003
859409582426251269
2670726740
1490704944827039746
24127811
965451112395415552
1294461531887894529
1587278902912753664
1482224907702632449
1399539642639265795
1499141897314521095
1430990839111684106
1931893196
1509342101330300931
762903092983541761
374176409
1554326841007214593
1261270683285204994
43906698
1593724425228222464
1500129642
1588955848990130177
1164013610303016961
1387489102799376388
753195112176480256
1578151613893693440
1589561596283600896
80233893
1546378950506594304
1592494595518173188
1589381549937639424
1591520040825806850
1589539650997215234
873051724604334080
1589387125975183363
1591181334541737985
1342174584594960384
1491086586720645122
1590161793862737921
1528614707938177024
1586888866291929088
1368467528528191488
1586029736504852480
1432126661210873858
1586929722889588736
1590327110404829184
44196397
