1556494017210228737
1668225153124429824
1706285891314929664
1213510587109396486
1687529448885702656
1549720467187019776
1607483076086472707
1679221556302446593
1696587732460662784
1630722118022463489
1595997766647521280
1700769153509150721
700863158
1598388201353146371
1690343119060144128
1655843893978574848
1568977597115301888
1686220644835549184
1579006147503136768
1611148214534537218
389828496
1610876978239864833
1506112193061867524
1638120214448709632
1136426434807734273
1687884390141980672
1697861239458713600
1112009230742110209
1171963197601046529
1592117831147061249
1608011146245832708
1687308681761943555
1519102175707869188
1594195835071373312
1587245901441114112
1596176338817163264
1500658835232546818
1687909398583431168
1666349413848035328
1485858118508683267
1599176240606298112
1604334092044189696
1662598216695832578
1363222541356175370
2870295470
446467136
2363885095
1492900300352540682
1679145342720172033
1691033213639299072
1467499844570808323
1688010345460256768
1636385621202849795
1679189418827972620
1094755914958159873
746831792221601792
1690043870745403392
1687687260962189314
1574660646024581120
1690452375373529088
1586018271718940672
1578127149822869528
1689508240474722304
1366232146533371905
16386712
1512573526032662532
1640033335345905665
1664848299306696704
1531344949786169345
1552715587607859200
1685720497630085122
1655405027077541888
1614225950132305920
1625364492140912643
1687821482716717057
919980301136355329
1687758112441450496
1455444995956264961
1680609901234515968
23189542
1647913484951212032
1164216940421738496
865597484940181504
808771805636923392
1683901131246665743
1681569468676288513
1514728997531406338
1487528247982055425
1675661561753477120
1685114973507428352
1449096769279827977
1509653018404343810
1585469056257208320
2727126313
3116102101
1682361355704365060
3269786628
1609654149259345926
1682017524458868738
1557271281925603328
1681312836080013315
1519061167502774273
1490151882035245060
1665291837882474498
1561398241144479751
1451324458782715921
1680369347607314432
1623882989896859649
1665334226734964736
1429200674806456327
1679163951618162689
1452791879242637314
1912308060
1586850679091404800
1481838873344946178
1549168497359572992
1675977512533340160
844755859846553605
1643055401053609988
1594826437206212609
1288866763
1638432718080860160
1674781325205864448
1621758225002659840
1446622011925536768
195041052
1618697727507832841
1591925424011071498
1508802319084883978
1507289268972134404
1406299748869545992
1660528758464598017
406520551
30821285
1567124080561643531
1527697259764543488
1673245118214594561
1586519887295414273
1651755727503933440
1668143748231106562
18760296
1515762745035018244
1569021514808459264
1552215057593139200
2741830865
1518718458556522496
1577861844139753474
1431059101564407808
2443180342
571246017
1597449639002886144
2321844485
1178390179528298496
1590097749147541510
1595295768172191744
434573147
1085244349124919302
1360222234204323840
1626762954325757953
1650664041507954689
1467680270631550980
1651756204891291651
1272467229121089537
1600533054702895106
1472500124639281153
1308992995203657728
1211892260297535488
1446584777411342339
1636428823951491076
1657422991964160000
1604599983893774337
1585924983922229251
1659672761302745102
137204211
747681871178375168
1617333639653588992
3141681922
53142418
1401589379508883456
1493040759091523584
1595421418493181954
1042556170710343681
1656699076170207232
1494078163592355953
13497312
1665182761068421120
1413705704930779141
1872127410
1586126223188496385
1603882723348619265
928974963289108480
1518728691802640384
1567976246713147393
1522947553184165888
1518399959636185088
1432954837042405381
1609908475810684930
1611190577177178112
1587616575019958272
1660162545284464641
1585845309598359554
1659189241656774656
1585672452306354177
85632009
1654413044452139008
896576058459168768
1461055693688029185
1205304402
1620478026235645952
1650998375326658561
1648589829658034181
1639287956941799425
1587486466833260545
1250254897
500997701
1652190025323298817
1239693644
1588576918533709830
1569440887033237511
1649241620531888128
1650631925277523969
3808099932
1514651199978577922
1597922876782280704
1530749455485509632
1471312889478885379
1591579541306122241
274537655
1490749755248365569
1585521806458249216
1594122544692576262
1621471243898683394
1603777003567476738
1591600230201380865
1607046834048073728
1128028561590370305
1647070640640327680
1647765973645000707
1292282355978309632
959928530141351936
1616608684838199297
1588646288949755904
1646988694908198914
1408898855542968329
1587569333059944449
2397240481
1521488031294840833
123975730
1609926531488399360
1336854958725951490
3164518664
1589653908024004608
1591336827960627202
1469918658675675136
1647769750922043392
1623852039209123841
1457082011349311489
1643558470887567361
721471237298368512
1605799178822553603
1645246663563280385
366877114
1645971713073479687
1391214225083748352
1631005892345999361
1586562328186818564
1337176628796022787
1278099265387200513
1459208388743675909
1326339490718371841
1643658280479096834
1301789901805948932
1499188938900230146
1633667983984984066
1635810379040260097
1634629359716761602
1629528659236200450
1469096706100932611
1601795152128970759
1472315545890533382
1532081734279483395
1327487450332221440
1461775131307610114
1264256390442385410
1448368776383275013
902370775377772549
1628132761
1629065795262201856
1479265483736158211
3328693278
1617873388063854598
1478621693715173381
1442580458227728385
1634025713639596034
1633910741752500225
1585853927009968128
1582844512837197837
1426963593967329280
1618082398360555520
1620477635569524736
961732127028056064
1631532160111853568
1622711411209109523
1627872253072252931
1519379259332173824
1621241060193099782
1620867398533320704
1619882705315074049
1601401737197195265
1619021222104412160
1206448377711468545
4152899565
1600718872562511872
989738974116638721
1608131901134442499
1589526104779341824
1585901695380475904
1606332798100721665
1585674877486473219
1599025241581359106
1387909119730987010
970290224805957632
1617550317847220228
1007376683295543301
1578515582638596096
1603587763248431105
1295017854044078081
1138975605632819201
1242823807
1586062213982330880
1599467997286088710
1602367362568785943
1538577621574832129
1117739930
982099110495862784
717428341821681664
1591195803024072714
1605370004236636162
1342479009012039681
1597578283343699969
2309348234
112920547
1517251246427672576
1585842209571717121
1606110202973270016
1587039643383595009
1461386147926577160
1515397720831365124
1495609817280524295
875205700112097284
266048946
1595807203130314755
1586821222859509760
2424242617
1487980073760272385
1607261333816221697
451035807
806212770014384129
274632531
1591263848841240579
1603285160941731841
42140743
1512246576856633346
1589685420266119168
1578160502651453442
1605677391556272130
736186239846649856
1588145602835238916
1600163895930413058
517013865
1597600523636641795
1502223304496750596
1242982921486688256
1585797095155433472
1540748539449339904
1522682421585530880
1547757975439171587
511329763
1470404355278966785
1466795692450586624
1352452541699776515
1596388313401032704
1586097385658269696
172748442
1367262011315396609
1523385729707126784
1591513450919886850
1595816756647366656
1590130899785764864
1589397441777836032
1594145756432285696
893348197040566272
1468104176102256642
1591582238906499073
1581226856300290048
1589590942033526788
1590527437149978624
1210301370001174528
1589301702255153153
775028963827552256
1589481665700806661
1571239984425832448
1101621399628730370
1456748077658906634
1453458718784475137
1586135364447731713
1451208665059389446
1569804341250502656
1544408838308171776
1560399465223168001
1103100665952432129
1531829490086825984
1316079832535572483
1318311849356558336
1418007633601179648
1324119698011754496
1518984677905813510
1265156059443933185
908094848749719552
237786487
1329052792305168391
1367979062283632640
1362827273695621126
1115335918758453248
1355704222587740160
427024993
1311829743239454721
1297043465834987520
1179923579439374336
1331645174955569153
1324472367905566721
1316420463778828288
1233098835074801664
1114206011274014721
1312889735006826496
1242504893816016898
1324823805005582338
1224455344526635008
1319724602151505920
1275581797246611467
489597191
899015817177645056
1316832159483736065
1310576318791155714
1315344548780937216
1231712639941824512
1263662918207504385
1314185682651414528
1293301681615069184
1172324726074560514
