1457840270955974660
1688466711149002752
1464671397788143623
1679269569838342147
1706720156385169408
1706279319247687680
1706007737346269184
1674786849859194881
1628901707114549253
1699995309508857856
1705120719892291584
1704827588764409856
788912937368903680
1167941595800526848
1582007661289152513
309348679
1674918255159304192
1703953082239905793
846078295
579780672
1699749748884840448
1702184104052056064
1694567304024014848
1687114560418058240
1645054935749517313
1298781706527350785
1565074038958981120
1660878713943207936
1695646791172001792
1668718466142961666
1657528439065198593
1696547833116078080
1695085914836402176
1271600596756250624
1366568967310094337
1662256141445877764
1670244113604542471
1594175294679777283
1661571754337226752
1548448213640036353
1674953968189939713
1686001531886137345
1158096456487768065
1691655470585622528
1723856072
1602367362568785943
1634958576044081160
486333343
1691392180781477888
1400188650458161157
312480764
1333230416493498368
1649819850087251969
1594889763064004608
1689018272564330496
987061406309609472
1420565267126669318
1688100616013303808
1643713188486152194
1686273603552079872
447572888
1649227250712162304
1564677852276080642
1683667409905897472
1115081472912896001
1301828337464160257
1558263481643765760
1646335788618067969
1671535613193994245
1385163203785551876
1518477575609548800
2858002522
1653027286721888257
1463640401424883721
1590789850596315144
1682108491572322304
1202877170529570818
748333052154241025
1471676351438589954
239241169
4547869279
735033121800916992
1579772957047414784
390217629
1675169782381912064
1380270641467785216
1592414488518705153
225558781
1676756056783847426
1595387152791117827
1642805805618454528
1672437989127929856
1678138526657855491
1506208523432116225
1619941442130169856
1573336541342171136
1579158315996684288
894932043397828608
3252295472
1645262289614823425
302035330
1672676944951885826
1652425263664201733
1674885901900558337
1674558157761261570
1614706746429251587
1507420938048274434
2569143476
17854650
1134251480259579904
1369453937972117507
1630609656652480531
1562853177673691136
796137937595494400
1645624601823662080
1267599056202878976
1497265862138482688
1666846674277236736
1587297853877018624
1203735918496141318
221433402
1072425030
1629302298236137472
1520791802948853760
1266614311050530817
1665924865193566209
908330088231428098
1666485052983631878
322252112
78399597
1591200044023152641
904487470993088512
4377032595
1374639792
1673601986078359552
1519071071596867585
1672681487315943427
1586138574465904640
1577417223106433027
314238521
1590768424652836870
1572311677369974785
1130928623626534912
1328831150844940299
1645470150798213131
1531749086679932928
1427330934391537665
1606483399119601664
1605732862325424128
1666943148403183617
3034642649
1668260529851252740
1668001608297246721
1658116824209272839
21698479
1653800110248058884
1022153207756218368
1661857271339425793
1662007242122575878
1317623619317600258
1662188963866525698
64921376
1446979451590307842
8351942
1520383311729856512
1242940552611536902
1146272577737908226
1658630439446224897
1572994841285459970
1481864243464921089
2315908082
1132476294
1098773985553190914
1225460914540941312
1471694854430285824
1602595965625454592
1653488788440600577
1655784731655680001
1409913706478112770
1562271840885952512
1173969276123918336
1087035486273716224
216707150
1528497764648230914
1454651522579632128
1653932767196098561
1442713774310379521
991440888755703809
1583100823348936704
1002476535826255872
942054689725669376
739200969909637120
1406835030
1529134505205936133
1655641325822177281
784096769147867136
1653153541815517185
1512085778800656388
1586814048557047808
1642734995079852037
1263924454947725320
1650713250013536257
1239735884016123906
1268392070
1646456698570170370
1618780916654145536
1635383626886987777
1179832532784865285
81095165
1477329321899474956
1119372446543618049
1540020807883276295
731409577
1519782944075833344
1595566578019569666
1212757194984181760
1332697038161580032
1352259409733427200
1641076091862261762
1624028276967497738
1640073817627271169
1407904632983240709
746289745269952512
1622793517691985920
1630298446870593538
1380232935928913924
1585797095155433472
1269765965484560393
955493023793795072
1488162095434657799
1633111067873230848
1625588287782940672
1551939576
1633737158120075265
1302732763129356288
1464072567065653300
196432702
1567683740884783104
1592866145933074433
1632783135808028687
1624872012765077504
1623418620624748544
1488072493608828929
1630229860714168321
1616910647098220552
1626734223041212418
556031546
922892142388895744
1583168046960902145
1624256676873248769
1619859135415332864
1606366610868113408
1622385303708205056
1578479495803174913
1393108649640271882
1527963925161074688
818238459504709632
1238297731640287237
1594848545810497536
1561969646567411714
1539445572851015680
1586245582573928451
1470134995322822660
1590120470526906368
1535152025251586049
1518665311326810115
1594581036217819140
1439066165582651392
1614849968266788866
1612303517007450112
1594802693322711049
1590406607040663553
1620217094917726208
258906832
1507942858220879874
1606178133664751616
1609427182782418944
1587583211995004929
3017636991
1617236404446142467
1617226869039943685
1615178892976726018
1207807582443917312
1581001030443188224
1480956444790951936
1555868639567527938
1615480404017807360
1609663678084775937
1590254363288690690
1612353172139278338
1211784762945236992
1597639190107373573
1565016957312704516
227125339
1614248986684305410
14818936
1613866038646505472
1401003449312026629
1197184096620961794
937212299697369088
1609985267787513856
1610361626313588740
1609661610489954306
1567276367854567424
1567337811853860864
1574257952952881152
116871463
1599879262420566016
1549477870984015873
1401222639092441095
1367506566
1419764272192647186
1608440257212567552
1063552170891624448
1218731719261593600
1446165517790814210
1592373965783121920
1482856928179101701
1587003741932232704
1140818026385686528
1595875599268003841
970730842002685953
1606728283701256194
1607130486811279364
1156716424045518848
1484289796642062338
1112903409865093121
783222784457527296
1289287872
53131035
887361512603627521
11768272
1531298098340929537
920699694
1558518779025424386
3980700046
1380319668343164931
1345534092562079744
2955381591
1294049464555118593
4183832473
1371250455683112962
1563300795164278785
445007038
1589391171930841088
1468662864353415170
722743304
962763070228615169
1438534902098452480
70611388
1419685471983177736
1586753570061312000
1604824466948857857
3196172121
1362790294068977667
1223305630959562753
1358977669967265796
1325461582135095296
1579655395852812288
304198554
1442950355818528768
3184162446
1579557296069349383
1299402181272104960
25895078
1523792903935610885
887625649430474752
982852065356648448
362680130
1605624723563593728
708710705
1860588367
1389685252075950087
1489405610588352513
1427316676454981634
1516774377114804228
1367246767318724608
1539393961315516420
1536589350552870912
1259690281215164416
247813365
227760128
1598769017581408281
1598403504284082176
1534428149777301504
1543369922671165440
846383726556778498
1274762834191278080
954795596325576704
956496116
1197637682291232777
886348133181120512
1328073189528887297
1018994371738460160
2967544739
390274703
4886680186
1235667137706016770
144365656
61512868
1519771843728654336
1573186593124646913
1520589479014277122
1459143773766758400
832215763847114752
4220606834
634156617
477170951
1563190884681732099
1366509354891964419
1587044024124264448
1573527421361524743
1444443491090804736
1236072496144822273
1427709422424498189
1479347723455270914
857541239079661569
1549135340606300166
823244183305494528
2969665170
1601259687487442946
1586856061805465600
1447689544594165766
2952123618
760761947168006145
883628653447266304
910925248714899456
1460668235393732609
1274072627187863552
1256769858613792769
1604632511107272704
1292185901762830344
1599979013824548864
1230301986802761729
1220867320655966213
1165183252455407616
1602261118432514049
1433512215248875526
1590459110880854017
784550760667283457
1598405996707135488
930637611672133632
901354910670782464
1497349310643589126
1283503563159863296
1594716198712840193
1274989790
1598749358866026498
1454190380816076800
163731271
1569037180009594880
1595497300842921985
1595411707488309248
1596931423239290881
1591513919750696960
1352751414796312578
1566800196998086657
1536913380417617921
3318902369
1595612992875499520
1595158068794429454
1594974535144669184
1446488416561078278
1594090464986402816
1536732517901946880
1437355454116638721
1593599171004698624
1585765870978052096
1448104638511816709
1586113407849308160
1592578868803768322
1592336101598953473
3076342925
1592232072994729984
1590989084964421632
1586001547242209280
1578004763978915840
867405253691494400
1368251411172036620
1590817099735244805
1482113464881455104
1452243989411901453
1589599372685328390
1589486140813451265
1588716006578573313
1586739955149070336
957357878100180992
1416175215755862018
2941410745
1587534731540938756
1587183203030388740
1587179964343779328
1586816829003014154
1586765721278840834
1586754049822662657
1543776302137806848
1586358876462514178
1514569197543563265
1585026905647947776
702486433311956998
1499094382481448960
1572213298720014341
824555204578312192
1560579389137485827
1497182741846183939
1581445416691724290
1499092292153475074
1282133990296752128
1549869393114550272
1433760019082723333
1332313622815629313
50342325
1424687968783159298
1553092009577046016
1552064811600678912
1054100494606630913
2528491525
1302377469769637894
141672471
830610658777522177
1536197410225020928
3404756836
1579365808249208834
1578833351296929798
718679496015028224
1180935283
1465433362957574150
281176293
1576200677096841217
1181234395031707648
1571173193397698562
1013744821205327873
1575260290228404224
1553147671300415488
1574941207746121728
1481401551994470400
1564787998918598656
1343038570039300103
1574386920867745794
1483206284706992128
1561405028073717761
1121541916783460352
1545896443835084800
1223258194698481665
1556334212269105154
1976205366
1422429381876666416
1240795912299044864
1542865117049757697
1478117195645284353
1496680428098494475
1518776228903272448
1015320914542645249
69526314
717882725479407616
3007176465
1021149716464177157
1512573462677757952
796729649086820352
1526633674556456968
1056803161132814337
1207686658587537408
1346931821519327235
2570851702
1565866700494589953
1105515892463620098
702955494172971009
3189583201
999513950017540097
1701248335
1302732046377332744
1297125677259460608
1540688594431627266
1567405204278222849
1226405748831244288
1159845701905309698
1568368228270759936
829222281649983489
1560690974832988160
1209124117775036418
1241350413183582209
1222266880519495681
1518908375320481792
1225569740359372808
1507267684672671750
1500903591493750784
1445826235095863307
1560307070720790531
1537146218882670592
1548429810719895552
1528997464669179904
779075864
1536025036561166336
1531639554200961027
1519502642560524290
1319207295805542400
1492115202329960449
943966354259968000
1483755546310320130
1562988511011405825
1393575524203646977
1507009887577915398
3258970313
1347936553247629312
1223026659621851136
107557250
1166478619532771328
1299914771861581824
1561786815425781761
1055227575763693568
1556998257615814658
984195261722517504
65522612
1541493727587405834
994239594978795520
4789548912
1855165158
1435715286167085056
3399555207
754088275984445440
1104797528749412353
1050584866096472064
1186332289703305216
786614512631713796
2613737995
1438899632172453892
208310403
1268724093676855297
1373335799744368645
1555295878339891201
778030061312237568
757342459907178496
1427626750515847181
1488924872327761920
1315419858817908736
1553938128171302912
1533244291258241024
1158795074416758784
1266053460174213121
1033148935764766720
1532600160030806016
1491818579125227529
1097511897983799296
1023741171569283072
1540622822766219270
1508537312514293763
1288840191323537410
1041425101441327105
852959498268495872
1233526708160126976
1655396540
828849713185034240
1449847050858684416
1544618518850707456
1290508265378504709
1530058211251953665
1558638250658611200
1205565392716017665
1556988610892660739
1533948602590052352
11917342
1551473033612754944
1556799630624563200
1369939043589488641
1556065979255427073
1510620973795479558
1554953783746199560
1128562169694441472
1693310690
1555657784628318210
1555397718192816129
1453188212046929922
788203769762840581
1461124900924452865
432745537
1312404863343566848
1428209229303881728
1399889497144238081
1515337533323980808
1404838882873593865
1373093264442732544
1425092712655622154
1496422524229656577
1535516448
1547911477670993921
1263820067562590209
1296630572362719232
3860704152
1550572934808293376
1516390092084072458
1501330967721562112
1520690811578593282
1552764304834830336
1500129174815608834
808676243096870916
992188494842880000
1877198120
1518851811855134721
1260479683067600896
22210717
1548089549615575041
50165469
1242502423308107776
26868406
355200714
1049593662315880448
1237811852861718528
1092947095344934912
1351563518122856451
1190146133768622080
882151548775792640
465557388
1395280054398066689
1382295296131149824
1532791897693077504
1484986560458207236
3886541000
1518790201128148994
1422018535442767879
8680442
162541015
1504215298102251520
1169043654922702848
1302618300606812160
1501364396903309312
1543346416818479111
1376518062673948674
25940827
1483201066141319171
1444776155823939584
1097697360581455872
1546796624453697537
1548877007722872834
1534250791833423872
2801850794
3578189475
18074818
1497276065701580802
1549475015850090496
1484247752737312768
1495797876856741897
1448438468296773633
1518350102909313024
1501655285114576896
1549034855408848896
3296429228
594146383
1293681021800419328
1548417098744877057
1548665278296457217
1535738807882248192
286839697
1548291850519269379
397258600
1545145375316664320
1229720491205758976
3055033343
1041217237
1508318781973610498
1547724762859745283
1547390617264742401
1425947828086509568
1544693634078978054
1217548337068548106
1418986362448003074
708141646819565568
1527459341179277326
2802453080
1542924990122967040
1141428304987197440
3372943421
1546372370822496256
1894247610
1501056427749744640
519073765
1545863168148135936
1116463347883479043
1414839016634028070
1366407036708278273
850415430271471617
1421554656161976323
1524050692603797510
1542594568218202113
1544162868156825602
93138471
1542614278959730690
1099531382441869312
1065335989638324224
968596569821007872
202282466
1411554852459712514
1516545695104344066
1541621157773725700
1258774648520654850
1060682890902757376
1478917091130441731
1444411978592698374
1107772537717645312
1541780182801031169
1423649860427952132
141589671
1267448103029878784
1329881757416648704
1540475200646643713
1308649735096541186
1509674035126456323
1531643751705157632
1539447718032072706
1459836710246699012
1536734756041285632
1510877593548967937
1283448104226885632
55781799
1538894769211863040
741412580
1527384409778823168
1283500493382266882
1516883265256308741
1377365769105899520
1538241303758180352
1372239214780194819
1532858056870367232
1518675381968154624
1537042104425275393
853340048774889472
1452939651472244740
2805982473
940725441995866114
22813131
1523878109493153793
1031884467936419840
787033444719046656
1475929064166899718
1528270845184946176
136719264
1251681718660214786
1082064994295054336
284279162
1428392494044168198
1530726505701072897
1470404355278966785
1364684637390262274
1031323122404917251
3185403493
909156804008873984
1079530291235115008
1433930577321811968
1532522617479090176
1451553196703420419
1394350784100409346
1519321520568295424
1173510193700753408
2468779555
797228771619336192
1050627861512511489
1383446150351515653
1481014330892115968
1083884006624522240
1142936544686346240
867684520010665985
1436178913273782278
1526439653938802688
1054925184325435392
1121569618080886785
1525334108905381888
1519002506713575424
1012333676
1514719826773749760
1402791895189884930
1296408232253063168
1703716646
1533234223708004360
595563192
1527296071335956481
1526291760166719488
1390133473206284293
1510671066422784003
1518703711379505162
166262057
1254609633513099267
1089233799156809729
15783435
1428479700490457096
763375729790771201
1495152192055037959
1411194381210689536
1531300178187235329
1036709598529548289
1469008791425454081
981742844313468928
1449979553238040581
1530142302257258497
1447383498961063941
1356548853332377601
1115038206574104582
1071147351220224000
46946360
1518748638998142979
1318170113812713472
1528375654974009345
1510477490900414466
2775032804
1526699017236893696
867261009316069376
992297965514510336
153197156
1520543524537647110
1519452881123889152
1242777826501234688
1044937524433453056
1513321718
846486979
1518773842331721732
544384926
1236804877185097728
2363347940
1338139873375641602
1435022359187136514
2420831851
1483415305456078850
861065130070736898
1235430792089591808
1249094871140323328
1522176079892709377
1477333411677286402
1523130576630386688
1522622701109719045
1491886557665832961
1518985094958096386
1407945819848953857
917871349649076226
1519331765818695680
1134993110
397333573
1088277934878715904
4165215532
1395476839758503943
1491226581553057794
720732673631744003
4102050797
920354587248381952
1154931347472994304
1069061695161712640
1037358265649307648
1523710661297164289
1198015201741803521
780176193375105024
895091818307735553
1294090761382825984
1073384032891752448
920774418
53670036
1427756753697984514
1519367480355037186
1520969703308599296
275794332
1137535877213773825
1493677073147183105
1518669073579655168
2320713041
1558244196
1140212993348841472
1479430612297695242
1193541007
63254530
1341055494224551938
1119333564707897344
1376793354520776706
1387778560098775050
1945763298
1469947952282148865
1460461530600849410
1429416201009209348
1503453819207917573
1523466116110196736
1523396472854786051
1522385917134229504
1521533364754333696
1518675255937712128
1263802718
1518638819582562306
117870392
981379986
1519790053437935618
700789375727079424
1518671841459687424
1496928067004080134
1519225957344763905
1519112217693728768
1461761191777341451
1516938132536582145
1856006894
1241520137246846977
1270053491684380672
1453575997509365760
1512246777801490437
1516520772373733384
1588540717
1468074109364244481
1515730827337998338
904913259198910465
1417085325437022211
1294614338947428353
1403257320516329473
1484984363242725377
1398041366383505411
893876009929506817
1513678298605395970
1469334800922206219
1290272654906335232
3106388368
527014590
1492185096287408134
1504136601458331654
804398734851407876
1498087196234063876
1497013811512971278
1281347631390715905
363918790
1508557860535476226
1289534851415121920
1431052118211842048
1243484477722157057
1465082714844020737
1502112222130192410
63812963
1391291172048539648
324192115
285062532
1847727548
1477095508388855808
2840569027
1451279853295079425
1501666880309837829
769437802933194752
1406230102493609984
1500001948782661632
377695845
1440693341524430862
1258088976109441030
4870638629
997117660667129856
193976920
1250109897854914561
1275608262067527681
1246029128287039494
1434920890232365062
1498063708496433152
1497366660738686984
1097813590533439489
1063107475073720320
53947983
2797327347
1483921228989706240
1494083314130563074
1478813503058321411
1492999543834693635
1285337605048082433
994107044
1471694378842431494
1456417964207583232
841341273629962240
1491953376766091266
1466773883797876737
444823235
1372252739472912388
1058030460813668352
1275075740401168387
1480960803780059139
1482440445238128642
1246275377141633029
929861530333712384
2943872411
1489803086495289344
4146585017
761348349412962304
15345111
1489592913608724480
1488546621998649355
1485786058579226626
1488840681124597760
1489064605292941317
1226560246677725186
1429832843082051590
1434962640879722502
1255659106943283200
1487588131671003141
190708351
2252848862
1486888708468994050
1174873012073652226
1485137692337881091
1486218232570732544
1439235297292734467
778544187293573120
897623023926353921
1476541887163125764
1063038969267580928
1424678104547708932
175952476
1646708155
1483317532446580736
1390882546288795658
1399827658884620288
1476720336360124418
1475503589342670853
1481327082261164033
2846729482
1458010803618127882
1283271476364402688
1068259252442148864
1321973079849926657
889813279631187968
2317485816
1385302483
4417918212
1300456682531827713
1472846002809884672
1254864672584544261
1440503977049657351
1183411383582547970
1341078644769341441
1481626181900382216
4919787359
1468440908085723138
3146536187
2548055743
1265854842196508672
1117845007401148416
1477495442086801409
1464055506419421185
1479186834420899841
1481097899467550725
907029027709444098
1333266218329915392
2740950247
202755322
1164185015753818112
1478127364399841290
1477076612030078977
719119034
1373716446606462977
1452987513623228416
2456411047
1246985271758991361
1121230939168890881
1476761967159296001
1477336950516375552
4828051710
1451100394269069312
1394280030952427520
1328335946706788355
1475519139385167879
2155808228
1474884514832797696
1473798792839315461
1428519687806078978
1253769012485521408
1473496926670753794
1376128504715153409
1191683047344812034
1467845458294755328
1472300441551650818
1472453127685165057
1072512568034512897
1455533077766213640
3516986894
1381315464723369984
396331621
1468689810655170564
1333507522414698504
367939166
2369737860
1466748691142819849
1469032667656118278
281715610
26180881
1175216800071483392
1468847261996122114
1356785296222937088
962054976330596352
2337743617
1467753331930144768
1211752329004769285
1468265895017472012
38254394
1467108373237833731
1462151861755068420
1459512176520138752
1155561036411543558
695595128396845056
1466124112972103684
2923572360
1205691616847114240
3856897633
2782784948
976452847981211648
3290629936
1466871370621632519
1416160229662863361
1466781947733155845
1174356148385959938
965815497752166400
1463564663606546435
1347010013475299329
821838819498618880
1377263025481265154
994842216702062592
1465136229658378240
1451131758154498053
3272154728
1297914548314308610
1112731412476710913
1403363433370853381
1411004214466158592
1465512362794962952
1329924458
1381963584440254464
1465659992548130816
1461705999614717962
1448884023950991363
884800113998274560
335596758
1464724230323507211
1420202954150264835
1257119882568744960
1463985518291652610
1430474622655414272
977351503617843200
1463786246178807811
1410301243814072322
836684108
1458842873814675459
986326306806796288
1460167070503550977
1462119637877940226
262365022
1074239810099965952
1460928555777499147
1420283545050918915
1460066078017654787
2562654878
1235570957865103360
2169309282
1436488460697673732
1458207484590579712
2417972052
1457921326992089092
1405644790583238660
1457007779156221952
1457510723920277508
1441909477360300038
563452921
1456117352127471616
1457419065966927873
1456072881608314887
1432427355004411915
1455854753435447300
987787788769636352
1450546666055077895
1454211177496686599
1454272589170360327
1455599891498012678
1455851093179527176
468307770
1456090568430346244
265013439
1206327523216416769
1454114834950262788
1454698424239071236
1414300526301401091
1277801368166817793
1452407959607074816
1419955775313690626
1431618843294769153
1228421122783358982
270194458
965734190
1439387795789918208
213058411
1449020864016510983
449933023
37226120
48130246
1450537670543691780
1451628343984484354
1416533195072364549
1435070553686114308
1399700946331090947
1345189017315209216
1450877875230371843
1308492319423893512
1428691268213764097
1073570923301797888
1447331440580915202
1322487868732964864
1450311252966879234
1390012501870489600
173999655
1447257813177229316
1033719439127064576
1146144292546781186
1441087720055443464
1140926216
1449057879764393987
144742834
1447535701843656704
919199365641711617
1355244281594736641
1402971144571981831
958063796559507458
1448013374965624845
113326816
1447710855282536448
1266777870938054657
1445136257101795337
1418890431048425478
2374268371
1446994107797229569
1346173915270361089
1442815073240633344
1227056141760253952
39089283
1943601758
24137765
1431219576105316357
1072391023
1155730400
1435044224924209154
811965277118271488
1442217414616178688
1225435127553122304
1019714138870775814
900804091798007809
1008706353974661120
1363883078867845123
1246200724469485570
2337766086
1426549971944357895
1443373863014916097
1317803032109895680
1339734422375960577
1265262287130066944
1217610720847765504
1443272467506737156
1420386258422059016
1343150345959170048
1295679145565990912
975956940663742464
351092191
1441206731560734724
1442994768930295811
1372123686736695297
862220124
1419084552451072005
1434992964024025091
1437533339146235905
1438908051445239812
1399467796132777987
1427601211759505412
988540560339173376
1078112897786695685
1257101075414384641
902592935555985408
2969638108
1120012618150944769
432976338
1416704015048470530
1264907493391708160
1253289300344680449
820642971091693571
1438501054799175690
1433601055078510626
1050128819867271174
1408389749254017026
1319087684
1356968160897990660
1203380442050764802
1419294496051896322
136889281
1308933945698983938
988921689651097600
1436467325620953108
1426248376283172865
1188246439
1413672484029837312
505277083
1433648672676270081
1407452402727460872
1304995299631472640
1096650329959976960
1170638152748412929
1194144452631248901
606849381
1435645374283276294
832397935568642049
1326884569858117632
1361946502034292736
1255992643701534721
2282967901
377018953
1035294776088834049
1495799342
2809984452
1425131312244039681
1358681941004886016
103892892
1231167507269992448
1333964538534825985
1417589178464972811
1309592021330345985
828437921350959105
1243498189099065350
1269015348692619265
3145275201
403637894
1433178322452766723
1397193602330251265
1051531003548688384
1234149833386156033
1422624466798931970
1432417742477484033
1432707151311646724
1192808549631614977
1391431256848572416
1061087635307880448
1267376842467495936
1291164899134054401
1000555844843573248
1230882358167035905
1313944904972763136
1423254742961201157
1254431403086958594
1409286824544157697
1541459503
1323729421694431232
4094742074
942169467257348096
1346115700889423872
821258404165521408
1368217920967434241
1295002927921324033
2193122026
74985365
2267060810
1392241838229266434
1424778327919890442
1429464766318141448
1430335139964465153
782261367583739904
1430059681129500672
1054827708318920707
1379580429804572674
1324231377714323457
843585959140577280
1123818320
882296021249904644
1322583116947611648
1396192677713137672
1403803515051548675
1308727761637462019
1429187245647540239
1239148599226875904
3484952175
1429166932083625984
1394338800122437635
1428730331331432450
1334949921175158785
1199430639231143937
1065464738312802304
3269807359
1141044506
1069686075948290050
1428074274565365766
2916179615
981670369206480897
2243445975
911413530
1192182471795892224
436806821
1424013176681598984
1318685504
1234079805366325249
1426720843275587596
630540696
1423370366920142864
905920125525782528
1417780279129907202
1425933206830948362
1384267984181501959
1426375719735730177
1314578538713042946
1426025305139974144
1193462181976825856
1426232842011521024
1339007611421782018
1077930694532362240
1223510373866921984
1267784774287896581
413312369
1305090873735213056
19036837
2911813751
1391364255153233923
941372800983498752
1187226164483514368
1203345848484147201
1416885994197065731
627860002
1410787716623654913
1072341613773434882
1412387155368890369
1391050200182108173
1393998408415916034
555031943
1225572466791190528
1058116559082729473
1282719613864878082
1349083350179454983
1422668861560606729
1420977526860615681
210232724
1421491508314710021
1406524756136927232
1301417188235112448
1413797093530030080
1268896331298492426
1296798053551284225
1240400477218656256
1421663241114066945
3237200388
986672802618060801
271357451
272114344
1358852310483537922
10983882
924646878385528832
1349750935669645312
1383929721881194496
1274904250817150977
1342183532442091520
2616714349
364521525
11460012
1349577671080964096
3310041165
1365849597445369857
1402641329771982852
1409262664182906881
1379676786066255874
806627556346785794
1400186680259268612
1419400786866475010
1408236754738585602
3353030195
1419022527645499412
1359381684106514434
1363804132856000512
1251880073658986497
1418723876473872384
155437686
821096279480614912
742549842010865665
1142335383411335168
1405834837655760898
3196055775
1417989288583704579
184008070
990214690067369989
1389837843091005446
2254841602
1417101949409898500
1125746094477017089
1417932822870839299
307664716
1385094709585055745
1052193348386209792
1416524284751663114
1299351015611826177
333688436
1404549225115947016
1104556940
1218322617117106176
1367105477163823106
1414258732360298497
97202633
1414554648476884993
1144740243364634625
1403465003634544641
1077237631157702656
1332113491105296386
1410718424465039363
3838829782
1414310914615042051
1313859447433945089
1914500959
1351709883868061696
1340469676225286144
1364007163329449990
1087873338
1403382089819381761
1245409116492910593
1412706054828445698
1346331638511366147
2194422500
17296357
973437959411306496
267874964
764278407056265217
919224491527479296
1166954015495806976
1346905483815301122
462258824
253069914
635799972
99017524
1252335295753646085
29132654
1374136579334275076
1412160007483932678
1402816922547281925
1180395546437046272
1267554448550670336
854043361
1362791975800500225
1386651081334083596
41196954
1354685293434183680
1410674198176059396
410576496
1336115312475967489
1409731902093803522
2896323741
1368208969454530564
1254672960897646593
1010680809781592065
1408552644826836992
1408827764577243139
753457048105418752
1191752922733907968
1348389963562442753
2334568615
1611712412
826545232774848512
2290444125
1401398247197863940
1311489513961803776
1403515416962555905
1405917952159985667
1016417668566577152
1405622875487342593
795284295724179456
479289080
1403373789627486209
882918108046000129
456905460
144803244
764633385763377152
1373599923711643651
777832658
1403395606962487301
751873394912747525
1359722695131230210
1309016456965885952
1404178043527208967
748875352873676800
1055084422599389184
1403470657296519172
1374742915767959556
2531061067
1296247812963917826
1298482025402445825
1402058295091728384
967795164659048448
1317876802354860032
4240356622
1159935643100831744
1078548240239230976
1400833696450629633
817774609831497733
1392880502005276674
112411735
1335245473905565696
1240793058167398401
1400427252534452229
1391892263018635265
868259013301071872
1261809716734427136
1242598126491484168
1079629794663325701
2592114766
1384639838478077953
1398690886343667716
1293040554683641856
1248239125259358209
1359012626773250048
843617734852337664
1354788605038895109
1306268053437444098
822861127
556269451
1357176901937344512
1274397210751438850
1345563505781571584
1399749430916485121
1399878265565855746
3108441262
1042225359209603072
408003508
1393492122217615360
1377641928511066113
1398419057574023174
1389373905933058053
1398094013832515586
529773715
779736734129065984
1310135359666151424
1385328245525020673
1344027429766049792
195725305
1362045100684173319
1394106123750285314
291511216
2360381832
856515321187913732
1368018014977761281
16365699
1262342373524324353
1057365603466526720
1353414190854250497
1697743254
397249991
1394402031524212741
1392240640528896003
1394018548876341249
2870014691
1393984877310226439
1393972497532559372
1393941280414130180
1367979062283632640
1222460691568787456
808057228293009408
353660851
1391603115560947713
1340015535841538050
455141322
1298949871001624576
1324424032612241408
952287452965801985
1321877882340257802
1330837106340585474
1235794333296660480
633455681
228772654
1949756479
1393605464345260038
1180364603353632769
2304304657
3105237941
1255856293186875392
1211405938621435904
805279704693506048
1066686738528112641
946502474
918912138667847681
1157393732846665728
1260625688601800704
1176945709
1277244114975817730
1379204469095825409
1259574167315365888
240988976
1235113442836656128
1163366096734425088
1386795676772691970
1368598350564524034
767929259105001473
1392522853183074310
131426754
1391640537501949954
1316148598611103745
2200066314
1275827660300705797
1170468466073186305
51163353
1149801488283242496
1318847450157846528
1324757100237594624
81208097
84565570
847000584653819904
1384133801597554691
3817159634
3243049692
1345029501735084034
1202393736057106432
1387940785472036867
1381713784436318208
3523794014
717477807052292096
1384588911943589893
1387535271869259777
844395677367095297
1214345382584635397
1271473066342780930
1160288511188246534
977075842932269056
1315532777538891776
705876204814000128
1046022342290345985
1241354556069408768
1075930703186022400
1005242083953860610
1893022628
267930188
1288235097880236033
1386178586130911233
773475403
1373299310373302272
1211083995804340224
1316679879140814848
1274703956229476352
1114511162740224000
1363174828216373249
1140037126177853444
1321376159217582080
1379836764106412035
899153582196367360
832267762575753217
1384572251379572736
1384292204366139392
1353862605220179968
1384325467121934337
1362711555473776640
1245935993183559680
1179178796936765440
1305536031077392390
1033529238702510080
1057665610220531713
1245525539546255361
1542485418
1347969433571045376
222005971
1517163662
1379044934989316102
500963924
440388436
1366853520180219905
69081162
733376481615880192
279323768
1276163880423763969
757954830
1380213153234046976
812751368947728384
1381919848939278340
1114723849399091200
1318748169551847426
838241326151925760
3323050827
1250807826374631425
1378318014
1045042849610420232
1381833058173730818
1365887463462469632
1272687425056387075
1368426927669866496
1379258066542211073
27394144
1378522730916626432
1367110355294511106
1204868621505302528
1144390760739016704
1381051073155112961
984239804404682752
1373447372802514945
1379785845150863362
1323808543963815938
1357015342455943170
2463991189
1377445000649261057
1378657046564798467
1155987931342917645
1315520286339538944
1364577323815735301
1179858958460375040
1376997269917024259
4411339283
320522775
810057903663149056
1426160528
1376979686107049990
363171194
1360239318485327878
1219669262945652737
1264256390442385410
2257116948
898106240328495104
1297966062991020032
1375579574390685697
1263653958951800833
1367004631822434305
1275557999872901120
1361380579862806528
1176624876054036481
1375184610930393092
1336013906204975106
3009799069
1334922235887427584
1152668423182118912
1365462161997324289
954099660095975426
1370156637432975363
1367177662167474178
1354894513903288320
1372278133009825798
1366579066997006336
759025697318809600
831265039105540096
1365108176719204356
1352679999321608193
1165013201412677632
1366376120128589827
1262502700882763779
1034484387499466752
1370666272803917826
122206962
1370423204406300672
1370090172080123904
826196439533486081
1266773803889070081
1369676682404245505
1369521061243588609
830027233
1367153945655857154
4809319959
1365804084322828290
1368608786928242696
1121102379955511297
1366583426086825990
849419461929160707
1366842289239261185
1366692265209585664
858573999512711168
100309313
1249398062407172101
369285728
1266182704162365440
1340856244697931780
1304181904611123200
1331272016809308163
1290443167951728649
1183393607048482816
1109821092
918840574114803712
1310243772312236033
1365977654051151876
909743539453652994
750482653208600576
1364620896720343042
1161038843241521153
327808907
3108894595
1351714222825062402
1155906054359867392
1120350013
1235987459072299009
1330730755484491776
1272150894621028353
1329535031706935296
1202663139214540805
1313912251238080512
1363702337466941442
1191139682966528000
1361479736581632001
587169432
1362231282453925893
2263025520
1315496813953126400
1361873317389602817
3429821477
1171851634365927426
2444931816
2664360042
1354539164218351620
2609592524
1295320747695431681
1359928122670514178
836800571814383617
747828821420834818
1335251123830202368
1217490613668663298
18268027
10309002
4096058954
746175767185399809
1299586478784368640
1090454493089746944
1577501720
1138501551297892358
1330165120329261059
1357896000673824768
1359122682793635840
797833686607679488
866190783644278785
227189207
1357616905037692928
1250341652591292416
941788469914894338
965226951106494465
1319677823951523841
1358847039359057924
1254426571760418817
1010257135840710658
810535124110639104
1347621151963553794
1182435084118441985
1204503523498397696
1220533818026840069
91781006
1095134465192534016
2980816219
874633526
297070008
388836413
1307125987616985089
1358261210794319876
980839855017086976
1357684099645923330
4753560374
1357443362958290950
1346173889949413379
43351444
1346163499710488577
1353369996068483073
1357365335733776386
3167313634
1315387421031239680
251126455
1287810724190806021
1439739852
305851676
1356789145633398784
1223613222684712960
1151527329425965058
1355805030108995588
757267526560673792
723291823699976192
1355274624431435779
1351644011199606791
908144969696763904
1350019766271012864
1354610217389064193
1353435253986082818
1353322232257400833
1265020906956419072
1225825358341197824
810863235352109056
1145026065699692544
100648699
1275994042581557253
1210343715522383872
960665433920679936
1177375339099672578
1352880858584109056
50182424
1320160297865404416
860795611
1351964132283703301
713061873806151680
1263550267460431872
1351446980845826049
38925232
1351189028540973056
3011619327
1158464577832738816
1346941044013883393
1704418920
1248006733466910720
1350206521163079681
140609202
1347022309459193856
1299900509290147840
1232355961970610176
4230194895
1273081499273908225
1172324726074560514
1216201121838125057
1326747368834863105
1346842749274873862
1177085673964109825
1250739007903817733
1347992865205592064
1324472367905566721
1345703208568631296
1017574913560006656
2850874317
1347355078278213641
1344681432430555136
952267089921953792
4664778628
11550572
1329971963620716547
777365636431261696
984618865425637376
1347155812947521539
1347000853446733825
14127936
1281426370380406784
1387619629
884115141557727232
2337008125
319201196
753369650059210752
1024110095045746693
3337899887
1306654983480209408
1365177174
1321470886495571968
552321344
1117900242509160448
1344414650327314437
1331787460137902080
1339313400686522371
490928818
1135416606484381696
3253118363
1282434678201495554
566451027
2910287088
1214627393501114376
50204629
1139592160058232834
1344478472043966464
1237929881645826048
1344435863678111744
262229633
1242800700440133633
1334918947918012418
794965097827287040
4861442783
862142038858276864
1006626130416185344
1888438873
1167879689827827713
417269711
1278079454921752584
996505475595239424
1657965608
897343592393519107
4880011185
993507313632862209
149747910
1287022805968498689
1296306732365279235
1310954130039603202
1171943888568889345
4744291711
1300569101106991109
1124341511867576320
1308138648911720450
1185606489395859457
1339609931830468610
1335449723814223873
840500504
1254471265831792640
932402055117004800
1251248805279928320
1205012854631387141
3103918566
1153313459901218819
1254519251462959104
1292795444708483074
1182490970232885248
1209532216188891136
1259919457
1069799107512930304
977685879325184005
966165819775442946
1241789577704112130
1314770413163933696
1227848309303382018
1289775557954007041
1332045706903732226
1230013863086743554
441390504
3960392653
284907075
792286843
3023199978
885996349442973696
1324494735558533123
723730438011887616
362619238
14976320
1097893322562117633
1255155517435019264
63532573
937434827837640706
566664793
2185562744
1610887399
454090001
855947347947335680
1336480402651963392
737304732826402816
1303262166812778499
1335590811707256833
1292057293262118918
1167684867921829888
531789887
1323366147413168128
272617795
2826029339
1329822665176190976
1111092550360879105
1019743843527241728
83877639
989789588
1331695269067546627
2566469442
1332868572486438914
1266816367702859776
2572352975
1332026102945083395
1332348242001080320
1329896127961894912
3760449732
1331751195032031233
763142394418126848
758933051338465280
775696688489099264
2221620692
1080299095150002178
820428931887202304
875516587649925120
780587003658113024
1294798317960888320
3010394694
1330174225458532353
1298310548082262017
531548644
1311535479615963141
983246322
1225070550730649603
50374287
1328353402829594624
923638116757450752
1313209084515151872
1087033434747404291
23911632
1306957011427434496
119494737
1325863075191382019
1015355999564075008
707044873027903488
775838687795908608
1233577645033578497
1266176680500121609
2551381838
1267273077118980097
4012983256
1327069011918589953
166000695
1324858538921881602
1314693311576387585
1185385438816669696
1321202904297017345
924774430097707008
268567682
1302644729142804482
1324835184039153668
248443355
825657050147414018
838871638242377732
2360403213
3950291181
27592716
1233588255049863168
1324370820500697089
1056178340380504064
1292988406490959874
950537157353136128
1182483834614484997
1262715268532486145
941374314510716928
287483394
1311857626888704000
4519040246
1293310062606327809
815263295162683392
1322747911113986049
765984556688211968
943852612130099200
1160068383414657025
1226290692449873921
1281016110326800384
824764025560928256
4093692129
757698699787169792
2764717150
1321407350910177280
1380012342
1244421321456586753
1121121434355605509
1302966212159250435
4879922637
1275466072355999744
1174126668765642752
2455770157
1318720792046243842
1085931879889543168
1119759230305808391
1154283898358001664
1318564509968105474
887653874063953920
1054870700358479872
1225459987981402114
2885512147
1147558082207256577
1303876272481804288
77820959
1091759284067684352
1050743652929163266
1253793597998186503
988527607175106560
525457312
1233098835074801664
1314214247233134592
877153976571105285
1287616455190761472
1213919222528479232
798345116
1213374609392721920
3319071594
1185896569092149248
1214289372876460032
437054204
76776577
990048042
1210964654995861504
1152337526604128256
102248974
720211679880069120
822201793
599780831
1257206171104088064
820798170653331456
1029131055192670208
1047892795669827584
1297908134393057283
984310403713843202
1292831230803795969
1311052284659367938
1287512755847802894
765176453411446784
4197093441
1298577515779325955
86106793
1261014709911912460
1248008723102040066
1126576950372442112
1295921630892503041
1296760526194774018
1308607797219688454
1313095007767855105
1312429142256881664
17817370
68292632
1311742266336333827
3007581149
71806972
1268985004002029568
917818375203639296
81090318
1270647558730219520
1030503182898798593
1093492286665736194
24646702
1310726844640120834
1196909792591327232
1113966486287155201
1284660426509344768
1203487637366923264
154867875
1307270348073848832
1274211012254863362
1299050912703541248
1116973141547315200
1306724895322144768
1195892726765539328
47735010
1031298253109817344
1162331862452359168
1269034424345276416
860237691274887168
1304423180346552322
284075336
893947081546637312
807379532470595584
770251975
876417341378232320
572545357
826794304005746690
977656804095201280
1155964755829501952
1059984971321036802
33968537
1003842211946074118
1184571439405551617
1168345920313995265
783098592009543680
23650813
1016266823581470720
1304074853587267586
1634143141
1288921192930463745
1267674655881662467
1014457593056710656
786542169276416000
1258183794462535680
831995481278529537
834591883141713920
3411390434
1283525826852552706
813833669991366657
1199182943941361665
1228089677581869059
933227203
946998962896109568
1293081254074540034
152457882
1282125874620399616
1301994580183785475
1215740037461086208
1285314934989971456
1300137199246155777
476613990
4884879843
1180126893376450561
1299975498831982594
192706737
1300974290742005760
1293921780957159426
3064640931
1211040130707808258
1069329995624050695
863249766309867520
1297957230445309955
1213120850741714944
273999557
1270849916378787842
1300193012149030913
1291171765281001473
3316904273
1284247166618345478
213107853
1281854225635409920
1299170243663757312
3405095398
66156657
1250224486361620481
834281564334854145
45193062
1294658698498002944
1299083373051359234
1248198492872495104
1081665254193541120
1181846720050876416
2335573423
15089959
311208368
3817249456
1293713895039926296
1256020197158400000
1202368619549773826
1289911337854763010
1291060136673517569
1297353660356268032
1117300016585105408
1243295011036368903
569253173
1093972206655336449
35139869
1019680577891360768
549257226
1296570196539453440
3523340837
1065059918842134528
1281384941427752965
1296132190560899073
1268667622368907265
1021130041
1295496518020079623
45565297
890016932707147776
796886676673073152
2976179255
318765777
1143405504389156865
1292116408520908805
1292451395421876226
837791554408493058
390455868
755056999625359360
1020185600677249024
1023181702175186944
1132843759144767488
1163631871168663553
1276725532038623232
982591686709858305
1289563722000863233
2738433752
1031035893501636608
336686075
3299005632
1871422484
1070802102358814720
1171495078054875136
851937141122793473
69049584
1289271192378056704
1286059404761194496
1281593219726356486
1560646728
1287579556853903360
353128930
1288247268567646212
1288194655880990720
1287977265230278657
309995032
1204164986454429698
1250801332493172736
1167936728092553216
982276876814073862
551467497
897297120977465345
1255877366330675200
1268807874391744512
810261527269777408
1213515422554681346
1269023694267076614
1230974875466072070
1279857061778485248
151271022
1253110221955792896
1471434830
1181871248378216448
1247930053981331456
1150248494264926208
1233563100327997440
1096644201461268480
2172708457
379347172
1281928004353105921
1046001414
1187818487500161027
1280892468268015621
21835496
30255603
1120161901508427776
1280855314439512064
1273097738314530817
1280663590526242823
4126445357
25146726
867397630803968000
910590242524196866
470651599
3323641702
241458208
1276675025828012033
984755615699480581
1169012978
1225020820461891584
823654960214601729
189971573
998686565772808192
1241749298192113665
1231995738583900161
1279182738348822530
1201524146372513792
877725146232102912
728382570249981952
742099559522963457
1278773537982070784
2808426440
204125367
1134858983603204096
1171415755184730113
797921440569892866
1246560912905035778
1247296779680395268
732300883770413061
819179315644530688
16690549
1269605108762976256
1260535763386675204
1183676143334912000
32326344
3298504915
1260670891022745614
1265414568
1035562626
16672909
1030628521612398594
2170401938
1274505135503409152
2384541985
971808242706911234
1274920681491165186
1140649583749369857
1239967328571252736
1115047833621733378
1265016025587814402
3901996456
1271873609297002496
1267493033072898050
514588041
832271288169148416
1202334316111503360
1161626389755432961
1269398188248743943
822530214647369728
2257882778
1250448411570114561
2327975623
2495772681
1273738598450434050
1273707647259328512
1198336040731316226
1142610873653108737
2811434719
1153350825390964736
1212961112519397376
1001216621049008128
1633589430
805158213226262528
1272614299895132161
1270579824352989185
3070632307
1259255871365877766
1259460180783386626
818159753323048960
990797282676232192
745647493359222784
1269353261754089474
1266400027640987648
1139213920365875200
4083306618
2830934229
1270542525229645825
126052503
1270403257073111045
2606623802
1068901437541801985
4720509796
802635445158944768
4823995216
1085344720870670336
1180142360862306305
1256513837551038464
1268954369636151305
1246091755331747840
770618287067541506
909022711648800768
1010887545880793089
1053464810002804737
1258084816882409472
1196215190297227264
1217683013020143616
1267576165025398785
2428046227
1221155072874336256
881689227506798593
1630801062
1145192934
1202384981634535425
2769984161
96089462
1266910775479873538
1266743007551897600
3390499229
1099653866340208645
1266179669583331333
1265708376203411457
1225338991685308423
1264282563767611401
750866980245213185
1061618509325758464
981926831812210689
876705861170810880
781748787433779200
77003862
947487438154412033
1263631634538000384
811770327248334848
2943060805
1023408171145146368
1192437438163169280
2453295320
1187021678460710912
195832246
1261649387085676545
1262331641156026369
954199272253108224
2745737896
1248022544000696321
1248220972844486659
1212863049880633344
327604786
895726880556371968
53018406
69494445
1260266175549800448
1236998608177725440
1179121997592313856
1231988807001690112
1223761632578494469
131576919
849850442
854803625821995008
896994265628372992
113981158
770394179851677700
2195455441
1199516637529018370
975513745463136257
1240196851946549248
1259331555757043713
1187448154645549058
1258814383272136705
1059573128341475328
1345152594
1256631421784821761
1255230105053466625
1045998031521361920
1150059359680061441
1252700122833727488
1257938423278710784
1249452958489571328
1150481457107939328
93750132
341170330
16991311
2147527438
2783241969
1256021717148991488
905856914306867203
1186780794989268992
1236397648548159490
1043264941640351745
986445526253080578
1171534752794304513
998943444478451712
1174115912326221824
1205102570567585794
550732275
1247078618741653505
987558193
1254218011646533632
1102875074921725952
1016915071677558784
1255525104517349381
158606540
529916796
4531871788
1222795380
1182288882987143169
1255131550208966657
1207779865065328640
1254980258069016576
1188230071548383232
1252947271618048001
1097319199502938112
720670716509552641
1195751914639675393
2872539789
742375655162011648
140920803
3231313428
1163804149122777093
1151905482875068419
840224196458340353
1232294904644198400
804160157173293056
1241852601953648642
1249516435761586178
292438442
1222664149274066947
354774929
1253291796123324416
1239226149445738497
323882827
325950294
1282063465
2765844360
1247987846050385924
1248185174770110466
1249328061620854784
313208083
144696020
133459656
23673933
1251960656523231233
1185775316960268289
1240647067170672645
1251675609303900160
1117847168713396225
1250805146747047937
1251223348555788291
1251298885705904136
4844837774
1187090019674017792
1193153483190329345
2692013405
1050134780963110918
1247985293917118464
1249869620787458050
1249592172950650880
529550178
1335476372
2905500019
3354721678
1001462872755654657
936575913600438272
1214752103408820224
1191379771076288513
1190401346056445953
829789319414083584
3808955247
818014995950739457
1149068431397916672
1210561971948531714
1141067933495336960
1246474607512760321
2296124746
29729064
1245907305847312389
1039588329996472320
1071414511125446658
1158759718237691908
1245830362376347656
1228914742766342144
1245717932832960512
1245706416809263104
3131320493
1090732081242689536
442882453
1358081239
704369829940224000
744670575210209280
1069490641
1569742982
1244316609918963712
155455080
3065973683
875589751025225728
1243839124085317632
254954073
1240920889291493376
1135521732557725697
1243277269075996672
1083729794783694848
733816560071127040
3179826427
1241894850682912772
777035273951711232
1151534251864723457
1241383463170781185
245654863
2888536788
19817295
1242150677419364355
1129719722289913856
345825709
1241600745071403008
4818769035
1241727556002492424
1139295437280731138
1210172633423269888
3599120233
2697308936
1213995127422586881
1195390566168707074
914559227670204416
166444780
1233079449723310080
1034380772986298368
1042171720977850370
18384505
3228600664
374312553
1214673682502688769
124335790
81976296
1196859717441802241
896766343
3179071899
788038677930844160
760589811275227136
1092900919086366720
1239527466932359174
2220674322
912381330356400128
987202939033997312
902288276299624450
1239260707088142336
1207836027802603520
1024579542
943236852454166528
1231683332553007104
904695876391665664
1147855995433037824
706957873071460352
1234129598016892928
1191226998405812224
152798637
870154266354253824
1224216052797566976
282104098
836064805849018370
105620212
2285429361
2845194277
2347206668
864994945018605569
1083820283226673152
351363616
1153926075480719361
1220824223347892224
1115977357
1061868067
1190302273357910017
1229190100321546240
452672922
890193618501337088
2826835564
1179071271335858176
1207745763297636352
1187837127125622784
74389807
850355112518275072
1200305163958796288
1233463545335099392
1224870219849654272
183292208
1190034230199439360
170319593
1188893517097164800
1137814794550071303
190977737
1231616952667377664
882780454549504000
1179900335071981568
930079732221333506
3437756999
1225296373907644416
702603172678864897
1229757428767608833
815558487178674177
837820012018663426
1163861083
67820017
1106566526931472388
227055667
1229002178448084992
1128303326209216512
1206361184011792385
352951432
2999000969
89956767
1211821040638103552
635001858
209087409
1376175572
1716932714
1195081760293478405
1227543400599183361
1187811999775899649
1669728584
919323502422892544
1163322489491140608
1150751279213404162
575972442
1086114601144467456
1019239212657332225
818895879151251459
9688562
102407140
481429858
225607082
45466297
714310618
1119433304573456386
3297038505
1225924936583110656
326070425
1156153619667808256
1225535220281114626
881332187571867649
550896617
17953791
1098828514424320001
1222437550066892800
1160677081304457222
968121346445205504
285543165
1223423662264590336
1222049406096113664
1114381682948235264
604073380
1223308046631362560
2221442613
1153140471260229632
1042442768562348032
3192994766
1222193990688235522
1103253020253421568
980413061185097728
1122082397057638400
1013893996039503872
786653445860253696
1215355901907030016
785887715988430848
3342941277
1130545975624425472
1218155905184882688
1199159599758237698
709280352095830016
1030986741933662208
1220211238258520069
1154284429826756608
46156040
1217812501942980610
256708228
2948804555
2267983817
3951137356
106408091
76572071
280181205
35834811
2151932654
2292282756
962236118816174080
1159134012537004032
1094430191928205312
864560808533086208
1186058379044761600
595407582
1108463876843163648
1213678229824786435
1174852661390315520
563345638
1210154322639704065
23072609
1212101738150318080
1452750602
1077931116282236928
393925264
1211448614326652928
875028463
1198911552319053825
1135998783966330880
593450153
170245752
1177394523464511494
1159359729837023234
1539408684
811261071751335937
1210486858360201217
2327939646
583011256
37139357
719153610748088320
636345240
1208956209170145282
1193684443279568896
1195865810226384896
1175911576374849542
859437868804173824
221977845
1162559865291755521
34823021
192063961
1209812321704517632
1196466277453324290
1199086117922000896
1267219116
26927890
1208899588775526402
262723625
815969139038765056
45171384
1195800834929414144
467761269
1010671075049574401
774147032
57762831
876786042
1201769453345738752
170424374
1175169910277906432
1207756904182755329
1126247493526855680
1186305232604549120
1169292975425359872
901488049388888064
1207336738332561409
866693859471962113
1197127431628283904
819298754192777216
775469913649582080
826247261457960960
1201519404279910405
1132341988391473154
180404954
1167431691847327744
825106735564259332
1206100803947302912
42506932
1129805534088048647
1010698473753202688
1075310619471994882
1631054364
967233900354433026
836635344808382468
2927417655
182464405
1125755368443928577
2235692570
1061946325896441856
969689105583038465
3102465420
1036895267377881088
1006435473370185728
1193844246786322432
106828464
768564441273081856
1196132785829924865
954511707422052353
1200932279285141504
167652667
1200539764333711360
1002693796688166912
1098091062277464064
281367842
3183381924
880242850683920386
847946368073297920
1160214978374307840
880955552037318656
751001301811593216
63618327
3002181754
871017006
1095873854763749377
330517774
1121642937425620998
15071066
1727668796
1189977863027642368
1178988967540219905
965020998448959489
22384103
1179859405430353921
1183887715286126593
1057244852
437142970
1086337982964092930
124560213
1158664360778063872
1018641569572970496
926097228514635776
1193032361627332608
628769614
1083892802893828096
1160274115049209859
3368237189
771879697193897984
809110953505812480
1104770492043534336
864672711192268800
4494090614
1184570418511917057
115473284
1189624739012186114
3843250046
1106219341597560833
803212015
852748531114754049
1064911441847902208
1076361972
1148699487378034688
1162814175627943937
989652210308009989
841753319139905536
4690750699
1015730719862198273
787196618776993792
1138625768186044418
1078839942128623617
2558117670
212256911
956024072865046529
1178799477882273792
1182530596024836098
1164839672029204481
743907376621821953
13748992
1035566927614287872
1180146351042174976
1109289146588119040
1182862029784276992
1182709976730689537
1019941882393186305
580392670
767047121518419968
1171866849463504897
1165261458441211909
951231743041949696
19375811
1079304965649137664
4176529522
1094961205784035328
1176806863872114688
816791351404724228
1176560341767151617
1045083737984303105
167419280
4812679796
3427962981
1139569720695427072
406942306
827318448262877184
1167814821401759745
1128560794826887169
1117876209885614080
747917418039652352
1151671097802350593
898778105388519425
172507947
705251495
14114894
1042431812528734214
1072654963019440129
1076187814855884800
1172186327510659074
1156963562381647872
88291845
1052158912303177730
94745991
1116438715361050624
190286901
416706338
4307734097
700821350626099201
37751761
1650989534
985873782
1167611746133172224
713444689265954817
3231771893
987613756577501184
2832477225
2535023410
1028751763665375232
21556498
1055847088116903937
2400479569
768251142866296832
807068759068266496
754912017262206976
2595453872
1099843833523769344
892187727378165761
3165989070
1059878680116240384
52261652
2512498538
1404271495
24279390
110499337
1152315267436961793
228925789
2455471308
990253931883200512
1084131156772171780
1317805986
34537800
819527088445100032
1108785728392175616
536485573
3033503500
1134182622807150594
1155598655044366337
810767070
1077791286923587585
723748680633712640
2933155372
476402719
612755865
1165016206681792512
1001204892504117248
1164233769055858689
928203610323931136
866752414245953538
2912978715
3218840485
1158074760976224256
2451748694
713391837487185921
1063504573950758913
2331929989
1160726411994382336
2547389808
1019386592203436032
1034580134190350337
1159690087497490437
428509035
1160787361011314688
532733915
942874981612081154
989223219696726017
1019230690796343298
1079439772186230784
1124406331367198720
950351431671918592
768432530219565056
2409548978
516817511
980212967311470592
40517770
1135189713667727362
172912748
797375203080814592
372148578
983810766284447745
1121043606314287105
1692213060
1021196255605780490
60144582
1151315188068388865
1666369106
1071110546991267840
2501385609
1144806753449709568
1153123457741262848
938208657048715264
981990909494603777
1121375276670308354
1228075772
742877717444632576
1407895273
938826287807913985
4378218736
911169858594902016
1121170613366939648
1151371703051624453
1112563738136268800
817979506170302464
982552807776583680
1146171170833612805
33285141
1128825613299716098
2226209612
1148011703717814274
1105659211671846918
27297602
1644547279
883365573664677893
821349393559408641
3060843815
173807441
2954370064
969589061764636673
1142619153356009473
140098178
1072330419956178944
746158854212198402
1147622518880165895
420253172
1040085744633700352
795889538
713906011850084352
1106361084183801857
3172235114
2412899064
1132114596183961600
1285335752
1393523496
553480212
618491598
936577445037203456
1056203523753459713
1142606576110505989
2916142545
1077021179444109313
1010799599156711425
1104998842557255680
957777226644312065
1105124048995004416
1137596610576175104
318857403
2807212838
907674777640243200
942167415093432325
4454522417
2899535086
868532090127691777
991283811882123265
932762008696614912
2588329891
1129171903678222336
906977497316773888
1045725491867586565
3413801350
1755362227
47730167
575465153
1107000543388553216
738506929195110400
276766182
1129460479078936582
301239294
1051631758695837696
1129423898548813829
752110277232066560
966131914540109825
1053544396539473920
1095839797975965696
826268939831357443
1076984943220346881
15254984
1106294004134621184
254841109
1044588337
1093033456270016512
816975544881389569
1087816541477982209
951880731667595265
1062789211391188993
1323229609
997184748144529408
2752029255
1126334884929265665
3296903285
1615510597
1100147486298202119
3323603857
1055909566037311488
1117563615131963394
1037370287573151744
883023418291097601
1105298404622643200
160594322
1024503062897942528
4174777094
779102958365519872
1075990470503923712
903489188653277184
163022311
943935212236439553
897287220708691968
1022581975503097856
1039793121050144768
769629187485405184
1007279152104259585
3191716442
429350044
985726645691736065
1056030703157239808
1083771280132780032
95482557
1029107532181192704
854458799578529792
2175405089
1059883746118303745
2822881723
1113584741121392645
1107934593779490816
1111402795742171137
1088210782687506432
759638568436326400
796139463093194756
995329174469521408
1534962612
962829934627573760
217277220
1042279297346617344
1045753693440757761
1069953671750975488
296657550
1043955814577459205
1004390489997668352
63004760
1108096520354783234
102024184
1609901606
743160011656957953
533492135
94973754
986710329265676288
1106087965418151936
733372676
916495067187236864
3834824248
132905049
921206538932506631
18070556
790063233864302592
1092129142391390208
823776185041698816
2544653948
136175598
981627945688190979
1036866947282096128
138346686
1073535814813003777
812108173641449482
950765955755466752
838447034789216256
901495043562844161
4208080521
4157081475
706093200
987345432052412416
1070183953355554817
1075103870303514624
618584703
1095362539062464513
1043484999432003584
872605953916624896
721047230359015424
981976458393513985
1103302194131058694
2196895352
1044342254587052034
1491709104
1061979917578129409
1089854145849249792
1085344470416138240
34165682
1093248263719976963
2338757142
992420720314671105
534571992
3165867999
1098653258300751872
714508855435141120
2764207294
939182299572142081
83931792
488817598
1084885978173579264
980638648554078208
165847662
324512164
928112473869131776
141074476
959833382334160897
919308251916853249
1933085348
6714262
1096192524572598272
18915471
1206349662
776535201119887360
909353642570010624
1322451403
124452565
3843573253
154630093
806329296264556544
1059782265109168128
1154155988
253651115
1025536901531557888
3514795881
2804402899
1724894796
2775500581
1092501372937748480
780851678731919360
1048989333154402304
788342011
211659704
588497702
3293189236
3220994417
850196449
599851722
1489479500
965428189995655168
944505024104878081
4902283173
742530593808748544
895643219278655488
2356658876
850361696103354368
519061100
4728273389
1080550508086153216
962546288473595905
41575435
1038191220080685056
36948210
2198422965
901293533281366016
816432221301129217
3283242398
47190382
1034494290561458176
968294262776451072
1063594235297959938
757120552406441984
18942056
884034952500842496
1013532729839898624
1028701683977777153
1079389559673315328
745769149104717824
877186431432744961
735974562106626049
386353008
1037823849570676737
966315777887539200
98512873
780849034504220672
992491537282908160
1057334967649361920
4863249613
2737839626
2827228477
549607924
778690201207963648
3107924252
4866162981
405570206
493353561
923864999008890886
898785867778596864
489757350
1536682500
881768214467813376
3262160865
140994741
4500507193
287445649
1022157656922959878
311247646
1015035888127102977
1003613210841370624
940811907455479808
4756560913
1016174873939529729
1016297109853736962
1015507311073390593
349157267
1011407861757480960
745447763941294080
802269501903409152
1014230727079219200
4776933014
3601429993
919781660819935232
863740956910043136
860754161180303360
1010177560439873536
1010311884908531712
1003363130146246656
1009587637773053952
837804118576087041
847470893144039424
1003062267166879744
991959381460770816
935911722421968896
994205519156994048
993545731767263233
994068877142364160
994018475441041408
3075610261
2264897389
803404009906245633
4085388616
802980223
891407612813725696
960724587871920129
2452300928
986806784504549377
746387803374817280
971600374137225216
985196795289653249
984957565544075264
983793279941730305
867861845633155072
160569420
882440033512210432
979874514078175233
982131883155705858
771775152682065920
4179611194
968943775648161793
977381806243831809
3253489603
973690537248264193
1003989258
397387856
935298225057161216
2927317664
970614287910817792
159841596
634735776
949155689103896576
2281185199
912347337619640320
756904357292077058
718600146619990017
748417265100521472
772478627610931200
4724227437
809118636732547072
45423711
47002311
529778816
981499470
800572762003677184
340102523
901595940829765633
963427183485243392
935740113849602049
878795356934479872
961703252013314049
870718290359758848
279701528
2185027328
962425734559092736
2583751886
885835501625888769
786581020950888448
947464842402848771
958544504209969152
929871882567995392
3079976824
1137686196
957741942418403329
618351675
844537744575598592
939533430190235649
4160924597
946050790623457280
789821943214211072
308069641
2471271188
259537538
16565200
906151962718208001
253958386
894231342245969922
928436183830540288
1863956526
491787444
46033042
931306379645767685
141771984
318761716
859793884905443329
950976120307957761
948707285072842755
949074186286305281
946893037128392704
880476015230951424
938983097000869888
811025420976082944
2816668178
941060333204107265
946456556589240320
783498978256052224
927000998916382720
292239259
924276724942147585
832336075163070465
24256637
897111995006058496
904737590213042180
744130153685655552
3221519806
1625557201
921699945819901952
2187982312
885059864
914984552652791809
935548392343851008
858318633424089094
1654515740
827660592077012992
3921813313
922610608826175488
50851012
850082074283266049
345963109
750004784950804480
831248717730705408
914521993051025410
765615239886954496
325800382
1669312890
925538545850183680
994461061
28133951
814283746585284613
714845873084170240
3453671473
915306447583539200
864733694967369728
262387008
771792566161334272
93015769
93146330
851931065375576065
895792087010091008
887384859710238720
557831117
754321704
911727122544189440
3432851884
786313350950981633
848499162052259841
857263329781350404
792644778
56151874
830129086945165314
3424956453
849064711916310529
1723401367
890720611571556352
1014193568
904888943275061248
372231056
903729044272926720
897231271004258304
894264818298966016
1491337951
900780491342659585
570340198
850361882078715904
2509279249
898055851872747520
836817168
129208426
1129720458
36316066
895755274983800833
893196409255723009
846258846
768168544962015232
889513200890380288
871932656560353282
797514160548544512
68768012
1071279096
1299505112
702247731524317184
892575213015240704
843268248544169984
1059569618
620339539
786191081205403648
3951470237
885891034995187712
771111137056321536
888096774333837312
806337084596293632
2251589598
825445747
886358663664893961
797413056
888099848137736192
882573227863572480
870496902940246018
3232249372
718081623451951105
2475215048
2301439471
532942902
881406661897986048
1617007320
53474785
2616434768
59043234
828345211520688128
742360176536223744
23580800
872512103629946880
840190872830513152
2961767115
3267479568
3213471938
774703573259071488
502878561
339569464
1027404487
709625200028086272
803037108030074880
867881196931436544
569581021
838889800203526146
868180549495599104
3950207059
858024743286472706
830387187246055425
2660853569
858471486176337921
740607915573186560
2227592042
2574785782
1474594783
851862176620879872
851260965840494592
849772345376079872
4286124441
780582125426782208
845776362602463234
1661263351
62191187
790979890149527556
3158365104
842700661687029760
444896155
626442262
3101224677
817570668715843584
3172702661
2233863416
779763152363876352
1643183046
474582246
2303865842
21480702
818835369760145408
720196731573575680
547282994
806953469588357120
2705543685
763055531003174913
760647384854507520
510404836
62291474
733663681582489600
823022412291833856
2676972185
1343239267
2778792794
801339968874496004
406321119
775498974882959360
921209484
2998649971
20346975
796911671721730048
3987119907
778756916390535168
215419540
17526945
244990213
718817808763731968
3397025248
739129312868110338
785958001530155008
112282951
787124864075390976
3302855060
2238672163
2818426548
781795131208839168
153865333
778409321801580544
634827455
1442448914
2174550036
779501558027268096
276664857
2679545348
2265111626
774660243506753536
721714166445121537
772931470608437255
772514155588878336
769850579896061952
727245495093972992
3004972289
2289118140
1425003535
720159482290933761
560722212
2740508687
157782277
20399700
42979455
2693124768
737185530664865792
732658451512446977
76663897
2933850411
501537420
1198946628
768615966674518016
3334545087
2601975704
2516234647
21846156
2752726022
757300711449255937
53986518
378386974
759946397017894912
714248036218613761
75730979
745358693126942720
511152392
399664117
1694592564
716097983247323136
1643622277
3431991749
2357228502
760207635580760064
4585923683
88177905
2741010440
1040944032
747514651890454528
986416729
3233186378
2717876204
758530191480152064
728626615480160256
747049301503795200
4674584270
23485848
4016758220
182878105
745258585127591940
1158176006
2809985070
752438280780644352
66627309
720989584100868096
428982308
1433248248
128067051
752361537747189760
3039945427
2532648918
744959450360909824
3003971951
393101091
732339344879562752
3803730737
4668268333
965101063
742066044198653952
2376011677
227245275
119559815
81457442
3422424723
904833176
1655685409
4760793375
731313932996988931
730072988389904384
1255145514
3141083102
4438217354
700891869232758785
3765740117
14163087
2272985971
2315604847
2312494016
3334545297
1552279422
2704653421
949842266
1120241438
3036871855
2978819530
1128578665
