1586341678734102528
1671151200799174659
1642734995079852037
1706817734091382784
1486687984976109568
1698911030611488768
1686193280290050048
1667216702390800384
846859247933632517
1012369190928420864
1648445228376891392
1686850244674195456
1703784912514359296
1702855995620483072
1376743622905761792
3670834282
1702374891779915776
1702555772687654912
1649097814620643328
1702098109516611584
22703645
2350724678
1519999455667314688
1646717598799675394
1507989776250462208
789974095
1590254363288690690
22211969
548258435
1145702015374438401
1698810079582224384
1201935772158439425
1597281352361164800
1585843279496609792
901290812
1436081149307015168
1436788137779359744
4208756913
1691603166620487680
1689671471503724544
1689761353085411328
1587198805463760900
1694161950211784704
1605204436967690241
1696527928631414784
1678415633980051458
1673739120890331140
241072354
1691996386403778560
1684307690569310212
1598793165162651662
64989455
1017134002501767169
954124423
1687925174186778624
1677397271711993856
1634585831456362496
1440080992253874176
1428277892040044545
1685129803324637186
1695023031830433792
858004788197437441
1010161668742098945
833510865949200384
1621899847065288704
1483164714293248002
1686794215387181056
1669520944501755904
1644222493203341314
1015295486612291585
2843713972
1641892223926128652
156233898
1689241008813531136
1594773975762145280
880583946169335808
1523658772287262727
3418210767
1679638090514853888
1519094239715463168
1353165999961477120
1305300571398770691
1586127889430454274
1677213872749707264
794283565517336576
1136301955016527874
4041824789
1672005474672164865
1633539073095655436
1307810687381463041
14749520
1189178129501298688
1603225492127088642
17997794
1588955848990130177
971921107992350720
980516212059856901
1643032807344844801
1334358077131276289
3624736155
1597110154842976256
1663246139372494849
1585136937928638464
1480926325091323913
1551725959534895104
1661723132917596162
1317899131826753536
1628016217674989570
19222164
1655602454283550720
1577603201477611520
1054669807537156096
4657350095
15474846
1629501515554766854
1594754656592347149
567861291
2805980130
63778937
18856867
1146509923683131398
1645600475054571520
1234589950756167680
1468326510926831618
1365393266523267073
1644826867428470790
1544408838308171776
18462603
844228663
1234311106337755136
805223648499859457
1613955440710148097
1639047208019591169
851741858
1638597769337208841
1186143101347192833
1614380011493941248
1613940722075328513
1591199231850659841
15966258
1408600853930385414
1511110094163001353
1628174092905119744
1288319695658135552
1586388533862076416
1399539642639265795
1024255581136322561
252952750
1618131004132057088
845237686608769024
1348838207123648518
467620549
1573074338542133250
1191006170707718145
1571818090685698049
112684779
1107732377256648704
1597035725677101057
1571425250134597633
2231109295
156406768
850036892
971157641912229888
2835451658
1596200780842803200
1595612746996924417
16224459
20097362
80233893
169686021
1552795969959636992
426627866
1280241715987660801
1571256223500046336
1585975552854335488
26703365
24928809
2349347329
1483893386817986574
856162158845059073
209693451
33142966
2413063670
54749852
38293372
1491670302769569793
1924394790
1267973798625775616
1518755938605297664
16688247
15392053
1326229737551912960
3526565908
17070113
52352820
1559176388808245249
11347122
18655359
38349184
27522964
1125287020501147648
211608220
1308020734476857344
1078460701176463361
767960339547774976
1261270683285204994
1280852842862034950
1145560535498285056
1276956778782248961
948303184019193863
1494188248733786113
44196397
1217559748557647872
