19562228
24827447
202549522
239885144
337808606
800748118971060224
1519342978988486659
1631093012464844800
1640435358352506880
1234311106337755136
1621636115483484161
899841283824463877
1582662807559938053
2722228298
1628882912450953218
1355225690027806720
1496594279975768068
1440729494591971331
1517417467529805826
1578151613893693440
1457332979144040448
105876406
1561177309406810114
846479437
1456273335348645907
3095130883
67800957
1529711258580070400
1438467003417874439
1615703774286254080
854746255431315456
1343958723950239744
855481986290524160
2359971372
163071725
1004178194
750683331260321792
1229584195992850433
2533655155
1239586036843524096
1518736910243356672
1432331249524355084
1509342101330300931
1485689970593468416
1174153996363345921
818948638890217473
1342989756611907584
18166778
41694302
1261270683285204994
12
1387366965703061506
1592174249602580480
950762176045830144
1125287020501147648
1179674640542769152
1280241715987660801
2863324024
1466841469134815240
799362330672984064
1280118657142722562
1590704958420226048
818905354205622276
1257792281614200834
1007313933986947072
1470240646346809345
1324693382808088577
391534562
1586750869483167744
1461754984769507337
19754973
1318748914242158592
53789862
7900962
317370751
1539756761774710784
1387497871751196672
28750016
1476449188770729984
1201935772158439425
1305006834537975809
1539005841466179586
28571999
861934651606282240
298993329
2305734702
241072354
1575386864093110272
1483893386817986574
93279842
1577293480308654082
1328473059112722437
923231030160400384
1415017326466981894
95972673
701579360332095489
2344358742
1069820899
1519519170198753285
1341814365889179649
1518800055477706752
1343452787141718017
1099343905634553856
1197723661349707776
878247600096509952
1327266713054941184
700550230798790657
4901912705
1084190172059762693
1222773302441148416
1155845777039810560
1295405245011460096
611986351
1435906191373180933
1469866827954098176
2874959663
19580890
1457867047334031360
23125257
1051469183597260800
153517357
34262462
1226082749683032064
65172298
189305014
856633274961088512
323494714
1053741660872589312
4288322237
1456655802236915715
83992997
336464442
1444273956240994307
1269740568852279297
1283975565658259456
1258094477861892096
3260285413
716649002339426304
78523300
1481803020388249604
4107849270
374699095
62812958
1171119095267377153
2352629311
3290046383
1270416043572375557
1458273656279232514
94784682
734443995686920192
822299610018365440
233338979
117102136
3763761
14972982
27012070
2904870923
1385649514409779200
1352305993221287936
1240738024880844800
1411453275396845568
2827076514
156330634
15066760
117521574
865516973567778819
4885613402
1334643409894715395
222659219
1348018768442777600
1325451458855247872
1399016060737802243
765618069062422528
1182066089041117184
409548427
138882249
1871613757
1273771418614992896
961532704482308096
19976110
1253264389
962418679383281664
1002616825308499972
1081759674377162752
915865389418065920
2480268229
39429397
1249578344
9783422
49583547
1349806912871800832
1161814114538270721
15227791
869259764768927745
53210455
1216452893005381632
1031946753510203392
566445645
12889162
2530166282
61249886
46671731
406689220
361220981
49790962
1596956599
868578294916145152
1329891389430243330
142415193
56562803
1255546412659544064
1338656378303508482
874366802096263169
403579653
17904389
21613794
1312426546930515968
1284535841390551042
1313722406578655237
814282091571642368
2407544636
1264663304573763590
18149463
795832924537032704
548258435
29458079
763797957976084480
158820629
730693248147030016
68599584
2194899020
914296939692294145
826065164504006657
229141520
703671791512887296
1285633950355017730
1018904182387036160
1102987848741998592
827990528151072768
20708260
903228570536996865
613397041
23951440
1138844783609286656
888500161785339905
16113700
62842613
969218051555184640
477864155
36903731
998528950992359424
1278100080956932097
2749249602
1416161688
1083220166
744070482832596992
4765364386
63769373
1176026136117166080
3383703603
61630178
237299871
187680645
18034061
14824849
19599446
1127937954637389824
2890933294
28263531
1157694950655561728
255817466
13896082
21163600
58348452
850763376263299078
25816369
1191733036133552128
806344552718045184
313591533
3066800573
113137765
20015311
10292132
16305370
1182200756633554944
16860945
976569885009485824
42773469
3021354107
1269783673198567424
926054168753709056
1145404253806182400
108691306
2840668198
1110434154
3018742509
98190017
208623235
1140379748268466176
1267973798625775616
19502995
1139297111638446081
707386000767471617
1873568736
84076180
129019194
343041182
59181390
4787411118
3024559964
1062465792212717574
902200087
986781648
1244662531010039811
803420516438724608
27966935
1251664189673934848
586707638
887918290173079553
971157641912229888
715342133691965442
1575138829
3320010078
18001156
18957839
23485648
1047842156029861888
309970677
790928380845776896
44196397
1184641013777862656
45190383
1094099644064264192
938412609069608961
134360868
342226913
1144076089
1184507769916801024
21204465
39973326
20545835
1330457336
172931651
163935706
21149655
455764741
1931893196
19697415
2811864702
939091
43661233
23206549
4304381653
1158982031231131648
124531391
17427779
182107650
1131342780670734336
466864852
19218053
4816
2916305152
819800
1339835893
22461427
15052671
25985313
42458546
35184346
126784386
2355254546
331816614
19553409
404179950
27522964
74760182
216776631
94336415
27758112
19899606
234163619
850806531247529984
2716396488
1028771923294138368
817426572567191553
902476398576721924
1161092556505174016
15106024
846843477849661440
1511523452
1179065850755719169
3267456386
3219461544
407179694
17469289
211918431
168401326
1048856598666518528
1160755960002072577
33152005
159585857
23448455
987033728684908545
66533920
1146954758579580928
3775360879
426123063
1005007371159068673
30354991
1001737519371730944
1044079515583033344
172852209
18584875
830810436433948672
807442387
959130213559959552
805223648499859457
245441097
24295482
1075143472795901953
54261520
927265948968550400
375721095
187578616
4627236323
821102114
46078438
140486684
60610778
270839361
16076032
216881337
116579971
14662354
69022849
28119411
990317363915579392
892130360888352773
555532681
983483059428261889
575827106
68758400
22203756
14851635
624210678
848276549308739584
469960224
454626889
183334236
1271025590
537709549
2996253413
770781940341288960
457984599
48117116
108977933
1471232930
20609518
1028689416422875136
2935207174
816625461195407360
19985444
1583865109
972486204125057024
2861309113
767388219054755840
2835451658
18533381
1008401838608211970
330400536
442456291
941109866202091521
273542042
1000868999100497920
1133128350
816566196745203712
48762458
274567177
17839988
216055083
869755090088886272
768209595336503296
64643056
205622130
930249541290307584
172858784
179932936
921035226469535745
977011411237900289
3412642223
97054224
713167046901633024
808889089
54716387
3079976824
499230066
17685258
151871519
273469546
55003292
4717892303
34695040
2717616008
112047805
21829541
197176970
936434283434082304
39344374
856991644134068224
519485126
95092020
209693451
474961668
57689645
2352957686
877313374924701696
894748894789115907
948351751400361985
2809256199
1406884820
897635322179313664
706959926879334400
176758255
2327592480
23618940
918459747480850432
388983706
47828228
19204438
20374262
809567324529446921
881713802517114880
1209936918
2984243591
194663746
54853067
1209417007
75561107
742749379623165955
19403463
323293114
16948493
850351441076244481
2349347329
2231109295
821183046086959104
3100776566
849285314367696898
39308549
1369895352
46279994
39384517
21360280
843620451322658816
44054652
797998279447498757
21417953
1323726151
19878055
2987802488
822215679726100480
1652541
51241574
808349440033587200
57338175
2746932876
26655488
11896802
529611387
371004101
50630910
42963638
18519992
90552683
1900293397
59550291
1127286020
324236072
759081003168112640
4432916014
14669951
4510755552
19017675
135263006
3154508072
196168350
164070785
2907980175
16864146
3167401950
2981782721
1965011929
3021314001
851569728
2897593697
97269899
3310451959
3458557334
32272478
620236087
38402943
3062153582
23181999
3266090930
389764595
2235082016
599444146
2490068635
2574951290
126592212
2934078309
3052895098
437512477
631669280
2738405402
3196395322
3319288746
2313894043
287789223
3246408608
1242566886
129627917
1616158050
1693499504
3260219065
4105868473
315516891
316033903
2903647439
629198606
1700824796
22493135
15254014
3221928070
570844426
969776293
22298057
2777806083
3384650855
3106787658
27667643
2814040284
27142719
136102085
19124682
17521435
259808059
117610601
261431332
2850255627
14458643
3295335616
135983248
93331449
2472399354
45080785
3403532050
25073877
119837703
1247649014
334921581
478359113
733086547
23839835
2358160345
976992986
1832145114
400524509
1484058535
154722913
923342250
14647570
44320256
15143478
563277397
343359242
795308282
564468318
579197963
46620628
331683724
1280286378
523179089
546261888
388815208
83079602
42606634
558273072
506458873
342378300
255708730
635925136
493848703
551457510
596025144
357585934
367582515
1405478520
1432892628
16072325
414987827
909060192
493946804
256026622
85543177
244746802
498255408
97964438
16096448
27754737
15349925
16589206
59341204
312286554
781280702
752140710
48227134
6017542
20661527
80464900
36670155
