1632409919017357312
2423355920
95303365
336404438
20207702
22330739
58486635
1392133295824154625
1581893358145875968
2497707997
41226653
1426069285290475522
1061675628
32804484
1466703845141069826
1189481240056885253
2507867882
393857722
1643871979114573824
821751272004993025
1544408838308171776
1691030569847791616
1230251686716792837
1433779582419673088
147093
1881168794
15568684
1592593354700648448
1533959098001149953
181700537
1678758819415900160
26601342
16193763
92476225
413327979
878739598821646336
1164397654622629894
1367667738877988864
1382263864033644548
807744558574407680
1016739243220033536
1193397964527431680
1685418570627579905
963733207576391680
1353460152763084801
1471936748884168704
138631500
103695954
1596302214930145280
23717640
1664043871855312897
1455270822474502146
2300716447
1586550579656118273
844169711072002048
20059181
1589849543750742016
870955340724150272
2409209179
1509619906018373633
1355642102554578946
1390772870
20793816
1312411969677225986
2422665828
1661955965732925441
1477794935860465664
855409196329611265
3096147528
520445177
216321785
1567203792164372480
1347365630601617410
1604485680
133938408
262559721
45949264
1053438512542826496
1644404421630259200
323308452
1598481775013265409
1151255869
523636092
349318164
1485758899122810881
1011008340367953920
313009264
331931399
1482778774164942850
211264632
409759970
18993234
1261270683285204994
2903553478
46302096
1587143948
1651611553207304192
930212715422998530
4468111
1600304927191900160
165221992
1041044330092195840
2161556402
1600948516435607552
1027002541840556032
45544324
2161276759
7017692
1332092789769732096
1343616060440756226
4581444372
55350413
12848262
613192104
930470485221142528
826641279412957185
116363549
62103
1539454899632721920
1633826836689059842
2943677226
595769820
1477681322
18206462
1580978593550589953
1597127751248449536
14246109
63578758
17028405
1451755414433894401
1493728185040596998
1508867469447864324
1411231825742151680
15243900
18156817
27781502
1171155332917321730
30343716
79662870
1491615793955540993
175455996
38543346
1630967518906155010
16458383
4239551
893617697845518336
121217779
3287510610
268981745
1363934132774989828
1589986640587640834
999717186
14562285
2730471
234891867
1469849122333204483
63192345
201568015
121546530
238441755
1625954975523422208
17220817
22346318
813935564
2587929792
105196298
19380775
1544917943477157888
1636180648502198274
317808268
17094323
11177042
31481543
1354304760787025922
4459084814
829341798
3939574932
1318378455063351296
1351521177689329666
1488980316513456128
1494082747379290112
2464997756
308658903
1304199488014180352
1054863627029598208
408051799
1489987177031376905
2853461537
20830658
983023046427471873
149338764
62280438
19368416
15249082
2382725792
1227799690579718144
740724798
1619852272988557312
20542450
3078558972
172662104
37573341
720405636182216704
2610298627
993312461322444800
1176026136117166080
1085225533623783424
1448415075279294471
1437416932458762240
4168430639
18819064
39769718
1573074338542133250
1084247725640540161
1549461766983360512
826261914
78368586
1481317235297714177
1485689970593468416
1317743454122774529
82821139
1062241123018596353
16657990
22816591
380285402
97914405
291952825
1411666483424362499
120015232
15566794
27312853
415201756
1497717730975354889
1552795969959636992
1297839315326836738
1478827435432894464
1085780215014379520
1065101037512536064
1352391826343391233
2786329833
24215154
1402817042
1124328094335037440
957405348435984384
1550741142718754816
952967366098354176
806344552718045184
1591964800216612866
101628449
879423919047954432
1249578344
1470080552053231639
880618536
1067672476635656192
12775122
3511226595
3229635973
26926819
1354271579287371780
1547942595539529729
1181167358351556610
1236822820237139968
3311031979
1524400308947853313
54930002
190386241
14112406
1240729423831134208
494530927
108200472
736581050600685569
201066140
3076937787
1033067494523715586
237926970
62552352
47812581
1562197682260586496
1514081242274144259
2655377238
1342877433297453056
916055635963281410
1091838536582451200
1539068139903717377
71593066
1582610063339900933
1577761560394665984
1489294769125834755
1393315828838199297
517428870
1414693574399115268
971841850695979010
17995040
285916664
1586586714411216896
850036892
18584875
534023
25073877
1520088872692027393
781761679432388609
16261627
1489389200445214721
952971869828784128
14752818
808464904575299584
47207414
1150641200828837889
1346469911170748417
1342174584594960384
1509854768
246876306
1362180169398558720
30349240
16944887
4207961
18231517
1268237648
579447293
14894595
180449346
1019406014636888064
17192732
3306324576
226325854
1167575631061585920
2661664370
1466807045726916613
288309667
15212187
4444832837
3765498081
16482242
328801479
1153381649096142848
22163953
1476388764884819976
569991916
2165754981
15755669
50772918
611986351
828715817504219136
703394802
59360595
43412697
182019517
429227921
51884939
410893575
1424619313
134976379
38296323
18627550
1276485684
24779883
15912890
892762519621816320
2217125934
1478888978849931267
963204890842615809
15874918
169087264
176212898
896466491587080194
69594077
17393196
21691691
942098814
2303889757
3145606277
1197221358293250049
3319086913
160957150
220357553
6573352
403512052
1357717304931479552
107409628
109728838
1547361243970912256
3015826974
1296186070191575041
989591203300569088
465938540
1248999528700604417
736215563010072578
43820561
26193717
39308549
34704207
2887557934
976569885009485824
917417316
1392771319222177794
1295809439685963776
15867418
23899662
1901916354
4071741552
757659945487728640
402369157
40891771
69421704
50940533
1551693235688353792
2384339407
89761235
23499976
761284767945928704
16361563
1460759203685961733
21045442
158515843
169172256
36445431
14849723
1452005189758586881
68216386
2448468312
2396765562
53546501
22148159
1550587692894654466
1161487577121271811
3266141046
54856746
11336782
26322490
1149024099995475968
15962190
96853313
37733939
1272961221151600640
844651586269802496
851621084801748992
352561706
21306064
1540029780967317504
386983036
44630644
16115803
48219458
1507338108
71143737
445695736
28215139
1353211615739596800
40343920
430421961
2674648970
2802716313
23164592
584353887
2235623840
48861897
17893558
16948493
115705583
1538316147765874689
19551661
1938744642
1055828268799029248
87679233
16058854
375721095
55979419
27179811
1198792771085033472
876199686939475969
1538052616843800576
61090648
1446932149148344320
159955958
2471692340
546822376
22727932
1467910376750661639
279839711
1429114973356118019
2830617163
535643852
2686185181
738118487122419712
102179167
574023982
1289612966
1450581616967880705
1433576259745824777
1334607534460690438
1052619980674482176
116252479
15088803
1108676095
424586525
2864381561
612834103
1514016991421644802
1541001406831702017
378079618
1395692103410331651
18230519
250822934
1490783731929411587
83032395
1482084076269948930
41116847
130489141
87048122
19959977
1265116808123518976
832419235980644352
46310899
3660758177
1564192212
2573827687
1387553265299034115
592730371
367351279
1310362649948020736
1112082845965733888
1525149027028721664
426030688
228240353
1285608444595068928
1264950281181200388
1343279395990102018
336624913
15150080
3840
1499036622733545474
1512186210520772608
16106584
1328422666198544385
1438558574519537669
756331316
1422587158486044679
1187835922118787073
154414088
223459075
196478542
1100185856
970459075321327616
1493719465099362306
784531455280029702
1379990548870619142
46069058
347599287
1633141729
1363985661536002049
116512229
65190827
1523896121264771074
735181797252726784
1374073866604150785
16715398
2710946063
573079884
876706980
922276111567945728
2795834466
1466567065414750208
46952745
2575205850
226221523
2485858004
189305014
20464769
1324718672565424128
3412634493
18482836
2191884285
1064749894617972736
1405584935759482881
27337643
121897963
220118448
1017513439462211585
69671781
155344732
394078541
22524908
1333666682456465408
1227390515508731904
1339032784417947648
1115397516231462912
143169070
4473053653
1336448563140685825
1139583522648338437
196168350
1400837712400158723
1522049322828804097
1427756211030552580
1321483484
23735651
15847110
3585300914
3099501
20965811
1694753124
19624966
884846170194956288
1477504626794672128
16029143
2537574258
1149835788
42735372
1499116224638160897
1687532209
2821330426
1375135835331293185
44196397
1515781648310161409
1499557569664196609
1440081518332833799
1343531834
3311818579
143607680
375852740
1256286307858317312
1905324606
67029337
3319762895
15392486
79786803
25913049
163760150
17723303
720760007306846208
18816480
1435650503866650630
1236658732920115202
1123515366007877634
943263364498591744
38378369
1437578872183144452
1426227719470157827
1097307966213160961
249502585
612513595
15392053
1927594470
1495807120696090624
208725869
526890219
1040462250
867150952956145664
1478627218293018632
1021070377357795328
624112241
52244066
1488203757233922050
1370779040949415937
16076032
3438034840
49125571
510674085
14861261
2712759380
1190029406468820992
27763050
1256539419303186432
267306559
305752447
76677728
231275873
192955168
15656406
979613208
1092822165936848898
357257513
54305528
31278468
1495258981719101440
21010515
1436351469880369154
829139420179734528
1013520185649606656
316658983
991645457117073408
886191216655826944
31017730
709791218075459584
770619360062898176
1417924017177042946
20076659
13493302
37818981
1358039563
714025722147246080
31700619
18950931
986403517081505793
1241570477086310401
2817847452
1503832283362430976
1111798524985909250
809464383742951424
18973663
1437459140733931521
14862190
9648652
1920465331
363124620
1493722258526781443
1477711198044839938
85960231
36235676
1345622759116664834
1466434067830915078
1417236433878884352
603155306
1346260466285199360
327175464
14749520
14602589
14653661
1332784849317486596
1075579124
66544351
749745106085818368
365939318
256146345
18342379
35039490
14238524
214337395
4718706551
20954885
27513328
66042578
920554562364301312
20504168
728102354151559168
210833051
2161601605
1104806222044250112
749953926
3899701161
716890407494242304
2372153383
1429019645994930178
98952417
376326941
44426926
63608296
1159534310883516416
328223099
413579304
17102024
1489542081550848005
11134252
1093391797202628608
14955353
908856245414531072
1191902114101878784
18655359
18006842
25319414
21834808
2858630334
563009773
204458046
1217614871908339712
393058258
941676159187767296
74057861
989571344550391808
1109532876310302721
368703433
67494190
27499683
1178799842698698752
41954652
1477355121621147648
2463627350
19120852
1049369972
566137233
775803895
612791513
1026510249530937344
226319809
1441878275119206404
1405584652459409410
1474419604231360512
68721634
908044479629799425
991932921459101697
824659956322500609
1230761021486194690
1021461090671030272
859961127526170625
2311135334
1384188639836397572
1389633129846034435
10904832
1441965051414339586
34738867
1404805140675272704
289548939
480998824
233614491
7663702
1054575953169604608
27072201
370281589
21147846
372558456
221521280
44774107
2578363100
15925901
72338082
1326229737551912960
260100475
21431869
1427329612552425480
33620284
30142826
773770804068777984
215889242
1295326471821520899
133807100
342922268
48492831
1388577826824196099
49693609
9462782
18391051
25816369
1354673576251592705
4914384040
1035689846
19380045
1312367672
402397519
2784183660
1411373572426108928
21316683
22066555
1047182151689560065
618428335
30174658
23372163
22815141
234196420
376387897
73834352
52712735
172904695
2521469449
481264718
108383425
1324421878639783936
1378106442473828352
1403732170724712452
16216842
15829402
2474749586
172546904
1115029915542228992
3905193072
1831831
194784415
292460388
16396368
49410204
325716763
188594214
718393346
22312032
14829286
2270908984
27818323
397524351
19923144
1102014647421554688
931103987809468416
15162304
113518978
121118692
878247600096509952
1093266704
33372937
237088802
274369740
829828033674555393
61880886
17558991
66429665
2701432201
953704393446076416
117680347
1425859260248854535
15105000
842550130712616962
165869629
21841004
81686367
65406410
612187173
1261895351302123521
1325834536660344833
877295296828522496
63653875
2202064519
67469565
1532963154
14763494
828473644640718848
1661586091
1239575424281149440
17499394
1422356941137870849
188166400
16963843
33813365
14278608
1219773745985835010
1374883814913105925
1040350590
4618261
10042372
14885540
614405369
318043218
21461944
267822729
210732204
1149061356580007936
1391199015656595460
266803558
3300634199
1648237104
366781966
1088183660950384640
35355156
17828988
464431854
1308087077456809994
223330698
12524522
38251431
613838334
23378774
64038938
173129208
1078306448
4286063352
46047105
1271149855193174016
1295151162518167552
2941088702
63751266
804823052739637248
1406515753256329221
442509125
763729578519097345
724343164820037632
430697990
919985320090673152
836907092111994880
1138150957873803266
195271137
36354710
1320934669831921664
1415688058910003207
1075412340323962880
611818113
45617221
1389957852450594823
2904757123
1307017366937583616
7900962
793146417086771200
1332351570193707008
41538528
17379685
10252962
2884771
15438913
1386721013254131717
859203907
1367531
322545568
2480216612
28917111
1358865839244517376
1338995143492337664
575614398
903451260841377792
14480299
18989355
940082599665397760
117296480
317271050
1272284577705259008
1213580284416774144
1402097602032660481
50153396
90730707
480857672
58065700
18703437
492029562
36765621
33907531
427062202
19045299
284961454
1369451382701498371
272548778
48534208
331753810
16561457
91176384
34099535
1531370252
47790669
24928809
15976697
1357926125561782277
56604949
3797673498
1343740146630451200
854775388081332224
28240293
42710376
19418497
14293654
79740267
76242804
139482379
279201057
324703658
1361576384674418688
1381791738474364937
1387244840191205379
8002382
294145954
239210681
15054844
1075135057285779456
1242849310422659073
2854486615
2426419434
495469901
47337027
37541274
1382931646123368448
1014181156370112512
19365985
15012486
212119338
74643663
64643056
981274167260729345
33830333
825253392167493632
855561544553213952
82685566
53285540
1056157145631051778
1561462230
347272439
456870918
1101301311096512512
1381097318238146562
59613939
2451498133
1304234450578935808
1300614702096154627
2213671537
988491224586768385
310132301
711012609638531072
2284158414
2911247412
1196923862
296920241
1416737641
358305631
3630708511
1207881984455802880
18073079
1024276339115917312
11491562
838858685132595200
453527641
35128549
870504834
1370182975187390467
4899991
1331340989357670401
382685028
2588246996
1371251107075264514
1346591364578902017
541248599
1362094549913362437
112359744
28279637
202314822
80233893
31191534
758731561592246272
972371318
1115740529994502144
18202632
2730390494
852028974188199940
43484759
828972781698060288
1272949275048022017
34542392
27796499
74516238
886019726
743309804219731969
1385326889531678721
1698056707
1264788474
20192875
3303293865
506733400
900729610073235460
4924442289
50323173
358545917
352728316
879548970082721792
1317012311262089216
26789906
1038293940
1071585991
11768582
29005304
393469195
227530730
2835451658
207684836
363513889
1037317008117981190
1361827879995068419
1074725678
29866783
3246240146
3323433186
900893131150839808
1052340980764921856
31171238
1400007925
24122822
1100330300
1894347926
49790891
1859566374
872127238480723969
18812572
883578990
1367210544084623362
1375297014473232389
912902659
1500129642
776279308041990144
267425142
71453676
3262856780
77745755
19266760
62391729
29140169
252789303
86817527
3431679554
143500773
29757535
339731465
1327837267
1299476564149596162
1130901493052141568
15216569
2422862203
10378382
1017156369747767296
1322277559103561728
399121512
807095
265607243
24445207
1098330033255415808
469330483
131497030
1370483119950680065
490098735
1367172945433354242
415284463
241123289
16664681
1359375023962693638
109702390
1350653103125749761
43425534
1372654833673584642
28959064
3180247177
16012783
371794405
748522325587353601
131337021
1143338027307192320
1107104050435289089
1305389403561324545
10484792
1277417095370665984
1266053299859587073
40087340
762870498187280384
371427945
1038208115525799936
2835722978
571214272
475757358
21579611
38602009
1295455922777501696
2169058182
1137701
21056862
44566211
37123618
32666018
1862286925
757924803831533568
42840726
65497475
30911833
37861681
739574765262753793
194352411
74844326
754485
440363443
170699708
114908828
333635486
46817943
39844513
4822989731
875730123168784385
106597256
1299122273065017344
553356773
928529840126402562
77577780
1292575141445083137
370902991
41639579
755113
189032168
1339353689203589124
155021857
90895844
996860910902829056
1094888014558289921
101638451
2883211065
3253705459
16299627
1364784554
78946500
386304404
16318114
16887428
17563812
40959360
48799264
61891721
87409589
294290273
310450883
321143423
351897105
499532691
1273362114
1255393579507351554
9677372
10433782
15434024
338672074
785493726
39829513
2659894350
56223278
700434248738566144
1311878169239019521
938861780306092032
117218907
1299405799517634560
613149983
130254641
216803479
2777989441
80366372
52286180
971554761114763264
2728784836
21985515
210942925
33680887
25146248
156342363
35769315
2216626087
95516905
24233631
16374678
1424846803
1362205137901555713
825198946880360448
172401964
1345898821243392000
284873242
18650514
1730096126
1343277487195754496
1292412681693982721
13418552
1092883485864280064
78358892
22301031
1350921598329520134
27975918
1276698596625154048
15589026
586032653
17525171
16331010
17446621
1383296672
14219486
25291119
340770960
19748124
43771134
213886535
200672583
136373431
1289321
18717370
20183845
103140276
232450395
306420556
371043064
1426931724
2462147214
2818268257
39555604
28586924
2166617023
903045224267735040
25772065
1280294863716487168
90524093
562955003
30090529
352084835
64006346
11787
168741670
107760015
1925435125
16005250
61267358
202505968
973433350219120640
15237525
799768071581798400
3318099192
1319642408808812545
2555015184
400542673
1378196390
15640533
26914630
596687292
404228656
90895400
16657699
109387660
292625565
67213875
36183636
16510537
16562949
18132494
34700777
14093707
407440890
235385000
2314441351
16634635
18644245
59243738
93744888
830958870348525568
215369273
395502436
23257731
478246306
583542726
1014553522698768387
2467791
17469289
2201908476
2546470542
2696624611
740285044179144705
1204506347842064384
278142514
2751107083
2421092282
334192052
2696565510
2688573054
2508209251
1393084052
2484677850
2579182045
2693681478
2834669914
241608523
148945945
3234879118
1345128166080217088
204970988
988145939931107334
836792871097262080
1315481036474572800
1390669327
36511031
1110577925533818880
2902401494
30530776
240779662
1216527222397210624
1280750674041384966
1260980589332541441
339287686
1345188134426791939
1117575054609354752
1222766968127684608
1491864084
1147017120703811585
769609936418418688
1280177793855221760
1254430021055164418
26928597
128632829
2319791143
20097362
26703365
25150468
19031057
2927379996
15652540
18993395
23169735
121597316
746445728587755520
1101896834933501953
21952872
14063016
2535377622
819034558058229760
17585438
1214407449811152898
1297879129732403201
287912664
1488913117
902908333270605826
1290173810822524928
1028800091585310723
1224925420149248004
249862904
1236913072180084737
