1707377351758065664
1211851854071484416
1595272344389537792
1650169771260821506
598626311
1466983266334953480
1063961320532324353
2919047954
1692258109517975554
1632233985492373505
18572546
1658254259966681089
1593458817169297408
1700309204764893184
1181680423652532225
1494648920
1566616474395054082
1356799074624819204
19738104
1699202373082906624
913824099297669120
1347704593438879745
896258742
1699199721670348800
2472399354
1270389025749323778
1524226014271913984
1598157158805569538
1552795969959636992
1041042565267697666
1621664499575947266
1675318406092922881
1664532550193143809
1680609901234515968
1221441944267653120
1595989904806318080
1665291837882474498
1618083512397041664
1679939458324463618
439373269
1676292529665220611
1481110622079266817
1375949676
2987357114
18767445
1660222504508575744
1566110983147372544
980098550897004551
1689091823015436290
1519656546338283524
723219985284345856
817221436699836416
1348290723150442496
899401541177622528
1559762417319567361
619494463
1651730970154770432
1622588070246641666
1686421730976321544
1560165037712572417
1411821879388737538
1291128494
1570553871281393666
1638727341181394944
1026249782644416513
1267691053043331077
1183093074760818688
18854849
1616579487121948672
1463884291755159575
1680446085758701568
1648553784660951040
1271450714456408070
407179694
1276172177973358599
1307128855753191424
1518690130483048448
1494036732727152646
1676760987855192066
1084375028
1377455442956259335
953298828253384704
1669073544016175106
1451025651440439296
2237865246
1500160140854673409
921614845
1608093395729219584
1633920117015732228
1617873388063854598
36266589
1636011810988998659
1222539520308105223
11347122
1518982806088691712
1014378172710817792
82652901
18028981
971921107992350720
705902960967094272
1510397630395949062
972631922894491649
1643681329115189248
1174153996363345921
1458892174330896399
1645470150798213131
93081569
1567340712550694912
1002613488664174594
1462699718782464000
50171349
1655353145202188288
1646002133030907906
1188979911958118400
1661745103101390851
1207874097251639296
1280751674311806976
1638800105401622528
2868329501
1618264658372165633
1092346141998370816
856716103795519488
1343626980894371840
1640415456161873923
1541220528689643521
577556892
1478893991932268544
1613278975190618118
1588411140664692736
1490073340052226049
381294611
1551725959534895104
1493666471704211459
1649525426883112960
961134787
4924587125
40604613
1436081149307015168
1336724094188969992
4561640101
2448356087
815626547260510208
2274646646
1337034903200862211
4241210177
1264663304573763590
8865592
1612606345169063936
1646020801580400640
443181346
1519507789873303557
2231109295
1621088199345856513
19222164
1630787765087477760
1646149366388781062
591882585
1528351659436408832
321954654
1585837987656388608
739013222569807872
3090115562
14499829
1054669807537156096
1399449164782706693
1305792305539026948
1146509923683131398
1553189943131906048
1640472452491882496
1493294940708696069
1299515370349441026
4627081402
15537855
1603285160941731841
805502502028398593
1456729420702617601
1540076023940874240
1603231633007673344
919764665663672320
1504231447107833858
1639355757517758481
1599510806680535042
1514791886115901449
965451112395415552
1638303459274260486
1136851160424300545
29292341
2569514759
1442238195387678721
2408072475
1636851199738609664
1192959904757243909
1633604566850715650
1572446416496099329
1586172392493064194
1597457570821701633
910785736902819840
846949171680739328
1387219918597328897
1606086006628810753
1467305555689500675
54658408
1595904217813843969
1612940361810468864
1617868106931511298
1617230933186285568
960285302899298304
1210681987016646657
1627949800644829184
1088285294477103104
1595154079218556930
1593217766017961985
2330662620
402181258
1483977940534710277
857773878470430720
1174708184126300160
622310854
1548656278783901696
1479604215962124294
1376251797640187909
1624128105240469504
717381804236386305
18207013
1052722633152679936
1343695897977360386
3066800573
1255214533
1453352547369029636
1601800128440209408
2388042907
3623795001
428454304
937799990902251520
446282869
6054912
1253780534813212673
1428293763143815169
29912070
521167914
1043939776791867392
1342989756611907584
33665720
805903982270918656
1530129316901699585
1049379887587450881
1595983949108457472
1603974103362424832
59001488
1284275307718025216
1285969540350959616
792177705831858176
588703829
978620492
1423015821551366146
1574805474775420935
1606360263493566464
1265451076993646593
1610797434396893184
792096589191852033
1442524786521870337
1210903046
897675682645463040
1538784529296592897
4891451439
1609307792351068164
1303465299107360769
1417845672942968832
1288319695658135552
1600012885085851648
869259764768927745
1483163163633856512
1599206804092854273
1230018084389343238
1966630022
1587524967188439040
1469414148467527684
1595981737758269442
1594466896199708672
2989441184
1587151191712071681
1586932279988953089
1511743429667131396
1590452156003385346
1568764311383719936
1483150124264136705
1319400309022707713
1598809236355497984
1595180798134538240
1503354507207778306
4586937621
1540108905241612288
333357345
1351784175456555009
1482441894722359298
1231432741725638656
1597922876782280704
537709549
74760182
432109094
2772178498
1329231299521900545
1518815025233768448
1603958097478721536
795342400239652864
1586184850993778690
1464322912979144712
1594156683454021632
1596388313401032704
1151913018936053760
911157448592855042
108465379
1322060763243122689
579780672
2672615846
1117898546055761920
1294699828564328448
2369157648
1530576403086950400
1516072413854941192
825560438121385992
1485278218210922502
1356514488451817472
1317301474595045376
1216660255888642048
976569885009485824
16395120
1041044330092195840
1419739889969598467
1533325978151399425
899751257145049089
562479676
3579012568
1248205883852685313
1190856738003652608
1136337439637868544
1370259486661767169
1144208377
1354837488653791236
1355598961848045571
1440054288462479370
1517655068232802306
1481443120738885637
1434720042193760256
1481379770487250948
21471462
1024930357
21673094
900662551
1216076954375421952
7836472
1148299267481563138
947984296224096257
69426451
1251900966770794498
872683897
40355349
15228276
880474190939344899
91583544
1476250401389350912
1133781254959239168
1495585131678994433
1473723101275906050
1426982291260182533
109640315
1668532664
43399022
1468139512610050052
811307733274296321
1368517291256602629
71298686
1490815280817258496
240760644
101852818
19721592
3299995136
111451742
1393936924830732288
726873022603362304
1364663430825865218
1217891120241311745
2979907852
1299280837293142017
753195112176480256
39442606
232780049
1366130381045530626
1089308757035794432
1456718154764365829
624210678
45598972
843965625177399296
1265214819768008705
1145217215609942016
523276626
1225241728304787458
1413602068028350467
880602945632575488
40721215
2730264319
717577525375860736
1144774139896565760
377082410
100789370
1293015055622115336
274403383
1467931973616386052
2928933496
117338050
18802551
1441916605567356928
96502351
1214696996566638595
35787166
979973503104372736
1300593189938626560
951885353824276480
1171963197601046529
2945287090
163071725
1371581088586420229
1071585991
1157277186988171264
926054168753709056
16813044
2871659160
2461415840
873051724604334080
816609107943845888
1378392606476886016
1241578331277058048
45876240
3948308435
3634508187
433365936
1335287719765946369
1378541651526889472
1099570025491423233
1329891389430243330
1187808818522030080
1187835922118787073
3231657095
2885543426
1282926007
765909323545513984
1061860628
98992586
48117116
1362301673335570433
318218261
1351340421847404544
20942338
2974742145
195773944
1201670995435646976
521005618
37679352
1188162952299450368
944759630131023872
826065164504006657
1304537279332069376
2301990517
37575922
83992997
1147926084115210240
2832135565
867639769794101248
2975091705
15392486
2327592480
961845634889236482
1268688487403917313
235839823
4040287515
310043213
2984243591
1812055789
1046650817019662336
704943112217608193
809558047
1098091506886471680
19149039
98002087
19218053
828454426088050688
44385628
47147028
1017000236789780480
105901883
18708396
20545835
2987649676
14765807
2979242392
441080463
2949711899
45033456
45676731
892237368589115393
4041824789
204967872
3410843525
951967167926362112
969218051555184640
24926288
434458299
2411942305
36009071
983108315466162178
1145232808811618306
1003392522410954753
1041353138
75279569
1229337264272134144
775696688489099264
3958327401
92844900
2432310906
44806891
282695161
2918039334
859409582426251269
816210054
98450036
54066216
1129762164
930381362275799040
14862190
30534986
1082790600292925440
1649363450
2181493660
759081003168112640
372659543
1199133760312229889
18592146
628954042
19415893
123036487
9287122
67328110
353422065
961472911805636608
193160214
431049342
1542228578
1116345515761909760
72783659
375721095
2438831503
32503010
892192950272356352
296092317
1201985743729524736
1040629068264366080
872148729184362497
3807079047
27995424
35511525
14458643
878087280321335298
1151261114384171008
1085563941672050688
2835451658
971841850695979010
908856245414531072
563883153
90773725
1102987848741998592
840267310287990784
63485337
892130360888352773
305211380
895411770105491457
282747242
113137765
778763106289758208
1164176887712796672
2779389582
1047214654450294791
749016639287414784
1214604162547109888
353040882
367703310
209693451
1362368612
33280581
1145702015374438401
1153042794375712770
989231
757832485
739610364975808513
767960339547774976
1064519591701987328
838457598303223808
226194552
1166189726635712512
26808497
21784951
19352525
350822109
2315444339
43199322
16812908
816131319033950208
43750993
20774353
83748727
19742034
27522964
54856746
859635283
959552100979150848
15719232
980630766571925504
4639413136
962650783182331904
26520948
233000889
21522338
474653218
826137355
474571974
1144299646896025602
1356030014
3910501154
3119063535
876408437814558724
27195582
2383015286
829383694976643072
240393970
975200486
69431084
1031606817359585281
3192441942
24822993
2259792259
16740433
3105470573
123899931
932011810235891712
53979469
3267456386
72955560
1108472017144201216
410409666
16597389
62876780
164070785
990317363915579392
14895030
66019768
52338305
282318959
33152005
427089628
18208354
21149655
20094138
776966190
832336297641512960
2874102076
266893944
807309197348077568
2228878592
845689249
23359769
973299954843312128
321128387
1687460006
855318254
16916445
15518286
852649272000389120
22039091
45828171
66159921
927531930601521152
27000730
496328612
1898030576
151930383
220081296
138203134
2271884777
1008598678523842560
34694337
1052121042
534023
1085686909979054080
619400667
983766825610694656
15725659
118567880
2795404498
44914646
192411414
19211550
18983793
106711386
346384148
1408003598
2448609582
202303356
790669549
1486770222
971107799659896832
375852740
1031747223569227776
2937613910
93637779
762389795037294592
731649894805463040
2582467622
240107748
397545273
110542860
913308968809672705
237454669
974815493151477761
180394936
2847586141
804856944884387840
570850361
3932768472
498982321
15567770
18584875
45445747
55381358
3115929100
42465658
721480215948627969
41210781
2358571848
873758990727041024
37843279
215179987
2845280239
876997611193942016
16523905
801962070
39433851
143888401
894506503
22956220
92186819
4336705833
534881613
722528529716383744
2363057095
56401482
359403242
2480268229
52136185
16799621
41778159
17060573
950223333009838080
21190891
45669053
823446493
1941467048
317558232
2996469091
46260635
4182817251
737395473233780736
4862175883
565082326
979427955339333635
53265271
26410248
812073228457930754
936726479295016961
245295624
1176731293
883521891746496512
561603242
945833862684319744
955282114785759232
742033640
775346109434753024
39666268
1233051272
688483
104712573
231815020
385656189
236929765
991396788400635904
4484423373
31050329
932960142185914369
832945998
19420309
40288453
974433208229138432
378863262
2220178097
2887202470
3028112102
878630633706332160
949257748763566081
1127811338
25383811
513876919
295139647
2602912819
864888067102035973
1115931668
717538175590076416
3530404094
314446099
1025333759573471233
291798805
58302881
1520637229
15455253
259001548
35516339
18822612
3080953538
411078079
525318349
384910109
36529101
37666984
29442313
133936708
27385174
777882927740751873
806594622839324672
589611827
731664307117797376
424831203
4040707780
41888514
823018054972018688
871488669219270656
16163639
887010284166144001
3310061541
23347863
172511244
44688778
744070482832596992
3422474392
1222553947
837713562609061889
536528296
3051047575
2567327096
23899355
465148464
407443371
726776356667797505
30202966
15698349
874251688932249601
958892508825649153
3995778614
63796828
487297085
466162552
956719463465828352
330497152
1905450626
792823195782918145
2586056046
3333795492
817060257126084613
398726524
178976534
986045458819833856
50745484
56701775
1627096298
742453163098296320
376453771
47293791
381308128
23000405
957398661578874881
835518942219153408
391738179
354864405
4150395335
798654543911272449
881273330711617536
177812997
537567953
245649240
14246001
472431999
67685428
797560639
1332763140
2460123559
738034558084472832
523545241
993221261777088512
848651096
704721650588192768
33973135
520571793
1335474330
123960348
4855019266
589501315
3108211005
4870422479
704839738675474432
397628258
1180495152
3107597132
3038472803
3408871793
714921389204115456
885701294446358528
986403502263078914
916979813562421248
298607792
1198539396
3074320292
531244825
1211999354
875856268056969216
56413858
50772918
138182116
345562309
850036892
2945681430
584561082
2471692340
56149176
791439021754884096
37596647
1263355310
2798136434
43906698
44945327
849330329668145152
875824534858944512
819911162821128193
383418826
882648784622235650
820242091733200896
408139196
822914780834893826
37874163
4137987573
1002991255167651840
2940112469
1281620143
950400897036800001
596783697
795080168511410176
609986327
307536064
1497670207
418070611
3439408259
490213914
1392450798
485703398
341027410
2169900741
758130468906602496
784139475190513664
1656067214
258906832
2693404599
85159106
950567666980356097
93496023
2945720283
22296223
849015303371620352
882269198881181696
832525439591706624
18765706
925495208703348737
1593860288
608250670
2718236783
936975459941838848
3219945029
2716941261
311265104
2171412551
4765364386
42227444
381678556
47709488
376748053
125640659
1673370270
2887440653
305107809
3308254063
2336672320
533470384
968558882
754464906015944704
4896201527
378273505
2366298187
19480140
41483772
822791641396289536
14728168
332753135
773184797455900676
18176907
3064839573
839920627788165120
770651434568134656
2790314135
239693731
416004523
897638606189113345
108081185
134457831
705179998173454337
745874492044488705
833831496620318724
1932402193
943834519936884736
819691046519050240
1479104821
27064554
159582428
2800409779
1269955592
887570337226948609
985580779
953670515033497602
24392364
828732711472943104
926603843001028610
1659990266
3069163514
903776299042398209
16841073
17980523
202952121
27973393
935882636379160577
786025418709020672
421460415
267868746
837745482340282368
785661807243452416
807704188566327296
855530387086376960
503308612
2584879251
2806586987
970375944136519681
28712882
716115588985200644
4693274185
2757627329
2722279150
2946622839
974103609192472576
955809216152920065
823734730642391045
762728054426775553
1883261514
746367431388585984
890630951100792832
176608441
187547165
830135572551303168
343396600
281373704
3353061012
813567258781810688
532805782
713482341050519552
4196480681
951196287294062592
947978025345409026
886872463
942551210275540992
500336858
885897509557633025
903456604162588673
55263400
901502536233885696
822764755324702722
836211469448540160
787683381836324864
955566301132423168
2963557016
1931092784
275524883
16589206
2853461537
16076032
47893782
35403992
835309132509024260
16790256
896466491587080194
779183203810631680
761952061118255104
816849300969885696
1442132509
1342089816
725009083
972813749794025472
58007320
418867782
837867347570368512
486863160
3374730436
590029221
403847531
769745617736327168
329791991
858703718
1157236081
260837279
980515108924387334
865098874620231680
30554954
740880607975243777
39784178
17997831
297803476
745228296
1167806174
823960420692148224
189832643
23457739
251434644
967919269643087877
956542675762610176
26210888
824781146483523584
966118461926727681
3087610824
993547598802931712
3403358770
1097934500
935739601301458947
2996908511
396231754
57721915
784844569699549184
797489195136720896
4824408413
104553468
1614629287
736452234825895936
4519910728
1890332634
800477932686753792
40594117
980790945397473280
457998446
3409451914
605802201
779079006398271488
755425272795652097
2522749278
872945002585784320
4191064227
405172788
843701312
307913061
731869622434029568
407958396
794130383805628416
933118765214191616
527276621
536872696
733467830478245890
37764773
19490414
849428058901811202
261749735
2935489123
786304953652383744
764575616649859072
826259912363737088
82707747
867330446
938794615712382976
707165758
93710794
990078319965057024
534587730
40907658
148776416
971421143637921792
2278261956
846740373309304834
970053428964622336
65159946
782041195035975680
949629098464301057
2312490275
947271257149583361
843335363506700288
2628604958
509384598
3153618254
743055723756720128
874763028
992204358254284800
90286882
20390823
901263794466205696
23866895
772984998332858369
998599047362555904
704844310462631936
747883651
27471854
998076478834270208
3496986612
2193267170
2215716475
748253412064636928
2577898681
340540308
3581716035
59850640
2236653182
965273826
796566540019765249
340444048
722118542
15427912
861246117689925633
25176693
15335534
871392391684653060
273542042
14828860
466153891
725338815808724992
18379614
87104000
853185504
789414378458058752
18166778
3493430836
289119511
151936663
3497865853
594990097
871375951254491136
916095008972918789
48691994
1611418885
4686567074
21010253
28033140
534403223
1694596596
324971448
474482133
41868331
1976143068
822355214422441984
738877233243119617
779362758672453632
825127717418864640
1155731180
19359393
2865540585
16320885
1431873422
131282204
2706910842
499154896
983483059428261889
413496131
2178920368
306018809
718650212
84432588
32871086
142339174
11744152
15771644
988573326376427520
899648533510316032
756326863186911233
341194704
20878297
550250082
30449971
271160889
812135885328236551
107433523
814246987621134338
765306808978202626
764575890416234496
29696484
16581837
557480439
17564591
437737633
228747444
398886217
162301746
4878697083
20545300
57049338
823360562260230148
348778908
14559721
24212955
17685258
75541946
842071545296084992
824389632632778755
16671007
3018960919
825608011
2491915123
1854655627
2491517276
410228197
767497303204790272
501456423
462104542
2367966216
600580221
229215667
30359711
386902878
876436089694674945
379378458
2424661159
26040780
592391871
777676503354052608
745391710302244865
34409467
827258161841135623
830128820447539208
15663565
903313767596822528
1942422685
407172652
2353605901
24295482
54306830
20118767
16148677
2326486153
48534885
720052030
35293835
421151092
14964429
802976514845208580
4515650200
30255318
521528148
27987027
116551811
2427244933
14884472
2175836343
369183832
321082871
182824991
136250134
838462994
86383503
65913933
20694291
399868775
35474809
158021888
2192979462
31646738
983493665417867264
18967418
129571843
613151960
288388701
19400611
4018573882
325752111
181253436
266760389
954801974733664257
248469208
818568920684756992
327862439
70547127
472160843
165247460
832978972602429440
37841185
3416674485
24703826
18004222
18266688
313038011
264501955
16667912
21829541
18005085
130684893
90869361
862493306382626818
783836435799429121
21722318
478855762
614517275
138809881
2224079705
120295432
191227452
18316562
970207298
965015705123930114
898930359869612034
15757578
763935668284239872
53429839
2979361895
17192732
2352629311
32626129
20493204
2715208608
18956073
200785205
54716387
19173787
836724024688410625
265607243
125128723
2393507119
2393323908
2993377468
455768446
1500129642
353190789
15207668
19739126
54412900
234163619
58579942
1058807868
38126883
818948638890217473
69022849
935192579725021186
64229716
942089577975697408
825877182622732288
26637348
22869693
5447242
818928162449068032
165586474
47837269
125740073
919954735226073094
21970333
104914594
350987335
34367582
61283362
97034895
65045121
46705002
245441097
41160276
821558644583972865
52140667
20243128
880801071052062720
827879878309642240
823367015830323201
822127086194348032
1933042237
758902327063433216
30968086
45511031
700784500658208768
431071870
380065022
800707492346925056
346197350
21688902
2343897943
85131054
93069110
19107878
21316253
123327472
297532865
467062703
174704146
15522405
902200087
21262114
46302096
239005322
126755086
50434933
52544275
27260086
4819538573
878247600096509952
111400999
2312893002
372372537
217543151
2372164754
770619360062898176
153966123
95994080
3349427633
923660382874537984
92176455
22637974
18244206
114334684
15416505
2248368517
826584591037296640
27285798
34082620
4429709805
539566673
856991644134068224
868239178915610624
599817378
233484761
4107581
761985912456613888
1967216306
21360280
264361128
191589342
360668004
136986438
112280016
28614262
18643437
14645160
2908170952
49034507
27673684
379415450
67494190
25202268
753385398718521344
5509762
22055226
16113700
394392730
1890308449
7597712
4239551
18018355
360086219
11622712
730204715439534080
178999981
695054484083470336
107210947
4081106480
378705538
262760901
259970084
34900333
194693285
620571475
202200137
146568746
37590426
46176168
2417586104
18089606
823693635564802048
57751453
15931637
407396556
47632905
117082566
91386979
307982591
180107694
587849145
844285817266745344
931286316
35039490
3663447194
717803408518938625
592730371
33750798
2298534750
251905304
468646961
33658276
33908800
88048448
3300615934
704391334128394240
252398355
31047836
1683907286
312848382
247981000
940368062
23719684
18247062
171632862
30714782
219429281
47253057
42896073
166751745
19695929
118845216
503400523
232901331
17955706
41091439
120633227
61200555
57048690
278854387
22771961
869029973918658560
1209936918
47233194
934884560
194272236
484214589
314083012
2611940521
2366017656
20975060
315243495
208155240
58120509
15513604
1638671258
1724381533
800942537083068416
467661480
358545917
29458079
476315898
22377889
767449398666113024
2937476451
1901465208
30969194
245963716
85985754
78688997
18916432
455764741
491719838
39344374
22203756
471672239
10292132
750913117081726976
818910970567344128
8415882
818876014390603776
822215679726100480
2596517640
82687751
3006081057
24578794
324236072
19290107
21236099
3294258552
177564016
304583666
1107583092
292929271
81449012
119099353
90480218
1053236226
33938700
3000263343
28628850
48459553
71627462
457984599
175302056
2707645759
44067298
84457849
2316003960
12794062
216776631
270412323
15088082
3154508072
82804316
22454414
26053643
17393196
60680268
1901916354
342165503
31080039
108471631
2316153548
4121225056
311235357
553753344
78523300
466864852
3806553495
20550918
27075032
14845376
14246088
1046023987
81751905
103121811
176546077
53210455
1909844833
368918608
3292463759
3390731
2916305152
77853610
40116885
536694819
392279198
374634100
79293791
149913262
18856867
83047883
20348431
21637092
39349894
65691824
195271137
311065476
2281473800
172360208
253473341
17091068
1416827209
18050303
1516500126
318692762
153491693
16317027
1630896181
23818581
363997734
57499843
142690048
34369690
957484159
1480852568
39559795
2546562188
473061345
1546043996
20117134
582163242
20068679
21619519
2303519437
22055109
56749157
43277789
1632772304
95929534
32913997
119837703
15764644
86364947
62812958
633834660
18948541
585291217
22210943
1383059977
278321453
17847906
16252784
586707638
500127076
19666861
21915917
428829539
22703645
69773058
48029066
118756393
19355813
2809765178
596598606
91882544
39155029
20349823
61599673
95586723
1636590253
73728922
180097097
17448465
759251
807095
28785486
14293310
2467791
7744592
182107650
323468251
371465104
14173315
1652541
15754281
9300262
29465136
15012486
14662354
2884771
19397785
39308549
818927131883356161
113420831
334053327
18812572
184136149
8936082
18646108
5402612
16032925
103060329
34927577
14345062
9532402
1917731
19417492
428333
13850422
26585095
17002185
8839632
173999134
15458694
1339835893
16467567
514976737
212708176
1330457336
31127446
16157855
43919633
27744185
86141342
6017542
1375289149
18805644
11856892
158414847
2836421
216759733
75093019
278093318
9763482
2097571
43425975
564653119
2448135692
119829799
19777398
8794022
1380398929
42389136
18313747
1710705968
1485029462
38284349
401026547
14071227
17773511
33659233
91478624
1364930179
224398794
2700013744
17800215
2584587805
237348797
26837501
474464413
25101996
46681100
17995040
36452050
21010214
20562637
16187637
191204378
144130505
352947624
59949396
68739089
43188716
155784594
56561449
23022687
102488708
1074480192
1059194370
49478990
16228398
397500335
158769098
439804287
72458702
23865085
14246657
315648884
2155117434
454119389
1337503098
275266969
1561413193
1120502689
1323490147
238240205
44196397
70424767
14245378
19949948
243037823
603739418
280513414
267719395
18300792
19737700
33549434
15935028
169211465
202774912
14529929
482525817
64088396
23508492
253872062
17642330
101928415
26112438
17275727
510746189
722788843
15739379
15692988
15369123
18950712
21368060
221498881
16068266
18622869
178384775
1180379185
18138308
442146895
47687609
485221115
289952459
155581583
233842454
18071942
366355851
42822396
15970567
14950928
26350255
16814727
409492790
107633302
183679544
23278137
21687766
22928810
21669806
51241574
29216764
363883148
65837560
90429166
16193222
717036908
64695086
19480011
501151605
28407251
579882868
62336688
152145921
256113470
23544596
14412533
18371439
16007460
16012783
16017475
69799094
19521569
21040094
21631487
34693647
58523
17722477
34732573
98827723
441444364
803589642
592515024
50435929
39205833
112047805
16710420
11134252
103550181
94857536
15635264
415773425
53019309
455977584
17845639
18397725
403386601
74835771
146923798
115160953
16916799
15742985
240501439
24024778
19315909
25100369
363477478
14185058
132965775
14989516
32288130
76057201
290894597
214693898
229323985
20776147
252592692
500368977
25629178
166721424
45190383
20733972
109593737
21310826
6999982
90405702
138160012
14730894
105915404
210825426
102452903
557207039
21323251
338488403
5988062
216881337
38495835
27311044
3135241
3108351
32765534
17469289
822215673812119553
115485051
27382597
166270127
14839147
10168082
209721061
287413569
131497030
410192158
17839988
17091571
19270394
51094283
15450996
20958510
33567705
29624166
13023332
491461409
118115034
21982720
26587993
122193333
16031927
14749383
10926202
20748745
15212187
18891923
25365536
14282169
29487664
37510311
18155174
223970563
14643599
10774652
388555493
242770475
17176805
32951634
215108854
43728481
24466578
414240278
45630738
71660221
166990746
21326270
263758909
91440961
336116660
17078632
9508922
25073877
9021182
44397959
4923811
36082429
16469463
552029126
234832462
120958282
404853713
583127113
15745368
89496720
121543274
114009456
14784586
58379000
257478954
460405170
41980930
733751245
7702542
451852221
32414780
256481320
20346956
16435577
90484508
237403203
277526816
451586190
50055701
34290840
47991586
31136822
62076563
18906561
334715818
42883602
18217624
16971793
44984172
38113478
14454786
92999395
353806381
28701389
17938041
132040026
20650147
292361176
22940219
20569552
22240604
14230524
82741121
15808765
57338175
16989178
28587919
19850687
110445334
247723476
76966145
26946495
172207473
24126361
259379883
46510933
201592016
106203111
26736476
70788259
28672288
15823954
15976697
50325797
19242830
42712551
17454769
640893
26652309
18237802
22570799
206788297
179245596
74323671
26194763
16664681
163971261
14669951
28669612
196168350
41634520
161691033
22155595
169686021
22692199
43652911
19091173
15954472
155331377
37972057
21425125
14103624
71849541
11856032
18791763
20713061
37764422
50769180
26487169
23970102
25185740
65493023
15393098
36171871
57265856
81678665
15131310
1367531
16202274
33339596
55725250
3004231
15224867
19877186
21148293
17358750
813286
19394188
38796485
