2842596040
786146069168033792
44067298
826548801246740480
2287480158
717485087562960896
4375732815
4914071150
830172527045419009
1539831980
833229686301827072
825894473297252352
1471542956
4004059573
601701822
757782194341371904
599817378
1694945473
3183631639
832866524637560833
773606018194481152
952599277
832970658170671104
48918992
795832924537032704
3320255594
470451386
797782463024074753
274619552
974829008
4050704716
720364605701107712
715987907165691904
2814245573
2381733294
2923596620
19804673
3765572533
27585831
780249827405815808
766735292636160000
1856013296
1683891889
760087123332562944
127050602
2465387454
713085882006433792
48117116
824374822457196547
2157806131
756883399726407681
31676125
3335579867
388983706
802722284289064960
81018286
3281410003
2259291457
821013581638602752
3026885718
800154416980455424
2730460349
739649833208680448
844887631
3131097280
183739654
828032628733386754
15379902
887264594
4659366628
110621697
763055531003174913
784912978978168832
3161760900
15246549
4925875802
817506928800763909
593362797
826315194880159744
830164464678817792
3038933113
3630762512
815213246797877248
2168797226
1550044285
828999888566366208
828933431434305536
823836983541764096
72392748
790236148090204160
3242554629
94364299
741041871393153026
340424509
826854979839414282
4349283073
3749906712
1397457762
14773831
3269392159
3409707701
1630603508
827715532354834433
617551313
830181806276280323
21480702
829736250873610240
1952548736
794976578191159296
823050762091642881
763750096412389378
4844128253
169734479
703274801138302976
784384924333637645
41905954
1896796801
740778709058228229
69334073
822831858551504897
829186062912278530
4605549200
827212776913330176
252398355
822865517648154624
824057238369300480
481076801
232108392
714061980332593152
821790918420336640
827316227454406656
749059511793569792
827705849414041600
3832191318
822897234643709953
827769578088304641
5817212
524176313
2407634336
2864960801
766731097224974339
4623117922
353040882
801798415034318848
2683092252
704707974833545216
819129395763933184
772289334733053952
826139922901893120
25620707
3179437199
824354561095847938
735698074832506880
721481155
809118636732547072
564553280
173340776
950473626
823281967428988928
4399065743
240675779
747931051926814720
824402935425667072
130678585
821839719134793728
800827481154523136
817186372314337285
317521541
4398779907
4627236323
818876014390603776
822215679726100480
818120869276958722
811077305959325696
820496645917786112
818920939685548032
32656047
759083837049671680
9533042
801272945599332352
708712377483710465
790285188857262080
821354320092364801
800079959079256064
768332061530730496
3168021200
778278214196047872
781965345401765892
796716665178308608
719137604919275521
4802643650
22576307
815263441279680513
246246234
587838655
1133956332
820419484309684224
819254402531938307
801103514902601728
1151458201
3944021114
375964544
2167457869
799363219496304640
801262898685313024
814858305587712000
236169650
2990158616
1580455968
443562486
733021500807188480
746817352465977344
807118280955596800
768108317281583105
797956900176293888
48093881
112394355
3245152763
818009520014295040
3098026668
801679291335528448
4767839791
3083325002
810664520343552000
813806636707893248
719637459794051073
33219487
487039635
2537586333
30405799
816225539962736640
810233570862256128
717273
76474812
808398699898478597
798798093579743232
4893615497
721856608049963009
139550342
812460971679744000
354462175
1226167963
816435072555433984
816732214260011012
816531041204588544
816447315070382080
816416641936408576
4275351035
801276267408527360
800934034238865409
15502294
4752138140
742530593808748544
759817641116651521
4138067172
3079976824
701069407443939329
39609592
815562371771101188
247054763
811120265166024705
295824553
792142625247748096
2649204961
3315887642
945827982
2795274284
802951658888040448
1724820528
752438280780644352
812835636453380096
814220752987844609
3975306379
813344920266309632
4004625014
780488076976091136
1583806538
563700187
750396377419526144
30594906
517940435
3942256153
2495519732
811469018167119873
2330785615
779875481113866240
741068948905578500
801570398848581632
810715148742754304
755125713443762176
16922539
1271238800
728332609453842432
1129692025
3311878291
3958327401
789668375932837888
795486778832617472
493835892
812989108306014208
27150523
3131353456
131797813
807744099017179138
764714211704344576
707942048440172544
813199707648311296
3413276129
787321641823068161
812757780960518144
810692738387562496
253755555
3057746145
2960481994
428638836
907772065
801214643205066753
793801530570780672
737104639078727680
3301983607
751605161278205952
2858118208
789151567710711809
811662404769685504
809228873078554624
783411410403463172
2465207048
4823851637
790919893193555968
803374240691081216
796041340836605952
756896486076641281
766809605418606592
84397732
445753422
1380012342
431917957
29224525
16190478
4893599590
753779635691855872
775696688489099264
1428663786
3972215427
1041192013
1899562266
3198770264
22703645
722608981793980416
747036947974062080
778204486112317440
787320348882657281
745309072442953728
807055114657636352
90657826
797577148592779266
3041770511
746088347953569792
804777867875913728
127080300
4756731921
4790260051
80728561
2574197140
2432458718
2757894353
760948504197902336
1877198120
797198975921254401
4865246890
2967114333
804366024699215872
59043234
701973641618022400
799133302628163585
741258216097583104
802689116739604480
718321945683574784
3086122882
1053933031
705792417627148288
803854901487042561
784094416365584384
2333719058
798968919545544704
709565577635848193
718891028959387648
775426149858045953
751040319949504512
795342400239652864
1016450659
802019940597264384
300022055
3798307395
27372130
3283645248
15436955
720002180531544064
800791248671948800
27019150
2192569656
22474042
740680023288512513
3331044929
4615615459
797978590885330944
4183328833
756887404112478209
795678047735259136
388909958
799354977860907009
802383562842509312
771075259898351616
21983321
795341514939502593
792393470782636032
3250058599
219007676
798533452056371200
478143027
4775533818
750875572075696128
796189293073100800
799126692497395712
797771277872336896
1962252408
779793218892333057
786599389326344192
799186517625163776
766093949475880961
2883893396
368473421
462505303
538787226
3843606622
90486876
46868661
2576808347
2716396488
4907026480
50026214
775078546289164289
798244922528763904
695254219020967936
39344374
777671567283150849
735538971351080960
776149545356931072
796752871278706689
291850406
20253396
40153378
714235303
215154964
2464670605
2493576936
774908042747912192
754773962114998272
747930487885279232
760313129322635264
795256391657226240
3024317830
773357135971356672
708117149806682113
323208365
3395099242
796349683165757441
778061793184722944
4735176079
4351867402
769359324812496896
4867673157
3698614820
2274646646
83273910
605509229
793795800719654913
4288322237
747835305638563844
2344358742
4407478697
723990760190664704
714622006407335936
4147851323
3286275139
3950690055
768594481591398401
1599531230
250134716
178492030
739236654209196032
468756028
710226149687701504
358508008
795005428530814976
711753712893607937
780094833163657216
30524741
760863950460194817
1141285387
247723476
787847062213713920
3041810822
630465792
793552355446755330
27091468
3119921957
713594552687271937
793122695101706240
718600146619990017
793243266552586240
232359563
744156414126481408
4851021640
283116855
785341840472023040
14288278
704102256476422145
91229859
137878848
2573363284
785626002474930176
731317364399177728
35860455
1058914632
2845014177
2411474370
775441783488589824
1172628210
119494737
1444360400
94654400
784096769147867136
791856027239063552
4549070952
1954309514
1129720458
3953281992
4924353328
724759054925467648
750851361445732352
4850118796
702528273553743875
707744022052216832
760622435259514880
791122750614085632
786814056757731329
761393016049246208
4136394028
520449734
217749896
783231864639193088
706394380039544833
783828183950958592
766603296203153409
48394622
751494344901820416
324236072
784819619286618112
4123868176
773017675249295360
37600949
761601068170031104
63916509
3346509473
2943060805
2743220509
499100663
784563545501528064
2542959578
706623732186537984
774872418611585024
3608192956
240393970
1375284271
779638177959186432
15815757
785338076361097216
1661263351
526000287
587719734
787346713778454529
787127901355384833
754840319624085504
770808287818317825
778299238979473408
2428658977
4513811854
4442866226
4010117476
768737240876847106
382733064
755597096430997505
755208809333882881
724452593636892672
785252227346595841
16989178
4102376488
757385952671170560
2912636946
2415672998
782464780393148416
750376795195617280
3068839747
1573739647
217977118
745714120545046528
4006404124
713792594141118464
701099574883057664
905265421
2204689256
26487169
751979749040238594
739607592
4122226696
784572872102739969
275856420
736423416954130433
783075104364322816
165039823
780217585295986690
18643437
4754777054
2725171190
108465379
82904606
16163639
783374230444400640
313038011
24127811
3311711174
3316502936
2420104395
4820793141
217582754
855444446
779661297927483392
74826397
716376465823174656
23047519
757307916026163200
1474717591
754393868443979776
4446418487
1554838501
744908011995553793
772627663685115904
19985444
771198683098419201
2660660057
3239607127
939142531
173271731
2223776764
227245275
761678218738987008
352657729
4750754828
768981081152364544
76295268
2736856991
3613555641
3331627803
196703514
2992793751
2916305152
16076032
16589206
762297834171359236
780377147391283200
402181258
776560397172166656
121134230
726056313717837824
5656402
769462822690586624
22104333
4094970558
441480729
21924420
710813774719033345
704509152681287682
778069546267619328
769642171150528512
758367012909232128
1455520838
1441217592
733808069440741377
774614125095817217
776657777766830080
18026638
773531440256540672
132689416
1571270053
3260161249
742143047157178368
389604704
775346071492894722
769422258985066496
751091958345560064
772679885672353792
58500166
715899326862606336
4145766023
2317688922
619615498
4907788458
713091070666493953
713181919689707520
732521989269823488
748515255169359874
713661385
4873147625
4333991
15331462
16995760
731168207927705600
1271750239
3952661537
23580800
759938516675538945
766887418578427904
590667723
1009593492
760273657902014464
704189138753490944
3164716111
996730357
431689234
737834741823635457
25218102
4292007617
278409971
766285264855629824
554511972
734508041886916610
4260075732
725873063628312576
56355231
2505208848
3306433080
745881594767024129
360114207
628625394
728305756110360577
2610558030
187257145
1198641650
27662600
744537539512459265
721990981235654656
702555024144990208
257745981
759233592459456513
312168058
758776379215347712
753385168648282112
2828506917
754580585763319810
754375350713520128
3260503620
731724212591693825
225672337
709116264019402752
753939280670502913
2712326760
750422736867102720
736102996065452032
742140900982304768
732409014894501888
2875166787
240454812
751645987064672256
3145993438
732518992934404096
715244092335136768
730084514651881472
732061827895435264
745060802714079232
726857588168638467
749493924000071681
471777660
4906276808
94622658
4882086747
711923136
963036704
4876410448
386844340
451160101
242828949
744818933186715650
19017675
3530308753
2416870339
3103685384
25197042
729335357574029312
736847435314528256
421657756
326176182
742149111365804032
1389290000
4171810933
4891797484
740234765958144001
2546950760
725532958904471552
4364730340
207872098
4716938490
1851434622
741068891913261056
1021100101
29891998
712391621631840256
3574361056
707730765874864128
730646181903093761
2764207294
734081416774963200
3832368799
717564160981139459
2789157908
710317912377008128
718081623451951105
739486676305727488
712334829388484608
723454205302726656
727854268934455296
706954386296057856
3795256100
4445978333
735681791978151937
714838816884916228
80965423
729350892940607489
710765232193277952
711667486
4278414525
736606501184249856
3928100969
14669951
702729262927912960
1558784064
733865470734929925
4874778452
105560657
724603051978321920
3940325757
20859500
726834650929348608
4133717540
3609762852
706959926879334400
726894220452200448
729141843997396992
721785130679996416
729070838302056449
531017198
4764584182
2751990444
1648474652
3290543735
3418851852
3313028954
2260884765
862312976
718303168875139072
3047153930
308069641
712844521126625280
347627434
1420739510
521549863
4198448463
4672951278
712400058403033088
201902948
715022101334200320
716842797949530112
93578331
3083073922
712999409764663296
1397702498
715979593090359296
713131681796857856
22473403
284174585
113987669
710092450925191169
4494252856
3166668422
3247446156
3428634741
706243698418434049
3347478357
702648960033271808
320275643
4717892303
710331498830946304
710590105484959744
3761162117
710626526597947392
3775183516
1613732965
704336271573983232
710288878666706944
3435449260
1656966026
1850293754
2835903163
709099196649963521
2888945875
2904757123
167414897
832250276
2541357239
495413201
3013264236
700512633691066368
14845555
10255692
117200890
456311718
708746996710973440
366008526
709163963783757824
460959896
4706270920
709839153769390088
99188590
518298806
4751008578
3034111655
3438999112
3743021714
848155441
708725268731527168
2293654567
2562398876
4501208963
2313923174
702944148383526912
2368624716
2462035774
706997843656105986
101309081
4260210621
17223116
705543852929720320
4828010125
708473153178066945
262424642
1411870004
2377725654
940503344
24995694
925666188
706458821049360384
707143111441383424
706790567263383554
707288641995939842
1707885074
221977845
4688280565
700471347852419073
236041388
262908615
703799098386751489
53989079
2415253009
214312481
2926128044
1351949928
3693042734
2645915923
1488641918
1540226330
2733560409
705861358017974272
4649155277
2827027954
921533490
172008006
587831931
4907073705
776272687
4875704002
2984880114
893648148
1101268302
3018742509
266894776
3275106368
4818664846
701150077641953280
28504275
826537184
3296150648
3309989336
4834510349
373560368
58569513
53748959
2160141093
538547125
700843907320569857
34952847
185906955
3040409948
109441206
39750025
1669312890
1694170393
1717464030
4347089062
3082399059
21631487
4908659952
2401987555
700486359199272960
4760306185
1356948097
4903085195
3224501762
4667313217
1096498586
2872539789
1494648920
4808336058
2528366786
3188100984
4372443982
605974171
25593846
492833134
4760314708
471062544
56494261
4719945435
3318054378
4844292113
4851681400
3675770234
386208188
38244366
4893382863
4892612080
4889286604
4772356927
2943889222
696510231073964032
4258940112
600076644
337611162
231930779
3108387410
3372490497
4885405431
552168662
857001662
3112171646
129629925
1143467268
2909260462
607456292
24756264
4107027087
566822522
3069213205
3763573877
15877469
2791121294
2381334848
4760707513
887988572
4862076872
3006484925
4859629999
81012248
134780336
3009871927
4725281429
2246733378
1898295032
2320404222
4848541126
1356030014
578469326
557203484
4836571841
4871152575
83382182
4292036594
3022622873
4836121729
4867257995
1426411597
3817159634
4822312218
338382211
4862592664
4855126481
4855976157
2958806686
363845585
181466763
4816842854
4416114310
4826291001
4848697719
4848526600
4647366134
4362664474
4776224118
4776616994
4839816669
424412749
83696994
4832583171
2902092559
526747419
7344272
832886564
2552496212
2937379229
2908170952
620571475
1703616985
4547869279
3410689588
2907480944
4834048150
2748845459
4463144714
2740341602
2793025407
903377622
194272236
4155310816
3264454478
2776661028
127538853
4296388035
2853461537
3221116217
1376265474
2207750809
4776276681
4726355358
2920000789
373474978
229491643
24309304
3720188773
4772695163
3337081857
3235222537
165495108
332405003
3440462663
63532573
1858138154
2331273444
3296369028
2654538558
4528381939
204244309
258923661
532058558
542153653
378176879
98971882
442331062
2242085304
3190978897
2518908922
47002311
206774019
4755987677
784978956
19310698
4745433928
4182349883
3003922317
265481588
4161732137
4664613921
991330362
1072490850
1500301322
4716696767
2790845054
2302711376
4711759292
331279504
4210994913
4700274957
2912832647
368897808
4437294192
4489695012
3224841256
195791156
4668859414
842217397
4651059136
301012064
538699974
4636949955
846278138
2813002398
4639659135
4557743113
4286757329
2434306537
351811866
4588949781
1655640895
1264901245
1969583143
3566638694
1338177896
3145474467
370534934
4568615135
3139495551
15063486
234101276
4539679819
3195774341
3298199384
3288598806
4178109021
2383282580
3272228888
307699687
1200647809
3298145299
4227691992
2654555875
236479093
36452050
4269568881
3076348201
4033326610
128372940
34342682
3434518743
3101985905
4538512573
4011871818
18293603
3431434893
100390670
4350071892
4330370060
3022829314
4328539334
4493366234
1541861504
4431849323
4514070914
36645898
357620913
580946387
3714420136
3539083575
3855063013
455261114
49152198
2307220224
74119441
610844327
4048750576
2945359946
1460535908
125534451
417535779
3855272473
927638324
4348997176
4401817634
3876296536
358521305
3984271999
252028535
16958939
38214152
398713254
4283132548
4298571135
4075563916
2870146648
4320596358
4304560883
1687357537
382690887
299746116
4118737692
367203024
916303212
16413298
2733165740
4235207199
2825856996
4285330759
260574794
2674638409
4025914425
2600665502
3156969062
2453115420
4253811492
3892304129
925865976
4098863773
4195552817
4194374721
3931477515
2265687927
3389768793
1944338258
1513504760
3567793761
1675128804
2902374821
2576136698
4167832037
1900293397
937339807
86766927
3180348943
22789952
60784269
3141249795
141613786
4057797029
3496344734
3973357197
937915279
3506943077
4073155150
4077004577
3262160865
1142312972
3305996965
4046626725
3498686721
14828860
4062503472
3389497619
4046848545
3093242123
61437508
3829836207
20993642
3534965296
541142736
2671293738
2257182427
3107924252
3215301825
3519432132
3949702698
2817668961
3975683819
3402417437
3805699212
395724463
462934944
151139728
2819243381
3324868524
15227440
3076288518
421093084
3880564092
66019768
88168692
3719467108
3633733277
3838979480
3846176453
8332592
3731797275
239893005
46315077
909345294
19038534
3621042614
3271790814
2902174159
1949069192
2307021294
204731800
2206987957
373703345
2396596650
52136185
3747197847
21398656
3403187085
3092034491
2186545345
3733727181
3764892256
47253057
1731076880
3191320373
2813160674
42825230
799896198
3655676363
3222676980
148928173
3454237574
2581230306
63987136
28133951
3295694106
3389961419
1087846765
3502375813
1132497079
498456439
986050952
346641197
557909211
3295028917
27121313
3442341500
3366468074
298948375
3426917625
3298516273
2953422203
2875917137
3191716442
3445316541
2236648082
1217528712
134360868
37233098
2150722754
768284826
1434189619
3064544501
2598183050
358545917
71119995
3283681171
485856310
3389945116
3385924265
69441586
997428386
2879782081
3371704954
21981121
883210339
1100541114
3154508072
3181210090
915287041
3353912866
1597105992
25073877
1903784376
399703754
176726917
99961254
1265906719
23618173
384879840
150923186
2919711
3064640931
2937074977
92849144
402223330
3050935820
3133772156
2534173706
21622781
3044171620
1908883040
3060721410
3096963067
2918981533
10947212
2915111863
626390087
998384479
2593747267
2979053823
2292107268
11198062
359657267
37164285
2519134542
15962096
2856621776
2612870064
2800195376
1589589325
2965078709
1498875012
248190001
738288895
36434365
2858387044
848542128
2740108585
34262462
277120302
432759971
2595182772
1164797604
1319636936
1879607268
2916069720
381289719
463790597
192198200
21956623
28618036
2377579622
2893113000
365073587
428657025
1361978276
2800581040
2395329343
368813227
2822798713
83488856
100638300
2700847994
2602192694
18839785
16814727
70550409
14313203
2827097496
2595336954
2804576845
2792205223
2779401698
2314932500
1208266848
608839312
19602678
2724577333
2570000082
373047072
1441524008
1857292147
574630639
2732672766
604458902
1921148744
16146117
2641299779
1316995082
2596827180
2645182476
259814051
1123364497
529506952
2683574351
1425474888
17904120
2167525794
56562803
16228479
304281220
160152464
47454216
1898481019
303126116
2282123342
2540502402
2538227347
200386708
2427721081
243318995
1946363420
71259130
35336676
1672983920
2280030499
2374426496
139020999
23549130
2436492715
2409590419
2345017434
559472452
1688986260
223782598
2376043004
978184280
2352372745
2273535583
32331231
1157073098
1275807409
1474865598
1329215965
17599264
349199931
270412323
528890147
1090346701
89005882
1271025590
15896663
598990747
254036748
139550237
282747242
1722834128
19878055
1974814879
53606937
27522964
21613794
83992997
2246105347
1182421392
163951423
875696023
59591873
465582767
1357067792
22307765
334921581
829500602
1742804707
50769180
196168350
2263809049
209693451
319586262
595729141
119837703
16997512
12982172
14458643
