86024141
1674731210315005954
1673921097258115077
1466784840641097737
713057384294428672
1486007196274073608
1650914438076153876
1652452631296475136
87498858
1628762764410867714
1504181287468339208
936041350339817472
1423927463172771840
1489140355442245637
1640871705781600256
1615042870104231953
1057665610220531713
984346563110551552
861520656
1633580604926115843
1636002347913564163
739179744898523140
986692161407156225
227125339
1590183455685365760
1625479710481481730
1524050164490637312
1229630497040416769
1346883186
1407586493489553410
1614034599327240194
1422123204768845827
1608285644639313920
1610036490150576134
1540160800534319105
2936841753
1605067236703670273
1430433847687192576
1593949035223719936
755906752038703105
706998199920103424
950148733
2819882936
896158831864156160
2313142795
2990507409
1337826735207936001
1321499645697159168
2683391701
861079217794158592
929922456306950145
1353983860598444032
1354279519637614594
283589371
1350528227266199552
4166982796
1300945465580695552
1350163323061473281
1243158304034975746
90916312
879544389021904900
977253365452193793
263471180
4829941521
1347348048196882434
1283673137775706113
3044789284
1343150345959170048
713763915390459904
1164185015753818112
1250340320841089031
1340371272354684930
1290925531148554240
1339263581511159813
1336561074976387081
1000807582825500672
1120799561260437504
359390032
1332920424083099649
1180764754815660032
1317245448822902788
803420516438724608
1107810326526001153
1326122669327208451
1323996330730180608
802906520421879808
1286866071283093504
2960737793
1275952472188760065
1251607619560771584
3438280593
1071881666744860672
13909672
2153821454
152698082
1317459734614712321
2790807660
1312250344680767490
1303411959702806530
1297648533303066626
763142394418126848
1323297522933239810
1035428598
1158825025056563200
1316774433143640067
129019194
1310777103319789579
1310075199791001600
1310060918018056197
1309924601670111234
1242142787904114704
289423264
1234000168153944064
1303407122017849347
340615271
1307112784992370689
1145702015374438401
1305604982566256640
112089062
956997651177852928
95710740
1164176887712796672
922251984878567424
1299338401167048707
700462997810999298
362619238
990899300333969410
1257459011399663616
1232517078130647042
747440125722779650
1063603025913307136
1264959642586750977
1254919604821823488
1001213722654859265
1293311800864382977
518852512
1411292509
1430061296
38925232
1219170706543579137
1266461701488197632
1103651502135095296
975264139508633600
879403900054450176
863789578813157377
921130686106537984
50993130
257039157
423478792
1020079327168278529
977499941592551424
1087033434747404291
609346435
3027971661
1291500401100038147
1281701332349583360
3226636389
1269752153922551810
1211780664703340544
4777474778
1159818172452786178
1261588327255420929
1288486438418317315
876570335537233922
1278726731122135043
1282465580260499456
29467707
2891994706
712844521126625280
1192471267779260416
518222260
3924885327
248938388
1279976104355299330
1277275484716482560
1069422303816138752
846856945919242240
1268372050055397376
2705787565
501853212
4607761521
1266439152494686208
1267133474990931970
290971993
1024832168768483328
1037327180810911751
1267977254979715076
809514027399385089
919312869396709376
2853172431
125013885
1016297109853736962
2776892210
789236825860796416
1213151836955242496
1269879571375144960
1204504990624231426
96168899
840433985939419136
1269876618463342592
4878438609
976972086647324677
18184729
980212967311470592
1260307073528745985
1271620401106432001
1273102163909238785
1228054966830555137
1062369868685676545
1151497648035323904
1272457925416681472
1097369191529701376
1270922289824043013
1153016997954953216
1268749167427543040
1268827655614365697
940508505663877120
1172324726074560514
920028217
1149881262259265536
1007134548055003136
17809475
1268189411323281408
1110002169279844353
1014193568
1257358314012323841
2428046227
93297122
1267651207989878785
1203177816793210880
1267591744423682051
846204140384587776
1056740805723877376
1267293188814802946
1236771875172343809
1895640367
288056375
1191752119243685889
1071209718331437061
502156623
935580181225529344
1231934949583880196
1237413856265322497
34742011
1213954765316481025
2964639737
1263211367030349826
1203742843036147712
347562985
1543378272
4320678946
1049791881146761216
1092711257789087744
713031225141669889
863740956910043136
575945430
1177948124414918664
1453400521
1649363450
1260257427120939011
283406062
297655080
1202543449850798080
1258525519001407488
1228004097166577672
1235321942640603138
1253879625924648961
839246515927404544
2481356845
4415366053
1235700070651064320
1172548977528659969
856500980766171136
37295817
1107732377256648704
311902008
1241123916959096839
712349056010293248
1241211921531129856
986326330944864256
2787424682
1234665266388373504
1147920334248665089
908094848749719552
1240722607344926721
2253297418
305211380
1239301297255432194
1218336944335347712
1119967699281563651
1212880411887489026
1021807348132794368
1193303590766600192
1220384458177687556
1167036287435575297
3486419713
423811635
1090732081242689536
1203448778948317184
3374475687
193015501
1078277863231635457
723349112070889472
363510768
855303625
1055217338763624448
1219450758044758021
1221445763118649348
1221177479408357377
1221134222544592898
1139311864532340737
1150248494264926208
3108658431
74152318
741412580
720085546983235584
2834129892
953676226798829568
886810743127060480
137474474
1204812708312440833
415589384
1202455716050505729
1148384329657200640
1178831253161697280
1106890204294627328
1142488109654904834
1208105839254556673
1175424186816184320
281851419
1137684447686529024
596872028
25721806
1075216949347577856
1187811999775899649
866771086012231680
1027488180
1196873493629026305
1098318808710811661
4091789427
825442822996295680
1183415036972285952
2316246829
2201831058
790781142857199617
1191254241941377025
1193247732863062016
801124986165624833
1187131553392087040
1084308504406421510
1135640180012900353
1189769758935113729
406483952
1183041326993948672
1189955820907315200
85784336
1188866723627192330
771148244432719872
1188225259117244416
904093873546424320
1158542103611432961
1184570418511917057
788902922113327104
1160439476423757824
1182805159849725952
1107805505844641792
4385539655
908548248368852992
732795673
1065461244
1153334492662312960
1180691947398352898
1097762760014712832
1058298327094251520
1177478752751644673
1179085067122929669
21327598
62304775
2313095431
1178385231700738048
993782191439208449
908863517050028034
1158642885077753857
721478458518286336
1175109271387824128
555182642
118406943
1150202411736358912
3005203860
1174520022036672512
2784193669
1137869585531772928
991330362
1155805282997559297
746158854212198402
1175349767343353856
1155466084784443392
1127547875301494784
565959125
956167365330272257
990937717830635520
1173609346753880065
37139357
487853202
843611299816886272
924540710249938944
44114927
4700137995
1106955784565465091
892822800020406272
513379717
848096390194634752
792124998676873216
47457078
1345094270
716256825621004288
808601101167640576
1075291580863561728
1128047046861185033
1025944016658022401
1122732082374094851
1089983811784531974
1096886143881220102
1171857111057424386
846739637779476480
2315773158
843285246367973376
2328281498
346353732
3740309894
1160594566573121536
1901185670
1163214721690087432
1058472210002796545
826525977228541953
43740318
1060621651367395336
1081552015992356864
2937446015
1151881667419791360
722508359623163905
4045851857
4529971048
1081521178441854976
785256721732075520
763943280966905856
1173348081951289344
779209579
23585166
825714375205990401
951132965471440897
94362332
96237379
809567324529446921
1041702448795013121
1166880735212576768
1531689397
1119000592255520768
1165342293567725573
2699791448
2467844166
1169350162164195328
91583544
998388367636226048
1139564012880969733
1084453199199784962
1363569630
4872349865
2562398876
2997628781
1112306163855564801
1169495082304724993
226688335
149984980
796417730198937600
850938720
1166603352215625728
447749014
1137797476101054464
1161031053303255045
1253041111
1164849221045854208
1159860435392356353
746707887083266048
827318448262877184
1095607314
1141165344775692290
1157230785910497280
25866103
788794717806919682
1134169758146994178
20973159
1162965871041687552
53329991
1133190939449520128
998194792436727809
1162350230311854080
1143640411040358400
4884361744
17349381
1161999112897802242
1122183906009190400
1131237609089437701
1151335320622964737
956051641421189120
874753344
1082026015403077632
955585691974545410
46799622
347597376
1150483266241212417
387793183
1155583219624005635
900888528128679937
1037341913907691520
868201974533160960
1103922262246219777
1012795873942757377
1078460701176463361
405903788
16689075
962738290628710400
1149830214173765638
262994158
326329330
1069470172417851393
3609762852
1096847156462276608
21614780
1133506956042350593
826243563075858432
960822482738573312
820287683289317376
1119818668311924737
1093492286665736194
821349393559408641
1152610161166573569
4375340800
1127150236034576384
167419280
1150978953487761409
1150883537995948033
971498870772584448
1071227430851887105
1011427017219141632
328263464
1150280853219663872
1126985039432970240
3090520865
1147550094067150848
1145429843401695233
821407410279608320
48114116
1147200661819396097
778299238979473408
1033467026541445121
3283242398
214142907
1100404917896790016
1142559305750712320
1142131574936354818
1140076230571646977
907553856623652864
1125430715540287490
166885495
825593358483652608
1133245711896547328
1132519815174926336
65368061
2668455300
299369293
967829811862409216
1135239267272339457
866752414245953538
768402435215884288
1005321505
977240397276680195
970329117974585344
1135236529939505152
1092515666689703937
1135194447224987648
1581322626
18205995
15321895
940750918215069696
1001115815582744576
752896090681204737
2750679269
795867123545440256
13977712
1727668796
1035670932868747264
2407544636
1132481675894636546
2953819517
1127478600184279040
1126502478667640832
2818886564
1123640097717485568
1121449103559462912
1120769983418646529
60189921
1099500355635896326
1096828724195012608
825604405248434176
828036716749414401
1092606785108803584
1100555479024001024
392754619
73036443
1401121592
1101400739727851520
811477758694014976
141854901
1100572132537524224
46568601
213253856
395700090
1114625290427404291
2888208616
1026435851662884865
1073695296725635073
22451723
1056307733710991360
825445747
201532609
2432264118
828262654078775296
818154268339253248
1017671325761064960
1089568487335292930
932323603
222582311
2174682439
850994528521641984
790915455976411136
2179104894
43712465
1110346658729082880
2694459866
435785114
528859168
202714953
163014982
829131404013355008
1116209276517670913
253899216
1115432892728074241
1096189997370298368
1113110520100524032
1072134990383669248
1012824078011412480
715435146015473664
2239895750
854751441881362432
872579755442397189
997975957985202176
1011824074622939136
721369154268188680
1116746994788159489
812136906485993476
868114985649455104
838486534873616390
985577503820410880
606403456
854220917353754624
1116195036381597696
721363070166011904
3958612006
1098828514424320001
1071213733911977984
826939746056359937
19154278
1692213060
1022581975503097856
445753422
22299835
315578896
56733855
941323260758806528
1093487841571729409
3072815488
264377686
2495611032
184959319
1048305658137923585
1081631826152706048
2772436602
135058233
807811134
207612822
4418414504
3009871927
32203759
1096761170
826129656856207360
899323715225178112
1078366339507531776
1720414320
1116766980596543488
59177483
1109145312227217408
1114625414817828864
1112990088089071616
1114710618768982016
1111634401094455296
1111093447979470848
1110722076715962369
1092616832656248832
1079447562988519424
3105533728
1101576702453534726
1109202510386995201
933872019451543552
1035477565962694657
744537539512459265
1023237049044873216
986710329265676288
399062048
147829467
1107437028365475840
1105380559314997248
957366549068750848
1103405670659809280
34857889
1101517620979863552
1100541304126226432
1043920204005355520
709116264019402752
1100185918651142144
1100348746884440064
1096952562228609024
1099752211163291649
821377041731821568
897607805334544388
27329169
1045129797674905600
896841783711289344
1096249970179624960
839962660603060226
968855764281561089
156763697
377600047
1029990944211382272
713349508134936576
25322711
2795495198
764938076
978707251430088706
18809912
4604896334
1094236437896183808
1644089958
778175941910601728
4779292217
1005007371159068673
931713696337944576
1090646051084816386
1092080927956553728
904624610800353280
4297750456
759876493304483840
978070456237481985
977132595791134720
1931084401
826035745659944960
829779356
1078837716207382529
51733619
525793866
1010243147098656771
1088102246309642241
970168709758242817
1082536196876718085
1146864120
1087967764810268675
1071863105599221760
27859170
3283507633
1084673927622873088
177584156
41441006
1084777049456291843
778222109159940098
809823522
1084156428963713024
1083490052754337792
1083217609821044736
947828772362956800
3462405673
103413933
1081763449338847238
1074053859792830464
1061154167400460288
1078877020891734016
1898295032
1073314192931909632
1064254732900827136
1071418778955759616
16029910
1077419713087582208
999141396924772352
1076934700793544710
941456690808995840
971038496440963072
1070479331338543104
738722580543111169
1072967998875557888
136175598
1015295486612291585
1002374781818363908
1055477725744586753
82487821
990638459487424512
388413509
1071431363503505408
1069720356552916996
608810707
1025536901531557888
1064650195131076608
936461649891880961
1067144077823610880
1033736442772709380
308701309
1045784356348923904
3829612290
1065628427322036224
1015016528771600385
772576447349174273
1276652162
1061034297195413504
1062053865930084352
2941806325
996500544561725440
1012776873925992450
1061346018116231168
185887462
726936092746743808
1061688916330405888
871650706381561856
79102489
1029479465267732480
1057656943806824449
702828295415418880
1046750691660902400
1059375107527921664
280000083
1013780245
848276549308739584
885306013934604289
467208252
1046517269935861761
2355684058
823548035368161280
1057062630966341632
1036001567252652033
1056985920476536838
748370723949903873
1026996667122245632
4563974475
930467156373815296
3372178235
74664986
803740052
948344223937515520
736625714
949223232
11400972
1014624624
2285429016
943273399513575424
1051894569044983808
704520726452183040
1055697719354908672
805445733340024832
3165966675
1035208933240008704
229535989
51784160
880099708802392064
848014739976331265
816805880280875008
955878400572477441
967181874438246401
1053758836442652672
1053807184314720257
1051565990826467330
1051858109742895104
1025274127383494656
2602239103
3195774341
895694513460609024
841388198400020481
22582989
1019736450835910657
1046094547804024832
4894000274
1045658590751731713
31046750
1041435070295416832
1039651024095666177
4250525553
4652006941
1037484215980318720
867124264557662208
3434430759
460424154
1004340239173935109
42088309
775598465082531840
1028312049221361665
1032336570953682944
922093706924175361
1033127182468632576
815302435
952083659682562048
184671789
881949101876666371
1015671254374866945
1027551514863095810
955511578295701504
1026142277033492480
1029092531626237954
1028957142194315264
93146330
4041846647
1027995272943755264
283549956
823145454137442304
973331097504370688
895879686294691840
822159255713284096
1024154554684846087
867580464298696704
988618563157151745
894190837185224704
20485918
39847651
2475623330
808022970136465413
841744817143070725
3185403493
1011404178663657473
961357741586558977
77126471
797113411
1674641438
2401965265
891594624
3279875694
4855731869
4406212280
919669786166157313
1022516634458701827
1010209400651419649
908148518350737408
1010327180256030721
1022224921076805632
1021911538783768576
1016802461661704192
785059004527415297
1021246171191242752
2534342832
1017558437801033730
1019273767225212928
4878811191
2753918492
1018584440073793537
257332315
2469744961
1013061971745402881
1015647059117006848
1017485967479848960
34160277
966150527523450881
2470463042
988571590488133632
966457246560464896
1599141961
83502731
1017954333596495872
1016784084947931136
960921071703744512
1656966026
3396521189
735518199236722689
206003710
923281567706963968
890221795277778944
1017116163749437440
865685025009811456
1004005022982475777
988180526279413760
954759075648212995
777578715224088576
242802762
1016174873939529729
490438248
61940842
58007320
897190829118414849
821541662677667840
2262100846
52022166
3517612832
34409451
945160927745396736
980049145741312000
2327001127
916078850127175680
947407121166974976
990045348285505536
1015716071083528193
1014291533791678466
1015864958100361217
953651757925715968
952747179319242752
1015662587541970944
1012802537643298816
1014882653886173184
516817511
279872903
1581797180
1015440095976067072
917442861200760834
711233809338011648
1015191094223622145
927167976905744386
1013891213408301057
1013788077133885440
769244765082755075
1008401838608211970
948411004299431936
1013037054106718209
3712134195
1008093681298038785
953151823824666624
3692570115
1529474959
796910319591428096
991702950778044416
1014309445193461760
1014230727079219200
968731672169590787
1005106107164086272
58237389
3036990288
1013226390752256000
1001173523048607744
1012322695814549509
857779386010882050
2489613282
1012457824729862144
997603378027905024
1009467559815495680
1000868999100497920
701233899137949700
2688511189
901633990163144704
15529255
843855385903685633
918771607555862528
1013265774067310592
1009466521150738432
406353065
1007622895638597632
1004755275746856963
809634353391271936
1952745222
1384846142
2589744241
727641717244055552
999051408086306816
348371542
919359027707969536
891248052698263552
829293819447373824
999179935422935041
2325855392
14377840
889283682116218881
17233110
1004070871097593861
1002873386987638784
391321584
414910284
389302456
859063417856040960
2781222461
2324360999
347625340
394680267
941829558965334019
1008369040790700033
811205426515681280
1539759458
18727962
50808564
37640642
4796118275
25682292
3373143201
1008508123412299777
829077470691274752
103275606
3420619918
946674980
776384191739072512
19127545
43702019
937222216583995393
2366581544
927781151116349440
901189364838957057
277561577
974902823195500544
1016203122
196156009
818831186
778684463958007809
320522775
978237292631511040
854458799578529792
4162970259
858305261022437376
1009830200274817024
986002003292639232
790701890073989121
897931837783363584
279272885
33900057
972039881605156869
274682439
4515839369
1099950818
2376962580
987119836693065729
524375947
980876552534740997
988475933085577216
722497836
894431867428057088
989456213350928385
1000140518716772353
1002909203323916288
997917452876091394
888246897852297217
923320114711183360
1007800145038045184
4851440002
805033794004774912
2980614347
867151369211457537
992147685044965376
986355009989332993
893836972103434240
944551970089721856
488706003
722042846191063040
877798659722694656
919601242795659265
1002597355995193351
33070785
999860592310669312
3065179334
3221011798
270215061
936412060614672384
1004025434567299074
532501889
970947708306575362
936621560470814720
3400737969
854777337832984576
998671596817530880
833033505374347265
1000250340913106946
741578371
51738464
3781643233
724781458498396164
16192490
2964836768
3128334438
989634763207065600
760249850562740224
980682873123557381
1000951069806034944
832733391082565633
817880247777435648
997295617172033536
2904460977
892121929116778500
3041137959
908099057951891456
70879242
1942539883
1569292183
1000553231821561858
995851864578052096
996272419
998355988322365448
858838753095430144
998255677771575297
823598948984221697
997641050910052352
2991660165
499230066
996828093904977922
1667510323
845357269952933888
987368437088317442
994999463834890241
796160035869126658
993514272415240193
915164340604559360
708881620380463107
962992349398802432
823240350240305153
6098612
2319415633
174873047
529334534
3081026023
994581571502931968
994575163898449921
26735842
431071870
993527141827399680
849521965
981759379912323072
961700704195932160
989696695880552450
476318345
4609222309
828781189733326848
1158387404
4429195462
822927813347069953
990731046697230336
990681069765750785
990090776410406913
810989712143810560
309320483
347313041
908412746
94132483
72315991
987294275841994753
768199352196005888
15650882
4727710155
983529117093187585
884473987656503296
980998846774956032
23979289
288635729
196134547
981939816408399872
2977746270
982765640565092352
567567296
982384529611608064
27752212
981985911834542080
950794116857778178
981761620853473280
981633292142350338
619566811
274255909
973329417761099776
980258259515953152
787361383524380672
980629539960344576
810895268971479040
977873130973736965
63183956
945025404
1927978586
962674854574084096
945150954726404096
849781320171507712
976904288877326336
751619778557521920
957202866711793665
977787531612868608
431383040
888757075374768132
747515430109995008
343765246
49529600
976253122619297793
964124899081060352
950899826128052224
975736283288006657
820001205040582656
974798833195433984
974738334672216064
974350782266036225
784872435770241024
974082019121618945
949532256107823104
777332587131961344
754342297710362625
866097403933278208
896760203164733440
169385200
405172788
2612645826
780791260328058882
971600374137225216
3523950154
853786042830401536
970843205519360000
970884857126506496
966378127705468928
852259896452108296
820781290580508675
2176999141
861617702770704384
228448596
3420848769
793737262542356481
42751681
912498991400501248
965693540150988805
112900548
729170149551394816
186471595
970082836760862721
372449148
970009607400755201
969761214216720385
805541039528353792
969594197870292997
91888594
902080994878119936
2943504513
969439571741171712
930624891866447872
2944992461
1945038074
928879259006963712
3191716442
394359280
956011053472722944
948198491876143104
1036424671
20777927
3239049738
44697368
741377469765156864
4334482653
2784335164
865236475100704768
914950503603113984
826990247196110850
924349063117520896
202952121
961981836913270786
968621634780311553
954467757512445953
3761046317
28102676
2355078561
310580814
962060706232254465
892507292419194880
850129855337435137
854121167405371392
967811959839129600
925607382889021440
884828832
967680698839719936
945352569647284224
927406787375984645
838699104863584257
901819086421753856
967531125055873024
901198278129307648
818659129
840240249812869120
2501934470
886135393921486849
137062719
967220668960919553
920440458509037568
832342783922823168
936314933649772544
14553947
788975063903023104
3267456386
945662464208781312
745769149104717824
903820086464716800
966430515589992448
901044932244385792
542153653
965172698082152448
3092583401
761762149492482053
1551506120
495158786
276088865
709430994
3619634541
935781119060037632
966491835802832896
966463727443746816
823750919468810245
46815111
966393225400541184
2787446481
955530186438664192
960133816353525760
597420233
877513956356763649
966180794107559943
720787596318642176
966165819775442946
826905335914860546
965991918843977733
206225611
36715753
879420166890717184
2208338276
965670033442721792
965670152388993025
965344249121247232
216890677
965469785730383872
963548232855953408
831320691580497920
965398857503850496
965383328739266561
945554739437203456
2753046279
880581415238332417
965016204401434625
907244288681136128
961522133015941120
964503561441816582
28151144
931028140817653760
2745707778
955656464823177216
885981226120732672
259699099
958370431311982592
2720592872
872155571465719808
926074105157185536
131946141
944472204024131585
2353715336
4898547687
848737378374217734
802623208704741376
855821959585837056
21568860
711361894775398400
940044047757983744
20163671
929111392980033536
918308125140226048
3121381586
798037991050670080
469069604
340244399
957993473336139776
951644393525694465
860332264781213696
963175761745195014
62630259
961658468783591424
939390009102106624
937198097008009218
446661986
935890009600774144
136122152
908884309662035970
803630258
945423529117405184
962742197266370560
12648862
951302891708583936
962374617192062978
871392391684653060
254854424
4332234083
962146022465196033
893233848288464897
882564480806289408
892511269055594496
285799638
903773173224701952
823003638540959744
883063103809781760
921167527098556416
931378060385046529
958937008008826882
786801979053924352
841714045153611776
1482737232
14758251
779387972244348928
809560867125788672
923280161008623616
4076789116
958678506036228096
2995412232
961381589799272449
3093737787
943441149494267904
805517942897180672
961321320624676865
961298306466041856
954322590096658432
824834350868934657
855448711601823745
4787545161
960208089940029440
4848607853
960678893647683584
921802088186896385
4498776677
958776527994400769
2372361066
714479834
529612612
289901063
951140620046950400
2752029255
948486348142342145
960797817596866560
769183564105707520
22270993
1365122491
243084105
326462385
4860773571
938406632312197120
30061147
40953472
821206447627390979
844433736263499777
957741942418403329
2701617788
887166045588398081
861270665407725569
758650563307470850
701750371035836417
827886950199750656
959952669556297728
580937039
959897463380463628
955940127817195520
957838141368381441
955936817928441856
944809533402238981
4860451825
876670367439478784
954909650910138369
925006166203228161
895347487233462272
883453398053421060
72777391
772163109880418304
958466414297387008
948303184019193863
958059152500187136
911162492641886208
955584533541335040
956270613336698880
956550967939469312
797722242390097920
3261776403
757683962114347009
735270327442374656
956303844543262720
855802586955366400
32444949
954760332173443072
795381069709266945
954225838546935808
943722239907811328
93096478
956992056542494720
956983692198600704
870344862813573120
878323689049030657
956258576657473536
2300230563
955980885567983617
955753302557302785
953625371336953857
720026030186975232
955828824821915648
947203500831846400
955657354065854464
427443197
955597532230545410
955580264033456130
738469854844325888
861026825216159744
952994642265608194
1710779263
2378705682
936363800848105473
955206168128835584
896183347155804161
407223771
2409434276
940335212894085120
823344023104589824
774893842780696577
815388229893378048
1721608992
947526803001958400
954511077483655168
954232214337634304
759134901568278528
797480530602299392
953444859423150080
954158036452564992
31246318
163576715
894570912686776321
952668529278554112
47677902
869727675648282625
952964202662125569
889280328073871360
1466383256
953415934038851584
287488452
30669698
782165930830946304
905032202701996032
914172183265542144
953027042169278470
809118636732547072
94336415
922991692843749377
421324707
14052036
934369061269639168
2761113774
224683881
40153298
708063091418763264
897326319016353792
4498095274
901258651
922354027257405440
918326488574955520
952000512244686848
4763988769
951173837818908674
916146092407844864
918145742279266304
25123197
949312826144894979
126018501
951940744364904453
952084498878930944
935287660146561030
952022338329079809
952230575867355136
4724227437
952342720005230592
4852157987
946493670181744641
880506773354016768
871708921366323200
2588329891
2995875369
828482173392953344
46900014
938990656025849856
937416860722696192
950099988045905920
394390258
16710420
951917700493737985
1435037204
739827994185900032
876788006153314304
831954890717069320
951672097423740929
896725759141826560
185508695
950237307222855680
905555419669696512
15228731
950898166479577088
891424811095920643
822930645869395968
4501279092
950784478355521538
832886564
2587676411
950763371447582721
1128871598
898421490286157824
915011909681913857
896492107526844417
750502962385063937
166122530
932963650855473153
928952627664244736
883510576667922432
452539020
986001007
3060473583
845070010720542720
460088842
134164719
950047641714462720
379690254
938232813500993536
949602401228505089
949647530509438976
2801177472
949408387720196097
775023864740978689
21496427
885030734590869504
949152236587827200
948773390344753152
826669474862473216
948305139902840833
948936659780825088
919462469956972544
941593355561160705
4767839791
23890574
833217362673405952
798172555
947603843398930432
1951631612
944778859869822976
2741840265
948330059428843520
948672561931530240
944613510008459264
940630723836497921
945886688001347589
937714279846940674
945423417032966145
728597392031944705
304691522
948075729916518400
234581403
942106646850846720
948262524243398657
947259718438854658
14272574
908174596381265920
20118767
944812919895871488
2158867074
776418872438251520
947300197952032769
923586541297061888
947583911302979586
251690723
2516676608
216920220
924059145204092928
946889783950819328
900214919592906752
947219422116220928
946844792645763072
937416878854754305
897284008807198720
946832969750151169
550217281
771108500990636032
897957805566689281
946379913124306944
920201974410199040
928116061488128000
718514857629212674
946357586873393153
431785296
870826269662990337
946438248502460416
889606828031709184
1007288292
200681161
217776376
84129927
1061706822
63692102
945490045586345984
4889714145
942876446556610560
777035273951711232
945408690940776448
944767379162112000
944735930862026752
905164973025976321
944628588598513664
400707283
944420418382979072
60144582
194663746
920857595291815936
628038157
935562255340466176
195003844
887542732255657985
856288002435420160
942297016477958144
796722200715923456
914961695327621122
380040033
941060333204107265
19458635
770441775630516224
2323032366
943529090707087361
905460724125712384
897532408144175105
922518646034808832
454513795
833755528832643072
916622924378812418
753939280670502913
854948861374345216
923636158751559681
57012308
900816259503185920
2267739140
2565872420
754920399859744768
31238389
928574759394336768
942122872948043776
865967433919721473
773734047646351360
4713486679
18256926
88030347
143014293
840564357977202688
930535001539653633
460610927
392988611
902260230364557314
942243586514587649
706959926879334400
942149754041094144
942062601076396032
921035226469535745
939327354039517184
746345581120004096
941686356140584960
941152784589586432
931223128461717504
845767731160891392
935070636938055680
717862238565101568
941265601091244032
898397709337477122
889520683306405889
934938381456420864
940998877125234688
939559250149429249
935740706873921536
3273338030
934262870845677568
190821375
833223535
3421386939
369029151
752064661839904768
1034065926
819189273798864897
928305475078238208
917894388705120256
867589347935211520
222678864
186922855
875924615901720576
810358084778524672
796236623251808257
561890079
938504522074415104
938111495291965445
2256639525
937795654679715848
4064495171
933452408386195456
802603087219355648
886250056503971840
917410092106076161
932103350
25172565
936772480341086208
2329255640
937531645296545792
3331835352
9287122
366443472
803704565778497536
3097951626
928439430041419778
2761344864
909534202093215744
929007824042065923
876808883330727937
847470893144039424
889755285627125761
936775674785705984
937019285901164544
702518278468427779
936798688265023488
1573883168
262047540
905070888516820992
387568886
1966110950
935631120368054274
765306808978202626
727693543951749120
30441143
934553524167499777
859770978225803265
933165860247752704
932698298904928257
933495112461582337
932595493200330753
3231061942
18665792
913171216084566017
933340524718813184
932286377626144769
928471856109174784
914537398222155776
501333858
863144928955834368
930555286741569539
933197582662123521
933029792592437248
902875262580387840
781536160451624960
2497387605
931501535267352576
2693028116
882277378067714049
932707225763700736
757731953281904640
3307704849
793066155879440384
377712145
39997940
2388380862
932109625733861376
764147727676563456
827630287265812480
822790693169090560
932361096320692226
853593085602869248
719207572306145280
128947451
110855805
783874633749585920
500963545
919295257
918576703433211907
337611162
887758277420867584
931472220781658112
35174925
3344234427
860650626757398534
903324017964326913
882627624094355458
826985860365160449
900629455525335040
919712173089271808
808152564
45599954
64749038
3995778614
249189175
60468824
456165865
3013763125
931303039142637569
3017588010
2404771226
103592756
95142015
363883148
921140147193860096
3017801497
890088898495434752
918378710469722112
4508471321
363405423
796189293073100800
930873638542368768
813043530730012672
3334188461
712752235860484096
926532679293722625
807468537514053632
776858806361788416
864733694967369728
3464177241
930587994393862145
369412805
257271636
897193393700315136
925561925907419138
930473370642255873
837371015596408832
68913581
928790981473964033
901531647174115329
872490603497480192
1271556295
112575695
3179698566
820380119047041025
533095793
906324263577235456
758345814703939585
870606980
2307195656
332519875
871768415094030336
180824577
893964581504208896
5552662
2780416996
2421264330
2327682313
261745116
4824998471
3751529000
926324617781923840
929034441061580800
4891298209
788875430195499008
4853227804
831501723470536704
828288871075086336
708721844270923776
31531035
47270226
2558548092
880812021440229376
16415328
1262023898
924462918988632064
189694012
839153913026707456
785617160936812544
713347305017987072
920423744492965889
373703200
208264541
804105386135552000
928659452378656769
916666855141539841
928545409965756416
923525829933531136
905691229035384832
908046999420780545
859987260124606464
870453485984129028
24590113
125471278
872773916519018496
2921008274
14184076
725809806095859714
272114651
847534781587795968
896143758097498112
3604787059
3171609880
165077597
926379464921038848
789979383704358912
4675595521
16335102
46482725
925403313578954753
870682708992823296
110054643
846172388547067906
925964237905768448
925875157478109190
878297298182209536
822538160039227393
822897057002360836
923483118056509441
747877821691760640
821770143634178048
918015769233018880
881276407
4866993340
881768710477926400
260347851
921799633961177093
820419484309684224
924809815515205632
822299610018365440
924779820239806464
14288123
834200422600540160
924828572086423553
154363202
2573363284
924760310405152768
2982064331
454600944
907953300527398912
863839761156501504
2782468024
890352776634449920
917874829692301313
842087651310202880
247397743
825768514585649152
3140507271
47611401
714477340525506560
853416052918595584
4872162443
922509574724300803
835272867034066945
2843713972
67769151
818275217499947008
484115807
18632993
923985735992184833
759386895877021696
363770180
778386284150530049
923866315751940096
923735538695360513
4596292574
923788556409102336
893783947792068608
923622293015793664
221467214
923121738807836672
905484867915223041
3984199213
28611453
923149435420467200
764396840
920093832041189376
922640618232442881
139646375
2474279864
905375019672506368
755602366062133248
182563991
912090465989795841
306914608
384166473
899233942913433600
260559266
921916347562577920
41933369
1640535499
918395953295515648
352386670
2748582465
921417467313967104
728328836312485888
921118717668233216
921094103361826817
920856008498524160
851880638923722753
918552536939941889
906892031628271617
920299690800885760
201223844
920261213493321729
920161894836482048
159696939
42463851
2654555875
916974190913310720
2923952201
917026317647917056
831193110575198209
722608981793980416
844434316943904768
1129720458
918819329315082273
4688280565
909890624102395904
832731697628082176
915719718178361344
900184282798469120
114529350
914207514933284869
183739654
77130240
3044468242
918626262628929536
864845960429543424
761799487186735105
787883582
917392234319941632
919328454176206848
917365992044613632
918860591296475137
1433171340
908639389189902339
916659483740340225
881927755042103296
917938569762795521
753283702516572164
896159776920543236
756784578312876032
855396244205842432
904305178219773952
917469428081659905
860439111676592128
797471260330590208
815891575859462144
773279876455333888
828253251535511552
91865431
53469304
721096238020628481
916820672738770944
2714514184
464393593
3278893092
821157243752169473
887503053632548865
914281345748226048
92216037
910561527643729921
2975075685
102893822
915294702454353920
816610103986155520
326662738
26676981
767830276047265792
915824570908717056
360173012
909377401230049286
910953284419981312
2910353851
55252238
753779635691855872
913170960
826575653558431744
873489475904479232
869699779491545089
913890143806861312
2456801538
3145706092
1003204424
1099834932
2345363257
3350810453
57147559
379082219
910221269550825472
880818095786524673
827316750765039616
904841357247881216
870149492603006976
889301844127821824
704034081898668032
1114631166
705405812
897935311275216896
119734490
2719062170
821150646317551616
3395796322
302386477
1454063712
806469068748419072
564553280
19194161
911551201304567808
859657226817949696
1370971824
885417771282124800
22583033
832972496395784192
2800870154
1618233258
912543917022879744
912478865339109376
895324792622125056
858861190390448128
1432029667
2773918108
89826972
911387521610928128
912025540990849025
53398292
101404290
910313304333074433
899828663226597377
373629402
848355783159029760
910871357713469448
868184361442525184
54230054
909142915485655040
893515251643056128
1260802135
901507977865306113
905975171122577408
708469711411908608
898807281667645440
910482778092916736
884096238471135233
819410442
908730256407908352
902904123296800769
94364299
715525251774476288
894962869988732929
116384038
866433261915877377
1349436757
893275095463903232
1932323052
278278553
835579900073488384
27047824
814222060440391680
60352080
820808196956655616
3897626072
16164041
806959119747846144
907760571461849088
1115492185
494209017
821714347810574337
760283851650322433
623151905
254618533
606400676
261790244
908477808384524288
844761160687611905
889255875294121984
899139223084822528
898963516387938304
3957247768
74672763
87084547
909144145326985216
3236299310
908695323610030080
884488092631138308
864409701303422976
753422456107495424
2891852145
856238287756947456
741839034293440512
28827594
336202987
518375650
822982329123700736
2476583069
349872163
907915633869946880
2788964563
2976796559
907444497444896768
813067564175753216
714567395466022912
54587155
880988268736765953
768737240876847106
907461649023500288
14803414
906879783111479296
2798085656
869979504965320704
583252309
4568475535
738524159911682050
903502870045089792
763898126
394844566
906189755829932033
152034631
21622754
905201772859236352
743941068689932296
4067892401
902404174809321472
4717969035
811468059827269632
905316480765485056
839131344
4717143307
17476538
21651982
3302461004
187494576
4716938490
776293923949993984
903175680757833728
3307289846
702247731524317184
904900615012204548
17104603
4872417935
904326507539070976
262424642
251052944
888107981782499329
897923393500188672
17456691
904467421993558016
835876650764156929
106911238
793622750216585217
380227478
22707958
904079797982302209
2433335246
67295413
826098849471143937
128457263
160594322
243602388
903453215483731969
20976349
1098361754
3892069092
4598760014
776582257825853440
1033317714
902819436847144960
2530913162
779138331846250499
877169420518514690
902594763941191680
2833820049
843707779005239297
825129943512338432
779003977333563392
33160996
825361667097784320
837731323972370433
901957058555203584
828711871658205184
901553068155650048
714877983853527041
397771451
748516493797662720
706257469262069760
901549125883375616
2661077215
901514051125202945
900965015947063302
2985335882
882755829048508416
825505264778493953
900516348811456512
4877203143
859437045428695043
733202968581808128
811621893895753728
898744501837090816
732518992934404096
27193840
824312557578158087
85155978
867858949567131649
898740934296440832
16159074
271957908
3456496461
1074128436
871027039209484292
892297957487382528
2991909932
3422474392
866655312631144450
792126495447670784
45093169
4499382678
897822983644905472
891739600842096641
898321821904191488
157564072
23538672
4039410737
871756999612129281
726440510332784640
568153650
826223912333803520
1075333315
898358723818565632
233000889
898303766079950848
321736238
20756203
838889800203526146
893725315612200960
47709488
789334139224948740
871633897653776384
15811874
3418210767
728458087850352640
888878499414585344
895268534808444928
819409963697242112
857714827107725314
839350967174856705
769172255540641792
4573187296
740567899245555713
769018224222564352
896845651790712832
1114682766
825121565700300807
830387187246055425
385988725
4376571623
822470964416020480
825186316157591552
896345349354336256
893994931664154624
885131189664743426
894373461019291649
893708946334023680
779413113154207744
865241330007629826
769754899
855280538407522304
866981923091906560
896011034191855616
895813299027226626
16722647
2152267386
3100482716
220478007
703378711610060801
36857786
1447296895
26172869
938019073
270519221
4257651196
896989752
22053258
717875593010917377
788031656275824641
297007299
894259579781083137
3306208659
4917311502
21044127
711682062382604288
3435940588
708712377483710465
715603871951753216
281298353
763935668284239872
88222637
817950287486861317
893675442909085696
244187812
18063275
742018530674151424
14520606
893247780621365248
857583870383927296
312834658
792286843
822599947396796421
2786686226
747930487885279232
4497682306
232731795
2369320729
3093551696
22850120
4480906040
892142256291024897
28965330
3419210573
2777253483
891317052530720768
37233098
940368062
891040315079102465
838466690006597632
884312994209026048
889931188223324160
889301910892806146
890344584672313344
712681752628563968
890324113016750080
335554295
2220506960
738427852413079552
593704681
132339534
4225860012
166751745
4032212303
188053555
849088421377318914
886726310189551617
748515255169359874
867100233699913728
846274195499630592
127433163
704707974833545216
831623531829956608
780515566259802113
2430419154
780456059433578497
888898460384210944
71545482
25753034
745115840547164160
1492840928
887743393492873225
278409971
867228049770782720
760581860015673344
879393805719396352
887174932781772800
821743825509027840
882519802362961921
726472651275931648
833200111987494912
22576307
884499597095129088
885787101085786112
838932232505028608
4624500980
885646872869818368
885591426649563136
883690697920053250
1088019679
885468111134220288
22815166
785241712952119296
2414941962
767187486032265217
884975900521107458
871281093902712832
3426237581
617721054
825386066144288769
703970735421792256
60429771
778293671682646017
793984839196221440
884317046632312833
870098525245366276
19288813
1245355639
823226944607100928
883483131415846912
791706244654440448
785906855121817600
260312077
859299041582166017
194912266
17874207
718616464576684032
863021084156858368
881994424309473280
3427962981
735409323078258688
4925904109
2821246729
732731925513818113
787847062213713920
882394506435461120
863023803324039169
870599665934381056
869202878153596928
823654220389826561
30481580
202658229
555648745
881535530592333824
1038360566
804844215540727809
1084887745
880454282864185344
3381940212
721801354696597504
832617022601039872
2186284778
742209849006510080
793179133861830656
3348399252
879069818862915587
725108395783688192
1899562266
739354674285957121
3107961830
2500470042
873098042781581312
732980827
88168692
739018956145631232
42349949
1058914632
16074593
739099664553791488
822953898730131456
871609764060561409
3551827156
871545985662668800
804517574578962432
3301171864
796529866632003585
2753402327
425044112
868221291186315266
829358391550152704
4819614003
852001066459684864
808428703839567872
1608751616
870090351628791809
877921156422135809
463216196
875367687152701440
868406182716637184
878118742852591616
763893876251844608
876634770918309888
855406927513141248
877625277567860737
2165235380
866770454748553217
3418851852
723167125272027137
877320592306823168
3068927699
4884762153
265556439
785185306135830528
26247919
836556897054560256
823997006192476167
876630073146834944
801679291335528448
33218078
872477268488146949
874643258063933440
858066056786694144
731611745219973121
875773116416487424
875777331587158017
3063990535
875687524143968256
429978726
874006963566280706
839472591144378368
4844636959
36370935
841818734956281856
805758141883355136
465048359
1087811515
2959003769
855930932
1005356706
868007975046205440
874167136876363776
3103325751
174747918
866042591401447424
1669197841
842047642041368576
874251688932249601
526073036
821390558333636608
805944257911595008
70600528
825532906642759680
35956601
873614092879245312
18653708
86378821
2386014535
823620049168527360
861779710770118656
851425503881961474
760364473702031361
244935902
758657589630660609
827696241530204161
840929167
729901977878953984
49186503
77019125
867985362223742979
556467544
127781386
15258794
512650732
709464364776968192
751797310745636865
863262405618487296
753717621774843904
760922160600846336
2191641546
4815895396
3833502322
756916648662237184
3870745634
873876761494396928
1316308776
17553081
820055537761054724
196358683
758043016019922944
818792498269192194
942372607
826138082348904448
441063307
737100147818008576
750761748852977664
579152723
358032218
41042061
2996456926
329772412
216126606
4229855655
818283598373523456
551485428
116548338
821722286164209666
2652807043
709912158
774074669230071809
41277426
2913264145
2654172907
847986892582912001
436967939
811027380131217408
721820289147928578
55418201
3265017937
4449511516
1048271881
392081187
2592278851
338341096
2645943703
801806997884702721
4038741921
2780931235
861351828482666498
3893232777
517692792
40991755
263996956
706068592580804610
37464307
19058568
817506928800763909
105920014
802227380333015040
742749379623165955
1143934963
1239742202
793431783320748032
3291657857
18990800
1717348572
53669477
3295694106
526537146
861122235272232962
762486263114903555
412801340
146484116
3015801779
868210608923172864
919188270
788532739288866820
796348503291207680
538390150
788148641533988864
309368540
725709705289555968
863912208
4002167848
867777681311625217
470554170
488706702
43885159
533719396
809900000163614721
710199054513246208
704124038835212288
754185648
797596428403175424
805503607307112448
852832397884243969
871926244769767425
4105765714
1558985358
2785035193
2324705630
620339539
2723652634
871504454654332931
2894763174
837399527963389952
36675035
837158975615324161
2901229776
845501731
760694134579597315
870786368666038272
116876382
330497152
845457470692605952
2196864853
2152381201
755265125700014080
862748753714872320
1087309081
4186025902
463057576
870826429658701825
870785793937113089
761408394653753345
824468071544983552
587910270
4417103368
72882689
2865078826
792418821759913984
863603756084088832
2945817285
4442900593
61163172
40753111
867412961945628673
858498609095909379
4904690978
339453818
869602663180238852
59033797
830563037123850241
851426978066575360
4292036594
1264270566
821026954182803456
2891665343
30789784
775974896
829861615793270784
796899745889402880
25568597
849937246891397120
2754133270
737458424041066496
866450217062645760
824326957
833814934916001792
815488657540792320
155250139
3082215001
538460424
810113325686255616
2784958261
854180307947442176
3253946096
826672071900065792
1371572360
1627130491
837572325419593728
1244965662
708471306702823424
799437766153175040
351760702
821096385751744512
1329723031
888964189
1426160528
294434304
232108392
3165121248
234466117
862412810
798760993580924929
836074834467545088
2836861970
842136687681638400
868402389203550208
18244206
798031621144379392
811801083030945792
822500666786672641
832633166485544961
3011719098
867930580587077632
224296146
281235442
4847548282
867228487295397894
4900128680
39755667
2239756608
1033175820
2233659691
811301883516047361
835643784490795008
118708596
37547365
3092076227
1008695929
2966215144
2969272017
2975936339
864528771428364288
30405799
756951966526255104
762000644047794176
1366509764
2485559964
23891034
587453258
29045665
792100655443894273
3296504462
822475816088895489
808014339546501120
785611301670170625
855489059506073602
303933058
1276292198
16328360
187059363
35326660
4190307435
850648265557250049
4627478657
814365134403633152
22016301
734904411256848384
1114955359
865168093567488000
822332659430932480
772522580133556225
88293482
861442661567221761
3679388175
526000287
428032231
33611715
794397081427394560
30925817
847071845799071744
863054117190729728
19908673
859771229082980353
3306629815
3168027631
37447675
840119809283051523
825501626
434199497
1221486553
840652324196495362
863858791086948352
718600146619990017
1117753166
39753444
385711643
4421704143
366383438
850784123274895365
4184457737
59674605
198512092
372393029
831242413700182016
631781675
582135529
858713717935972353
857383057078325248
862361432628887552
1717464030
796778201943048192
4606976902
709184227632402437
2401987555
843610781916839937
861854298455539712
3236777900
2516811990
854776814803308546
2612019011
822462665910063105
1370851296
838189646693675009
737730031
834990649027997696
2321127874
853324103851401216
16158390
761016786930114560
732266718446419968
775874478320549889
855769309351739392
34428229
799417515319427073
762878463711649792
859586829233692673
376453771
834499218236530688
228222150
520535914
441330704
23733849
226173506
382328081
3264454478
1531974344
18165739
823625420423602176
814293126336626688
799665568022286336
743286523596988417
4735176079
817452386234994689
789458742194556928
854874456124043264
529746441
24673899
709451112739262465
1592061668
18706305
139499789
4214995979
1516626181
853594533002694656
730065075835310082
750700196
823737192740634624
461407034
26177280
31234843
318045373
14429823
858701221884035072
809831013350330368
305202222
839912451978182658
742737337042358272
20826129
719202585639460864
390576798
1287610188
30238204
858471172752756736
723603674841382913
803966956726611969
1514893184
2782847563
2930463238
30482403
556969755
709136368413200384
853464760452603904
854556656608215040
32772630
2319270278
438013425
513700646
19236097
800221027645067264
832618246385733632
761238040656306177
320524842
4159021678
835127348693504000
821183046086959104
856669670744748032
764244624361652224
820516959351689216
857252564986941444
849251713001377793
11862562
477408115
856543490813161472
848415381672910849
837547385144254465
773699453790355457
147248694
301133683
3018742509
743232734571597824
2714517152
4106597901
846787782928326657
3589586532
91175834
842187326415605760
789897420645736448
853016386368655361
702524531412488193
157161619
772498983201550336
812065653603471361
243043587
842037343779446789
1429337504
3055633561
2424016218
69707519
843693023330365441
854872740431511552
830095333787049985
3003863477
854138409698381826
39535018
2712845118
4884663951
3075793968
756255959039606785
832779092378341376
4871418692
758764127179436033
884304968
150627581
56204638
843730497243041792
79468315
796649150121201664
838964916388249600
4266488652
846127720505528325
843574222802710528
227245275
487762717
2349347329
728255524303740928
735024071843426304
2291989712
734194808600727552
751721874569121792
1002205286
852254905075159040
3223687856
601535938
837907565929365504
3413276129
39866217
17372211
284667903
19612749
402836420
844067450178207744
851310174023278592
773767013609172992
827155427741700096
759065247537922048
2845207617
834964868499443713
8839122
376794851
101868096
47806130
745100931776188417
60157860
627901855
4922951833
743888133046083584
4236091225
814658387271159809
781611002747944960
805545418801217536
850155455523565568
801337328635613188
4842151477
776843875688194048
828832499585413121
15871160
153252061
3016301278
4810512147
3433022621
772406410227351552
830865935330193408
2265048648
827562434219094020
36417257
779337133744009216
787675627818061824
830150195786702849
2255086447
808715359704514560
526799287
377763356
4549070952
734168839735349248
1513392108
1850929850
38579125
831718431430995970
838270068274380802
849835466065162240
3254145463
42091611
832353969334808577
1462903616
71026275
702506207345549312
1228983170
726894220452200448
27789999
1924740265
219983463
1552100222
2437661736
1458839425
30500021
2916054140
789302248828350464
837614732853063680
827669214462779392
1297451766
816849656802058241
741057139687362564
786021788853547008
2828301882
15254984
844407613639069696
725654281605492736
103642039
807342736135176192
41193473
813863796137672706
597102796
835700263839203329
847581344368652288
257790013
842093747106111488
758028225167491072
82191042
2921044569
37026536
1609360616
42227444
766797410
261126056
729598358432546816
822590608430796800
28746590
766647487
4559413831
825688238635544576
845562621227122688
845701749281312768
833229686301827072
845831137285079041
836742467923869698
1002994951
724297255943970817
587125722
3039519921
3296597924
3037009238
2512732765
54941666
3301819140
3410689588
2302134816
325268721
562372370
805893275102154754
781707318295748608
707086431349575682
803813695
214639199
40443752
348798406
3731653519
139773580
20944649
511806716
829951970693742592
843868540256108544
2575309712
4288322237
777883544924352512
818301811970949120
762951917865689088
811425843855507456
789151567710711809
357029197
921533490
786656240445161472
2705346282
933653886
1225847300
925666188
839134393125990401
826807179436888067
2944981166
776696966784790528
2472715591
2733351380
827011794644242433
840685162107158528
786220750034337792
837201172675104768
113137765
2438831503
908203088
283376727
446228264
600492949
826523635460481024
81018286
3313329508
50072011
386028702
898679894
139974630
2847364398
16995760
1588922282
838497231401549824
839510546944782337
826563818499227649
833826716837634048
72426152
4776334706
2972362774
790019230389248000
765756231789215744
3193946588
792516935539761152
2452421030
394840496
123125338
837250555907096576
805675755095068672
1171793868
2416900776
182878105
833849245266505728
558182738
25392258
771803472442384384
760132157570449408
1965508532
798973250659352576
826707943
23580800
833643564261191684
824629442781806593
802963915726434305
361255413
49915511
3011256515
350335797
65664359
3254088502
836513663884283905
1564175305
2530039118
18087450
95705320
2738512605
836418138849730560
3158280662
545068087
810698204375293953
835758311001686016
2485068888
814113926237581312
836058213426462720
2841285942
824055278815559681
2893891829
304634523
2548320163
888235405
2485285513
3131434985
216279704
720205156357267458
815642625139036160
760707169419427840
799699638949318656
3511366996
835039284730068992
802261035725926400
796226085998432256
17983365
300565895
751816649687179264
49121643
825209012853547009
809550364697468928
833656096959168512
808577037250297856
2591826998
198274208
797397072127225856
814508407499661313
844129537
798681172519899136
121624263
711784627686387712
811054863039758336
55623038
4646744832
830870996156555265
825803585891946496
3372490497
19039844
824697200177451008
800288156708786177
757715998732644352
3217278321
825156467770720256
27916941
53813160
789505779112042496
321528322
823008524234092544
15081182
10207502
211297946
4465540512
534903573
3184671876
747799054424256512
5548212
761236000072806400
942868836
69334073
1058580434
3310686488
768163409170796545
825942568701657088
473050495
609297027
794020321221283842
167603204
2714847813
91763917
767683830471942144
2679250199
49136127
825894473297252352
3007450381
4261318354
479181526
351976618
407490941
4174527256
790802842571243520
260527870
365594841
788221633517400064
795402912151244800
3139471681
18195110
995087286
1349226860
3266469216
532664440
195019820
789475915277361156
767556308
795822874431000576
66732795
2411485364
83189866
22872173
816630956425674752
119099353
3122340123
3262737374
721659014485057538
823660181359828992
824631719684898817
45414295
719276823809540096
3349925638
761952638371979264
36089117
893338705
1122705594
778086440194478080
702058036014161920
788989639654797312
803346400553664512
3134411065
823273574714720256
717803408518938625
2488123544
821321185719963648
367888755
2368624716
4810198232
820204321169997824
26652733
17798031
809402977
805169000355340289
252566795
414465416
26588095
4658042901
780640203786506240
861759409
372706077
2641993872
803783017495924736
818842127987834880
4102376488
334241684
326288537
704765946905411584
53787946
811462406
3035205392
1849938847
1256753802
782369828
14645160
802280381324083201
3652958232
718785668219068416
224651523
146037421
808921373750034432
814109473186967556
4910270788
731533639691964416
746817352465977344
816034340253691904
815475807116087297
1265269604
2358311520
2478015324
745375187055558656
2397468266
3073529252
4573141823
812040830529798145
371577069
348048556
260954365
791233871937318912
790869872297189376
790877097518436353
15396298
600581009
2718300505
102094667
4853549680
264268489
261749735
172957296
758334964827992065
50135146
3299935857
25062618
701251180010283009
730818893481160705
794804180674347008
798978841985372160
803961583009402880
28693889
2466940272
193978434
752495149192654848
801099420
213002883
30811812
2910303766
215103047
2167347758
797635545773899777
614627531
1190530476
2242085304
16206579
3260503620
1376536760
1614051
495288236
411380833
75592503
554835606
796692926847926273
785505991794327553
786155856706408448
266722897
22339165
4848238043
561654065
713706813762498560
263608284
2557545077
778535776346857472
2596517640
759215795083837440
327456903
857001662
713061530892427265
2939942884
438829747
470556983
790904246359187456
2883812893
193405529
793630593766592513
1590170551
705461595749683200
340408298
761225179758469121
1493267851
233933230
2164841022
56449803
542131057
790254164039372801
3271255423
21809256
769619529450287104
19527625
4299954755
2256965582
788527032258990087
391692889
4906853915
931286316
755800378147495936
292929271
1289548934
1387956504
774733335562256384
406626656
1620821233
757689388264460288
785621714197622784
752563912164466688
40156246
16410897
1202933538
344462298
42158021
841704092
2393898518
727692881620664320
782849388846604288
772783117270601728
789192855507963904
2329458438
790240021991329792
790292615937744896
86868062
874911452
20400202
867908994
126848897
3166668422
28782732
33270656
27601509
3416153772
702220178021548032
635938883
161768390
787849833415598080
787608719727009792
1394578368
98967516
381108914
735092767542542337
2585061890
786605210290368513
2148332881
750014539924582400
768487808088420352
3318845028
55271579
777618854541340672
777957264158097408
708344070263812096
4703317886
3151620258
2943204281
4805045024
4534513338
777177461905825792
983686136
177544031
3256022670
3589003512
39672692
342894187
779286626
36645898
3669988757
708984704448335872
1420720760
4550840832
185635130
757396587668799492
705441738391838720
767870741798846468
21888315
782434193334607872
1497210949
703285543493312512
390861996
3252457706
735321998793048064
45031918
29009786
1913410831
760507702833471488
1494835716
738177614947356674
49013218
4761064634
846152197
2845849081
30696928
722119464263680000
930903062
4594870951
15379484
775900422779338752
1564327968
1680677036
3334822633
3323489113
61008839
743886917507309568
69469543
274218971
765622315849650176
4547869279
712282022840938496
748677306059673600
22542822
760604158076551168
1598799781
4864056067
3995952972
522132942
33529092
4707640082
713035300600066049
4847774771
1163410009
387151655
32483486
23181999
198739013
3013635301
1167580512
379962842
1627096298
3178667431
733059046547312640
2546562188
756454828214259712
330481606
579882868
865283125
