1695567995395825664
512844010
1471913169115394051
1705891274719432704
279185073
1678726143011069953
1187914388742782976
1586053242919784449
1677958155068645376
500827257
631781675
18929234
2852597261
1070083706822438912
1372827841444810754
1676298535006793730
1593792322646396928
1637697848321114112
1679685232637640706
1683219116369354753
17326721
587536673
1692272590172102659
1519444163363852289
1630586437434499073
1464937999
553753344
396333990
789376521152634880
3022829314
982043316530417664
1289659536232583168
1680852404432977920
4837948105
1687786624137019392
1540806757563469824
1270215679673679873
24358662
11347122
19236993
2985124312
1268949875032330241
1518702515386294272
1586151306250575872
1627703090236297216
1348087607226466306
874417983422169088
1618737134386708480
25929138
366852522
1623157841300271105
2594453161
2164134732
1436748551468593158
1649448864
1453852122253078545
1541896474035949568
470470624
1485004400762527755
1522433164253270018
968225030986493952
1592307180
1674639526411612162
1657964874184507392
3948399203
1646920999361732623
1463937344986394626
1525485283336237059
1649047793376305152
184984636
1592508806302416909
1575239807529357315
1617171406046871552
867015168919842820
1595922721904463873
1518626055346601986
1660331583134416898
1405291728819601411
1638600823071465477
1597855183853490176
382810104
1380163392422486017
1594076840875925506
1594685685117640705
1013498540
478450321
250386727
1579203936975716354
18247062
1586060873822519301
1052018694
1432316894191755265
776718745
1591675291948269568
49298957
22286602
1045663533604712448
1507384122028838921
965015705123930114
1464057247915462658
539566673
983766825610694656
1639732278900457474
874766605
2825928726
1400459342789300228
1628968202960084995
1587057427534446595
1612542565873483776
936365292565024769
1156340972730667011
1598697700244996099
1003686746448646144
1586540690141487104
602438566
1504181287468339208
1595271342491930624
817189809240285185
1379868865115619328
1597955079704743936
1382340177280995337
1627965470488788993
1552172698104643584
1594735510450216960
1175553967847292934
2832648610
441572714
1466510080577208320
1593742381018488832
157396736
1355316665467080712
1586149906087120897
411283452
1607033589354340353
1308093815924940802
1587092166010195969
1594418436565770240
833080577582624768
1403837088072564740
743060496
1058012006236782592
1601325690451795968
1610035032642519040
1566812354964250626
1599879262420566016
33665720
1591054313161383941
1586733743783309312
1518728163777466369
1587128155218796552
1663365468
1519746590705074178
732612795078844416
19739126
1344356576786866176
1016063888993988613
1188567761498312704
1586124868302536705
1586817546660958208
1512603804704940036
542962969
1467931973616386052
51913011
1445931545965907969
497238607
1599443000215617537
1324910613819174913
1474790744351256577
767788995962998784
1391826130869657600
1591064691228426240
1464396856130215943
1147353938892603392
348778908
1552454784581517315
1598851812542611456
32528135
1589968910639562753
1261270683285204994
1547590818063458304
888094247299289088
27027979
1465347964252180493
233209763
1518741328422748160
1480908397495083008
289548939
1399956686857715712
1518677310710370309
1428928031511416832
596590772
1592174249602580480
16033235
1461800634521473030
934796754746212353
1380726254
78523300
1594890074247905280
1270917145434755072
1294583095472029697
95731075
1526913882526195718
1030103655637118976
1612732664
1432689445703012359
795822357604683776
1455522842037063688
1655493013
2985215504
1587135292150005761
796909965839626242
1498905132876062720
170861207
1590537750385762304
1532577570625138688
1347706547892350976
1596128307933859845
875331170665418752
971841850695979010
1234663272697122816
1492343931492831234
1312426546930515968
826065164504006657
884979001261002755
615470789
1198443352368267267
25073877
1459859899723173897
19937569
138203134
1498100658355978247
1577308091296911360
1528892822862147586
1320450309076979713
870371716521963520
114060003
2233352243
2409934099
1586482636049944576
1526722221758087168
1578266786033696769
1003247948912824320
2772181138
1588635009900023811
1276715545551831041
503544573
813083400609366016
34656718
1311290150283030528
1382651942279778309
1205226529455632385
1426889828
1241969380797358081
1586750869483167744
1492215820772155407
3070103570
1076525864429518848
1321126961855352833
761044281410805761
1000458111369515010
1210585019745538049
1581163206856294401
57491341
429398957
35873420
1578190861682229251
487297085
1543066168935825410
1519118167964061697
986685548612980736
1519017625682165762
26637348
1518946031865577472
1359154454914883590
1545584400989052928
2290755964
1500129642
833851600011657219
1572605841093677059
2282494952
1398750000239321089
1329191115707322373
1392939417174568961
149346219
1553227177763737602
211918431
299798272
1613205740
1294069328388775936
1519481728020090880
855628410
517763378
24471951
112280016
1118582610962337794
1555625152620142596
1519349070229389314
1267094172189642754
1437227004596731911
1456790761639403523
1520764990248128515
1489958313966120961
1456222570638946304
1532216303779471360
246357149
2193189254
1348443678143094786
275322482
4819982440
118941678
1606029594
3254777569
1340447288582262784
225514992
1180173696347987969
22577886
1296092127466860544
38738431
1370046787122122752
390512866
1365061468966834178
15745368
28162211
1113537692489404417
237403203
20882812
1511951131106291713
613397041
58680496
777876144313896960
25818922
2678277492
220824625
1260579103192858626
1010709084277039104
1267125608
1228716415521259525
768892734220349440
1253736902492028928
6374602
1558263729913053192
482059049
1409701009799143425
1048608452279521280
282906093
753318552514551809
1311748941306830848
742140900982304768
952895190909554688
143377357
2669621305
22147760
1171229002796863493
1341594226946142209
1362039084168990723
346176939
1352347866480734209
1515314625973215233
76944176
38644883
1398665501493141509
151129056
1511387427751010307
1441971834
2981315566
1535152025251586049
924541717944131584
900129092
1363899000362041348
825608011
1419301969416568836
288959892
1310784863876849664
2208252078
2234901265
1488364141190520837
1126914091522588673
932993859025547264
319110601
1461763009014112267
1231762525336866816
1344526482924834817
433365936
1425723818853679104
824657405514567682
845205739
1071188360390213638
1228125326267617281
1540125095942930432
3308238607
1526914850110197761
28926990
1206369097639976963
1512402932322426881
1653477433
1518883403256410112
3128811906
37190937
757273818054340608
300085845
556705375
1360124661598666756
1111528060363382784
1096946569922965504
169741632
1012734822043791360
709266738169253888
1518932941891588096
1455242116356005897
44196397
1349149096909668363
803694179079458816
216065430
1491154627882012674
17839625
33686801
287413569
193450289
15787308
22243973
1211700094195515394
19822696
1349436757
1518852516187885569
746709542545788928
791803118
3237706239
155296350
896497044935913473
325829475
1043185714437992449
878247600096509952
1476252534243221513
1127397455283261440
99820512
830852710001938433
1234150264434823169
349295277
1347351197917831169
1518777990540410881
846859247933632517
37190669
3314643230
862493306382626818
1318323148958281730
1427664294330699784
818543023017623552
96502351
2208227640
1915033663
1030456117606920193
1280118657142722562
1239586036843524096
1461754984769507337
879160421579722753
2957368836
843233549520125954
1411453275396845568
44784881
1058807868
3086289084
1240443692726566913
1171584130653589505
2788898973
2850963928
355085239
25512685
123317591
48173742
74824454
576675214
