1695567995395825664
1428045542664413187
1678726143011069953
279185073
1705303277879910401
1703921688470024192
1705891274719432704
1187914388742782976
1643122251007492096
266722897
3364832093
1586053242919784449
1677958155068645376
1672785900294782977
1578190861682229251
1597598191137869824
500827257
1659611441878675456
1646431142772449281
631781675
1696686930832838656
1604671304325554176
1694385895187664896
797495492
1625141523087077378
1704238246861905920
1596538705459793921
519900395
8253382
1600257861489250316
1372827841444810754
1517019957716033538
1701030022755008512
1603931540576030720
1637697848321114112
1593792322646396928
1520284009196142592
1676298535006793730
1683219116369354753
1679685232637640706
1110538651698688000
2335426680
1679291606875119616
1579277593613778946
1387056644685717504
17326721
21956127
1680652455703457792
1662252466640158720
1682071946442293250
1692272590172102659
1613757045559250944
1689300888106741760
76530648
1695442465531088896
1695004857944428544
1630586437434499073
1272947715626995714
1678317630883774464
1693789652946178048
1464937999
396333990
108527088
897659024489017344
1584084885593067521
552726568
789376521152634880
2363994735
1668649726823071744
982043316530417664
3022829314
1667625142636146689
1289659536232583168
1690307151133032449
260999205
1688894093349249025
24358662
1270215679673679873
1540806757563469824
1577717745344446464
1689339527158968320
1689451219914194945
1685013612845584384
1689328460362035215
1649157708770074625
3279550879
1689262248848416768
393825505
1319207295805542400
4837948105
1687786624137019392
1688394141426675712
1687179307154821123
867786354255646720
1514084630210699269
1451725093189693441
1268949875032330241
2985124312
1684972729139699715
1518702515386294272
1615118008363667456
1586151306250575872
1627703090236297216
1623157841300271105
2594453161
366852522
25929138
1618737134386708480
874417983422169088
1348087607226466306
1018766376670879744
1500202845643157506
1604689461064916992
1656099722468159488
1680623437717569536
4924802613
357172276
831297748523765760
1652745626830897152
1676613507331268608
1656816014041153538
1674830771008290843
1678160535534329856
1681718204446515202
1519391320065908736
1649448864
1604897261112233984
1594445683544788993
1587490973814235136
1510670454670991369
599664171
1651878114178510849
1590814500957069344
1519093870625177600
1485004400762527755
470470624
1661876892029399040
1675431688631885824
1437677666916839426
1631725013299601432
1522433164253270018
1592307180
1674639526411612162
1592235585334259712
1666888199409639424
1515765222656651269
1657964874184507392
1652432927383515136
1634425186564059137
944735930862026752
3948399203
1610744334579650561
1646920999361732623
1611775553475837953
1463937344986394626
1268960130382495744
1525485283336237059
1649047793376305152
1618341511380492288
1599934807907205121
1670551172904615937
499743915
1643112266328420353
1571528396701581314
1655793554
1467229063534329864
1663472322647392257
1592508806302416909
1640225572113580037
1594978763720347656
1636850166970949633
1575239807529357315
1666060001889116161
1659187818843832321
1633873063748960256
1593994805989752832
1519356923228864512
2456674280
1563616128450138112
1426310771680632833
1617171406046871552
2972335899
1663538613143969793
952339016
79805695
1235711798155907079
1663093707690631168
1662556098120028160
57837305
1624574454427709440
2203735166
1595922721904463873
1638728008386203648
867015168919842820
1518626055346601986
1660331583134416898
1660391109003210753
365063159
1356405296021856258
1656592898714918912
1638600823071465477
1405291728819601411
1626634393413353488
2948334687
1597371394601484291
1228003046753521664
1590121801274859520
1594060149731348480
1649531277060583425
1597855183853490176
1597778144202727424
1598789733823483926
1656046889312108566
1585440283910721537
525885827
173431838
958155368672169984
819716450168479745
1649005658623328256
1509652957314396165
1601357523935793153
1627031265005408256
166198280
1655061962781335553
1653027286721888257
1544022822489657352
2917490567
1617218766709948417
862400652508528640
1575663437757423616
4921372709
51828039
1604706920157396992
1518334377163296768
1599605645853982721
1635651069513441280
1184011640381083649
818014995950739457
1498533734076882955
1513122814416588805
1621701530767298561
1594076840875925506
1649196886711058434
1594685685117640705
1535108163766259718
1585705680496955393
547833555
1649137262805004289
1645186897533075463
993213747094310913
1514401255384354820
1646186014300569600
2311983240
1644791953941225473
450052760
1649227250712162304
1565492730926612481
1519025626983940097
1293522673348247552
1646923279129534478
1647772782028005376
1595014082817658887
913406138393124865
1579203936975716354
1586060873822519301
1052018694
1645434575764480001
620230704
1432316894191755265
1636471189991489542
1638560185181503488
1594066568493010944
1655396540
1616606006393425920
892162063
3354387689
3341306789
1268323481663537153
1513607095081443332
776718745
1591675291948269568
1641181682223964167
1590673957635690497
1589298842343800832
1352259409733427200
1588149066118086659
1641639267997736962
1626057165550100482
1390511757895127045
1507384122028838921
1464057247915462658
1323692164119994368
1639732278900457474
1400459342789300228
2825928726
874766605
1460283460032122894
1595463854103973888
1640435358352506880
1528105410602971136
1290413764903395328
1632024269923180545
1639385060120965122
1639011755992190977
15840849
820385514817724417
48486244
535751550
1478212657660452865
1628968202960084995
1519095414175125504
1601242516635926529
1492908742488297489
1628791011336921088
1515507724900995074
1635433163039076352
44521554
1575195199629918208
1599451341201580032
1274321138676572160
1587057427534446595
1612542565873483776
936365292565024769
1613231920137084928
1635306770762481664
1598697700244996099
843357762
1541604902685786112
1595071943794900993
1476510363898286080
3764034256
1594154099037069319
593360775
396181630
1490573855387054082
1493344269683380229
1630669452810354689
1319340723309785088
1003686746448646144
1586540690141487104
1287554461104107525
93059852
1586482636049944576
602438566
1504897338275512322
1595271342491930624
1627965470488788993
1571887774583918593
1597955079704743936
1379868865115619328
722571886614417409
1519096470661521408
1627903571382476800
1627953464557948928
1357952533
862504901456396290
1154264596116594689
1578043089066905603
1002076990650761216
784576257820352513
1469945997073825795
1587648649391128576
2279145393
234466998
1625612751962775563
1552172698104643584
1581470454052691969
1535199105936400384
1495313466147872770
1127397455283261440
1170535209885810688
1594735510450216960
1369473595253129217
1080198686444044290
1619385087887380484
536732623
1563493794775183362
537740584
2832648610
1175553967847292934
1585797587914964992
1507942858220879874
1619844120289099776
127667039
259499890
1614292780917858305
1577491114440941569
1466510080577208320
1593742381018488832
1439221439090003970
121802593
1617176873724788737
157396736
1600045829414211584
1586149906087120897
1594418436565770240
2183281433
1403837088072564740
743060496
1294628968939880449
1062959835841548288
3557511861
1610035032642519040
1540670095097094144
1586672143399817218
1469525222999171075
1445137100282777761
1600310074047594497
1605611085532258313
1603912658193092608
1580228834053570560
1591054313161383941
1299775636408541185
1586733743783309312
1518728163777466369
798015075097448448
732612795078844416
1338656378303508482
968001656037236737
1498432326098894848
1452859222404653059
1220135746981580801
1403010024956440576
917746825473482752
559076909
1160534850207719425
936024631563124736
2234395226
121607201
490900506
1016063888993988613
1188567761498312704
1586124868302536705
1025548316
1610294476739682304
1566160562165370880
1390008436876660736
791466992
1445931545965907969
497238607
1410438533920268289
1127937954637389824
1599443000215617537
1324910613819174913
1606370531301023744
1474790744351256577
1391826130869657600
1591064691228426240
1518924446802886657
1553707297087578116
847488143850782721
1552731118016888832
1498905132876062720
1464396856130215943
1596310115023556610
888094247299289088
870374232357777409
2715268142
932402055117004800
459093915
45413444
563921511
1518741328422748160
831487528473653249
1548896893156990976
1480908397495083008
1399956686857715712
1547590818063458304
1599447821953933312
1380387705641705474
1885890504
2894129590
1468753065859858437
1300059681570906112
927752346607718402
1542250422567436289
1221202614521606145
822160849049620483
1428928031511416832
490972996
2723900868
742140900982304768
1592174249602580480
1498078500250701828
1597042952597020672
1566929090862612480
1294583095472029697
1557412878248022019
1482102121034047493
23074321
1588533358962802690
1038641122782916608
22081421
1322226573081108482
1455522842037063688
1586817546660958208
1519110832470335488
1655493013
47419897
796909965839626242
1596128307933859845
1590537750385762304
875331170665418752
1577466533336473606
1541870438103621632
1492343931492831234
1234663272697122816
884979001261002755
615470789
1543815686174154752
1594890074247905280
1198443352368267267
1528892822862147586
1459859899723173897
1428509586110230532
19937569
2409934099
1512407207987580933
1498100658355978247
820243849
1518698542570872840
1552454784581517315
870371716521963520
1585987376626663424
1299108557950984199
1337693384
1347706547892350976
1131492233482571776
16631515
1578266786033696769
1580231314887921673
1003247948912824320
1577308091296911360
2772181138
1587135292150005761
1532577570625138688
793336962543484928
1113537692489404417
813083400609366016
1587405181179887616
143377357
1195540569528897537
1461775268847230980
1274107150047031296
1469049729048788999
34656718
715684437338550273
1426889828
1586750869483167744
1241969380797358081
1382651942279778309
1245848354191486982
1566812354964250626
1377649264613072897
1586698682833014784
3070103570
1468588721436246023
46294243
1076525864429518848
370099628
1347030074424512513
35843545
855628410
1581163206856294401
1210585019745538049
1000458111369515010
1519444163363852289
1511434913060372490
429398957
57491341
232325031
1104779496228601856
1533245245613277186
1519118167964061697
1519017625682165762
1325205490935062533
1375204226717077508
74177423
1518946031865577472
2290755964
833851600011657219
1572605841093677059
1560846013891432448
761044281410805761
2571892975
1392939417174568961
1171584130653589505
1575442787654311936
1553227177763737602
1519330567061442562
3254777569
1613205740
1519140102248796162
517763378
1032726920574758912
1519299440158384128
2842452450
18268027
1555625152620142596
938208657048715264
1560350230427701249
1547724762859745283
1437227004596731911
1267094172189642754
986685548612980736
4886680186
1456790761639403523
2985215504
1489958313966120961
1532216303779471360
1348443678143094786
19444358
825728106405183489
818485691717980161
225514992
4819982440
1296092127466860544
22577886
833080577582624768
1513560694460977152
1202395388143009793
1365061468966834178
390512866
1509003032662626305
542962969
2678277492
1511951131106291713
1500950302920478724
1562944258960633863
254777469
974063126
25818922
1260579103192858626
1010709084277039104
1228716415521259525
1398750000239321089
1409701009799143425
482059049
282906093
1154861303896428545
1562262574959190016
1311748941306830848
263292155
22147760
804765241095651328
1341594226946142209
1171229002796863493
1515314625973215233
1487076657332584461
1519746590705074178
839518280847089664
1887186379
1398665501493141509
151129056
1511387427751010307
262129811
1424909728661090307
1549226911649484800
1535152025251586049
1421879826365964290
1508212505423790080
1267125608
900129092
1419301969416568836
1198106335
1310784863876849664
1555202148828614657
2208252078
2234901265
1239586036843524096
1393329686365675524
1072159128187998208
1030103655637118976
1461763009014112267
1231762525336866816
1518686168677863424
1344526482924834817
28871804
1425723818853679104
824657405514567682
845205739
1071188360390213638
838640308212506624
288959892
1034918223697903618
757651310
1549062539744616448
952895190909554688
3308238607
1540125095942930432
1228125326267617281
1206369097639976963
28926990
1526914850110197761
2905831431
913569990128828416
1412715002075791361
1518883403256410112
3128811906
757273818054340608
300085845
556705375
1318565634893139970
1085738075127455744
1519275280271122432
2193189254
1347716206673997830
1519108744734515200
972951524
1360124661598666756
1111528060363382784
1433547317290827777
1012734822043791360
1496016709576183809
1512603804704940036
1518932941891588096
1455242116356005897
1491154627882012674
19822696
1211700094195515394
1518852516187885569
746709542545788928
1349436757
1084551824420544512
896497044935913473
830852710001938433
155296350
3237706239
791803118
325829475
99820512
1347351197917831169
1518777990540410881
1488364141190520837
846859247933632517
932993859025547264
1240813503277129729
1041177834
1096946569922965504
1427664294330699784
3314643230
1198597507925905409
818543023017623552
1126914091522588673
1476252534243221513
2208227640
1512402932322426881
1280118657142722562
1461754984769507337
1399666663268798467
1380163241515581445
772855769205137410
709266738169253888
833584886
447600898
1285757410636902407
14977105
557863110
832752513132621829
1030456117606920193
1468357329125097473
1466748691142819849
1466781872571260936
1318323148958281730
1247619448586096642
848626596927987712
879160421579722753
2957368836
1363899000362041348
843233549520125954
1331392369745408009
44784881
1411453275396845568
1370827972928802816
2174855356
1240443692726566913
2343137207
768135378855272448
