1242559971642007554
1048377136761987073
420308365
707390030793191424
1704001512631144448
1384670171319742466
45902505
1564771424056872960
870338551069769733
854808376458579970
1603229158103867394
187440903
1410877760
1522950228671971328
1018718438
178227363
95971535
1485689970593468416
1192625531025608705
1249578344
1294149340626391041
1176253262015717379
1479811567466254343
1696954567064215552
4199778381
1482817809449164803
1582916398832963584
3359347180
1326435378
22963273
1302103985776549890
3296673274
116274320
760367593433686020
947185949406003200
2705002822
1661421781037481993
986232040021549056
273547421
1495570123481968641
1346260466285199360
1599510806680535042
1435408360023670786
3406059493
1000503711330791424
1366902609328566277
1689825113665855488
1327256847288578048
465730896
1436081149307015168
964003003979022336
1549461766983360512
1584567238006300675
1144335418306940929
325716763
553609465
463276040
543755812
495612509
1400200294110171137
1470240646346809345
1602032564658753537
1294041441770057730
1212434380729118720
1480159549986586631
1412949742418636802
273432430
855305941
1481619338599841792
1104349244218052608
1504956528914309122
98047213
1499109588674793476
2792777647
1440473006577356804
169686021
1300147617704239106
845511552249843712
162605602
27870856
1226167963
1464322912979144712
1041044330092195840
2471768562
1169783131542626304
1518847713689088000
1467254599736201216
1615407080944570368
1084829835921375234
2885615595
1632065913326571520
1000877494646407168
110835004
716016929043980289
75927392
1270965627528806400
978790333059424256
1678959658650726401
1194680052354441216
1663492793740738562
1413698887
134860461
1506735701420752898
1606575184647180288
1351199080299569154
1332477663517306882
1579455680884391938
1484360814979325953
2562832774
1620012443207405569
1037021854198915072
742453163098296320
50173730
1516035636897239040
1494145698283069445
854846202222747648
15670857
304127632
1321003436
1671312809714434050
1280496624989622272
1502477112208470020
2557054992
1452325382812807179
1140458581088538624
1618153183179866115
1123237749878939649
975200486
3022633321
1051851469492707328
45167431
1372325396461580292
995979576
2835451658
472505434
1517323546309111811
1618675852589531137
1730499012
16298441
17998052
1420919062285201408
1333612066456920064
1093741515430596608
47475989
23442764
1516633566930771979
15355677
3307459262
1056971050297241600
1640529514945032196
3221888150
3958327401
1460421568190763018
795885295
1198796678893056000
1581447595163095040
1541867561071026177
2452070935
1336960542653763584
1365055889972072453
1242563546719956994
526653893
856446453157376003
1603856626691227649
317521541
1192959904757243909
3031071234
50117326
1511838107473117184
1370538703282577408
5363752
1392902189824167937
27088303
401675584
2696582767
1060579035170959360
1649902485069283328
1617430194167635969
337808606
12798922
30296927
262637037
388004331
4837754686
1331821412449923073
995349331187322881
4407991655
1237845100912205825
971637560798662656
2861828567
136696377
290545806
1165608794597941249
937931490855473153
4241210177
16964008
877357064724520961
345897081
967551011085869056
1634912049510637568
821901514323136512
1412582528381337605
133729686
1451058235067273216
1649282666968109056
1372841614054285312
237920763
846949171680739328
3280573716
1155343131501633538
39682124
924478805015531520
886236137999785984
1268032640042414080
24560836
1464227414645653507
145530134
1503017482411458563
60032981
6009212
745708855481425920
86167608
1429922279706796033
101584084
2338852344
1167571688780787713
931286316
2384356988
56561449
1458342684
1428195755941060613
30699048
50595242
560152955
14458643
2463171746
1169602807151783938
1521876511124451328
3275143332
3840
23013056
1302885350877138944
424083365
222276468
18856867
1024554695942057984
1058592387755200512
18842214
921614845
1352148646180003840
1527272072887832576
1603319893012537344
949402646473035776
18629545
1161480661024329728
1855191762
1151859018526314496
1509113641483837444
1192884169359200256
1248205883852685313
1332748710028120064
1494533617661403145
1581849851356073985
1269062328282218496
1033714559184502785
1537842927715897344
22784458
2733631795
1540012220939206661
1444760227576881156
1092346141998370816
942268386
1496192458811715594
807347738723520512
742771496993574912
18312897
957651645302624256
1594864034834161665
244647486
1510985203342319617
16989178
543483223
1227964415288455169
164941980
38258053
1473436797552279567
3214466631
3283482342
794195358041653249
53979469
1512717213769289738
18663393
717926102614716417
1364126754328117249
1400825981837799433
1525464684190638082
1483575230434095105
956543009658671104
873046562984697856
938533577775616002
1519526333847535621
1435661392124776462
1222339495422500870
1403015536879996934
1408312803732037633
1215077597798916102
833069447598444544
18519661
1461001835469316100
96770474
1461371731545890826
1555317069805195265
1512987768862896133
842098649115025408
1622742375109115904
4239551
287413569
1169966155152404480
345839909
527526077
1538705932799987712
1619202238957895680
17745290
453656642
30345764
919881818039492609
850109849148964864
1165438595227955201
1313157619645919232
2185713181
1008329461
798754191078346752
998211386
74760182
136722660
1245013312032645122
29061673
1064606320517672961
602947747
1213192887019560960
15522405
1463109843393212419
1389113149199028226
1224185690713460736
1395165795366236162
1354287389355683842
1374695135649349632
3012852462
1048496499288625152
18014620
73844084
3066800573
1016387143
27522964
2199605117
823766058909761536
980516212059856901
47934739
1613323500160454656
195856294
36157507
1174371432253419520
1411066303
14355207
1480076403127185409
3024661814
1484209042356531201
1412640581344382981
611986351
782641035268595712
1313536464022646786
961429037058023424
837797189057413120
1600474753130762240
127289989
1482787383418499075
1524055496386301953
523841798
1496567813737091075
11071132
14994676
14788764
356560761
4598260169
1287915010874802185
1332908405657309184
9897812
1059817123688591360
1589469195250683904
2349347329
961637747512389632
245157986
793325876947542016
1537144746623238155
1372537604369879041
1316477858211037185
122451685
16740433
4705209135
161417439
1469851247133945856
1529175847826886656
265169401
1612268661011611654
1484611767711846402
1196783263228059649
772966352114094081
149553354
2178012643
24222232
1204095351944368139
701880939991998466
1376261172295561220
1605618684717776898
292133753
1516865968869625856
2888133129
1293261144371716097
1173582758360289281
1238260133983125505
2704681687
3525145755
968487958931234821
264361128
1530530365
282686727
20953997
1396998668436205568
1463576327013875714
888232686153867264
905361701603872768
1316659035861479424
1327336243026223104
20722476
1429541312903139329
958178759219318784
1176624876054036481
19329393
142973143
1187448709681954816
3070424440
41687358
548258435
234925481
1600963083110961160
807812802761158656
740724798
14829533
754770811655888897
16589206
3550989737
168987151
1362822265394647044
1217277241131925510
1088104463339057152
454278495
3051623806
1547772995028267008
1225160978737831938
816385307516039169
18891076
2967831
1483714387898740737
962650783182331904
1314063490890428416
4816
777159380294782976
22703645
1040629068264366080
14326840
906090757
25083002
3392091424
500273723
4520698393
16076032
1283619451771006976
1019404891574300672
1950075487
2446162202
986570317425455106
1240784920831762433
1154563242
2062801
765241482974470144
8595132
17995040
23719684
2359971372
1953406027
273497098
1288975288983080960
24143262
954005112174862336
1455997269900156930
1428293763143815169
1035721495
846411464885747712
95994080
1943087750
961851963708096513
19985444
992477898
714051110
1344759366671589376
808746592920539140
1233890492368277504
902926941413453824
1114304111875317761
1564248502883999744
496082117
1214003683412676608
4626916156
334715818
412833880
1281457267582177280
1453407902040043525
2369334205
209519962
776272687
1384711969912102912
828281458330476544
37475752
1328990108851253253
1210889657904316418
545445165
274567177
1812055789
880602945632575488
361123761
1069689197261414410
2653394250
214337395
36769923
1393739097638850560
242382715
1485777659543973889
31700619
1507462689529872387
193471040
2363500093
2902086916
19222164
806188673972764672
1384590977453543424
167903718
18684681
1528126105584128000
1503472017412034562
1186514928913522688
537709549
3171403062
1517417467529805826
1047915263453224966
3165691046
1495857981451243522
295218901
1447768472579035138
1016908862136332288
914738730740715521
1552969766775787520
2304906253
764250609402777600
1356514488451817472
381289719
1533857787486388226
2740563252
18959480
36996328
1461955797525565440
1598701883325046784
28014636
30508215
221280813
4780783116
3166286415
855481986290524160
364214133
20253024
3270678680
31936449
2918089872
1341914117599350784
1444080484208676864
1604229320741978117
171191577
1235064915033034754
14149901
56470411
15025985
532385570
1593675484834848768
1129762164
76050550
826998919217319937
3008301599
70320929
1174517985396043777
778394106007388160
1596618068767264771
588703829
1599556808716087297
1536109282009169920
18225967
123434827
1270489357208649728
1367003544717524994
773023557806804992
1042650162810834944
1332042173278142465
1010901148008681478
1465347964252180493
129434729
938191328193794049
9701462
23527606
1380195185641058312
1594608239987023872
1050821001276080128
1200616796295847936
216881337
1116345515761909760
52338305
2411942305
18485593
1486473049146904576
854746255431315456
224097357
1007063625658392576
116745546
93279842
1580723196042551296
300935523
1590033816399228929
37219291
2162931655
821741361644892161
14851635
2434443876
164070785
1181680423652532225
1031747223569227776
156241095
4891451439
1518980094949314560
1390762874809761793
1317568613189062656
1470157136
946970896291348480
2414745014
108465379
817781741825966081
1409381970686083075
265628902
93885127
2921136535
1289420992792518656
3396155981
1503842274135924739
333357345
3404705159
1107421968578433024
3177515983
2657347285
1575493429379076100
872139062936817666
881680042484527104
47253057
1066429772241256449
130956302
704033227787337728
1278258781726445568
198179597
43906698
873051724604334080
38678666
730121169194655748
586849722
782809436
1695169405
18546022
208397722
307967655
358545917
1158370032826478592
368611237
17884830
53192519
1146508215468908544
825257934443651072
25506954
40721215
1378284380335054850
1518708985016164352
1158978085569433600
972569324
65292722
1266002672446058497
446282869
1204002460395806720
937892433953808385
51359739
1393652927986913281
473458125
137962169
18664913
1309488996901244933
726249494891864065
1029465832781492226
2203817017
113137765
25073877
