431068255
62826303
1344751420139040783
1376252790
1269450810330615810
1083991722747723777
1590911769622495232
1481485127087706117
1080147480208203776
1601401737197195265
1603594180609056770
1598551312815325186
1487416877404106755
910248320009981952
1603974103362424832
1592364587923505154
1587151191712071681
2858883819
1518815025233768448
1586821265326841856
1584288506343464962
1378657046564798467
1468398321261690885
1590704958420226048
1519490101142818816
1004567360597000192
1603852949863731221
952999556832284672
1319866749244919808
171340704
716674418907422720
1280852842862034950
1606639365010120704
333357345
1579000721445617664
2850963928
2353435398
382901547
1486383471895486475
1600219401030144001
3343480215
3403585863
2438378629
1359324397140664325
1495277310446084102
1580166286503743489
1595154079218556930
1531761787124817920
1541624036882391042
1311145810667745281
4417918212
1404198481103818754
964688380645773312
1213510587109396486
808672745567518720
1095556136885989376
1374834855691890691
1595239964974862337
3386619826
986385193
711623702853656576
853203192930238464
1208307350874009600
1161261376846946305
1343935155354947584
331876075
1261270683285204994
1599210440093044736
2241711384
1372562294396293120
985641638
1061696817849602048
1397392282224152576
1566934353833299970
1285969540350959616
1379866006961729537
1510494179037696004
3979163777
106762289
1385762868046467073
897675682645463040
1598793165162651662
896576058459168768
1587245901441114112
2815850443
1517376212095578113
1521876536625963010
1591506914449448961
1319400309022707713
1596618068767264771
1598502419918364673
1535466358380429313
1587524967188439040
1590759663439679489
1588230947765473285
1596577770963877889
1585728252198653952
1537617271773872129
1411821879388737538
1580428011647762433
1589658549495513093
4586937621
1589009409870647303
1056316671105761280
1594401084218527747
911157448592855042
1488883505555820549
1058747380772884480
1588411140664692736
1433952231817101312
1597695354597687296
332016522
1579915937486102534
1432085853795495936
29239452
827385372426457089
1338960681949933577
1474091860025122817
1317568613189062656
1596388313401032704
1586019464532869120
1530129316901699585
1461470044475605002
108465379
1597457570821701633
1491138625551147017
1530475606961422337
106297274
1205182997143515139
1591859494044274693
1593675484834848768
1599206804092854273
1598353223827472388
1361497598721425408
1428005540077228038
16316684
117274716
106877735
452755384
1355721251180961792
18150050
182096406
16266236
254239181
1601247877971546112
1326229737551912960
1519495526550540294
1329221278201364481
47253057
1378412891813130242
983108315466162178
91583544
1490073340052226049
1562116389858529288
1479889465649033216
878461208025862144
1221441944267653120
1570831914348548096
1365807589276200960
1427476600744988672
235839823
1378271216574767106
1338343852697145344
1273771418614992896
1083157361433427970
996566734512578560
1532040412046757888
1468334712506941440
1571613241272565760
805813819956166656
1267610235105132544
1462231447918555137
1434437851031253000
2766382031
2989460797
1396227514687803398
1596643956124688387
1266764597236809728
1516798981224947712
1404652927919214595
1521903403189686272
1382712030277337091
1310333684600324097
1586184850993778690
863327583529820160
1269666360969265152
500341425
30063549
2602666463
1565386208003428358
798876594198683648
1523108987243216896
1402064837870604292
1518969646430445569
3167789983
1578252103461572608
1485592019372322823
1594761826931195906
588703829
1080843092859777025
1567358815552811010
1566888798730035200
1567248651902242817
1567269741873577985
1567021329165205504
1549869393114550272
930949272236974081
1570604496165675008
1572745423512633351
1567340712550694912
1419316942901555201
1510786973799170050
850036892
1552738944453943297
1090038910691016704
1562145635637141504
3913327379
1591834567207522305
1582737967654866945
1563335862489755649
3873825922
1465551815781412864
1553951258297348096
594886554
1533303219874578434
1484641680494145538
1574180631122268160
1322060763243122689
1275039793
2275602602
1400408261019455491
4345359329
1442238195387678721
1298040924350451718
1235861749988864000
1442473420046802949
1458919791264247810
924702760519524354
1410453812259680258
1588038829675610112
1586136715915194368
1083889630448181249
1590011213622157312
1508627477224112129
1269208778823663616
1512998617388400643
1468081030750158853
1587070469722742786
50643903
71271301
1221861415457259520
1468104176102256642
1278099265387200513
1357764031960997892
426059968
936238338356404224
1437459433538396161
1295443686407405568
38531995
1625493998
1382768181094150144
606400487
36612159
1443272467506737156
829532744342454272
24365954
1461418953226424323
1461148888463667203
1428293763143815169
933146693662633984
1457764952740093957
1238511837722882048
1330634447486677010
1060985315240955906
1288857440058998786
1302230772020056064
24081859
1299515370349441026
1449931322693144579
1358294581520052226
1323468601140105217
1449558194595024900
1108192513788182529
755365986757337088
1397988776492814348
1265214819768008705
1457655437902467076
2393831536
1222645014943039488
109068219
2261798839
1367979062283632640
63996778
1217915155004174337
3680706135
1436081149307015168
1409856416295403520
2632441534
956380574826065921
39334221
1122897552649719813
1431608684107472902
1082197856
1441916605567356928
1042198078445547520
1266237053974413312
83767119
725491998732521477
1268632844525502468
4653907535
1204470946888740864
1428719436962402308
1315590830258819072
781488039881216000
1426233278261080069
1302726443097493504
1338646404345057280
1370904134
1333335548342177792
1268673604532781057
1197167054329196545
746374333552005121
1186840308795002881
1165760974923735040
469664661
1422410905732661248
1275638070474399744
3018742509
1427341892128215045
718679496015028224
934613554082095107
975119919414218752
47640215
1170886272
1420469013889572868
4865550959
234588848
1423038670131580929
26853182
356467687
24725278
406627271
992794405202530304
795479476822011904
275153432
1328886553670799360
1423015821551366146
756213211322474496
252826824
34529222
21112251
1136097217784082432
274515961
1402890605932343298
1407155422579118082
52497097
18952176
488817598
38055000
294290731
23272287
783437288
171952800
972970759416111104
1412215498578739200
65458321
1378392606476886016
4665080075
1293288031609290755
2750486805
1425224064
14287239
573989102
905180017520504832
508229818
319706892
230045922
789617948155576320
773003234344570880
329069061
1280152655902449664
3418203779
339142542
3927969813
821169436245852161
1375507993165451278
1115862401579212800
1300756632595554306
1330653894
383376973
907033287436238849
1003431155205623809
1412147088192909316
1348838989634027520
1415145058253295618
921149073486434306
1392702844428509187
471354709
499901541
1336854958725951490
1217919614312681472
1410040561147559939
757832485
2688321530
1410054474656366597
711251874565984256
1347075059526086656
1067946499399712768
1404191121723559942
1409273165986082816
815934645929910272
117338050
1413674910698950657
1421384162
828744592434589696
1214550380941496320
1288632590983925762
1080299095150002178
1399449164782706693
1354586543361560581
795342400239652864
732044564404551681
28410165
1383916181866696706
1408112971520397318
1248973731025862662
2409865824
1329891389430243330
119404374
1050176630885355525
816609107943845888
1400118502409883650
986356435691991040
3743989156
1403172752903843843
1367506566
729029347651276803
407179694
1270455827871272960
864890652785594369
1389360201996832771
1909349292
1073003926595751936
1153096737822629888
1347702221065117696
1408910583064317952
388494658
153423925
958756683202916353
1325295080505290754
1396664697676521479
1372014796728590338
260920761
1358841745933492226
274229582
2961419511
855119170383622145
3560588481
4698611983
2320049028
1195526102464319488
876220892069507073
306863186
1101670904533319681
2214593734
2281185319
2407289430
24358459
832244525456306176
178001324
1199600633327697921
198518158
54949405
536732623
27768163
3949697909
3383833552
524811261
258697830
1383060164509569024
2925734416
1399952023722790915
1400188650458161157
25685281
1963156225
454881142
392959314
4639246335
1267630198347968516
523276626
529065504
1376054535303614464
834496225185562631
274740010
62291256
3904935084
96015533
1248238163384053763
517191131
3572438837
1324403518304849921
787285057841037312
1321358845453733889
1159984411351367680
1280197044309823488
161791896
1132139746593873920
2869909014
353641770
3365176323
3525046823
202313928
1207329132813488130
366743182
963254235029786624
1181734502957236224
1372681436092858369
252915277
1393232880038465540
924979700954431488
4851633305
1390875716456222723
912654030
75962495
2807891092
357224700
1163902135538475013
1379095924878807043
1257792526339182594
1279942454960160769
892467658452484096
912305765578412032
67322084
32281887
1215031092681379840
921050011386839041
1302611901613039617
1307854638532657152
1318660976179335168
1344795589322616836
936433446238507008
1388862746788302852
1144055220349165568
620571475
344978883
841707752
1338016117143506944
1217172451593007105
1361773365426585604
591882585
1325846662233927681
1231307565973278722
3029405158
739522844615430145
1085323518273818630
1167195788084224000
1339187757604872193
3282155369
1299875579693535232
747426367
1207665793590280192
805591014148866048
44385628
997182427993817088
893129713954193408
1198829693824389120
751967677862649856
350581464
597212450
787082055406542849
439324942
74125834
1281587153668055042
1368517291256602629
1230936883913465856
23499427
84736547
1063470553
1366850512247812099
958686514678026241
888818078091546624
286464659
710647068390518784
1192046004754944001
556829750
1355399914633703429
276798565
1028747714857586688
1372920016912404494
1378541651526889472
575398878
1337099883879280641
1721193062
1194818909943291904
1279195805996462080
1151103077329584129
1025302237
1089670165300723712
32696367
1351340131454738432
449354070
1324842712634396674
2551349203
3003292371
1186352973707988992
1129097515910029312
712815186
1248343496513249280
123896017
1069054824
728574596115513344
830080581350354945
1318315317869694976
19081097
824323424873021442
1291059677355290624
825455270033756160
1366831746357026820
795801451851345921
1365904369292566532
1329052792305168391
1354477378496573440
1270194600356065281
1352452541699776515
1355956151477788675
1013653887579025409
52066948
1376251797640187909
1349759458818273280
17373302
1367348026273062912
424535865
888891855370432512
3171513777
240393970
1080479938975797249
1375845981720297476
1344317236245360647
188311687
567417029
832754878804062208
56918276
1217255079176278016
1187808818522030080
1270848925671587840
1356282424313999361
2360213761
1246458504086540289
1345098005360340995
1331041980550352896
1226819156152115200
900021957424447488
913124844
788886648209702912
1169475530762199040
183292208
2548891752
1233588255049863168
1372278133009825798
38709058
4869819473
770345886002077700
3535080623
42557105
1278868958540640256
893530092395085824
1018623009811247104
905828413105156096
2546154099
1366407240765345793
142399105
257029559
231137457
423546453
1454768304
263547117
2962804342
1339313400686522371
1310576318791155714
1276758161861550080
24004390
139493273
42783309
2312372450
149346219
275703601
199505124
1084836872935878656
986232019284832257
1183391502
1357697425910231046
390455868
1047208133771313153
866371878386008064
810344401021059072
1223257338305486848
146175896
23938529
1297392941418283014
1291377674074624000
45641282
1297239943643791360
18646108
997328934902648833
3028902445
495202167
1081220972089352195
11545612
1083842869713137664
1290782798186414081
1255214533
1366464962722488324
1604274266
78528831
109376067
1244678788543365120
108471631
1366594843804368900
1362509606224875520
829186945267834880
58116764
1322209443971584002
1353040053602316289
2237995092
1299889161604915202
90380313
1362301673335570433
242603042
1213196992676945920
1270994015446609920
1361831101589774336
717247706
1360796824886509568
343814839
369828299
1231432741725638656
923229479899746311
1360273003108564993
1325293592395591680
445798322
1359619177280131072
1076544925574090754
1354228711466426369
242376736
1358875751680864258
120295432
1345531730116153344
45199057
944759630131023872
77026540
1271229734324666368
909923513447919617
1258042750118879232
854449775202246658
2584357278
2237836344
1355598961848045571
1321877715994267648
1122344440562057216
1285504186914942988
868578294916145152
831019099325132801
124458514
1169638221480939521
3232338616
1054076323
949358582444822528
1133078839251361793
2626059063
1176589369949523968
869309108175941632
1141369750821490688
1291808377019027463
939328079654203392
1213585214355562496
1333625795844202496
1387619629
1022257111621926913
867639769794101248
1347186372067680257
889964689
1349149096909668363
1339384480713289729
240454812
1344356576786866176
22831059
4180260695
1188162952299450368
1345739193721487362
1342989756611907584
187680645
436709787
128573568
1197542830241136640
1329426069162758144
869259764768927745
904809776454000641
1112882946116128769
1317301474595045376
1291495752703778816
1235474347877453824
44806891
237299871
96502351
121644627
547436534
136817359
1168587126381744128
1334567783577886721
321317643
1329231299521900545
1313108174614994944
1171963197601046529
311643153
19035910
178844568
88772059
26622752
762932101
2901477089
2916305152
4639413136
1256394056365748224
1335326309409579010
488612243
896857073278996481
838457598303223808
2990729241
796941573086990336
3106659262
962878233388748800
2341920602
1284250299826425857
1336729580363804672
453230105
606033804
980599174994583553
1056302408249282560
1057799351894982661
1084245110383173633
1217251942214393856
1277729672588079106
1145232808811618306
2407401790
10774652
1317074251988537344
770781940341288960
478333148
4312282894
3932768472
2831362383
82963526
1026249782644416513
1317562023123865603
1118717322095677440
1333906855538663427
29097819
20861949
395570406
1329803277916049410
968204866760970240
4907563566
1034816090243780608
1263260365187616769
2575541569
4711909186
1316466104601112576
3231657095
779104195
41634520
229141520
234520842
807908498
774346370723512320
53979469
1311374072052408320
66156657
92985745
951967167926362112
3417821632
607332953
17289855
1290635110149169152
1304082080641490950
1288256196286218245
763797957976084480
1203448778948317184
1306087234316021760
903778012340080640
235380124
3120263669
1229906395119656961
784113080477347840
349157378
78457679
1305514723358715905
429994434
755222904426618885
3951595438
1233953687929868289
21067783
211519387
1241894850682912772
763544607917473793
1277998972695650305
1872530598
1274135973828407296
1150922206794387456
1064202540122873859
857274569496956928
1069639477012955141
1155212191
3030781341
57769091
293101518
222564691
218497660
736214254194417664
1229843879010197505
882763416938704900
262425225
4847548282
19172486
1234225435397017605
1195081760293478405
52755564
1217111872446615565
92844900
1285633950355017730
26761863
23970102
1192621088972398595
1275650795481030656
1130846736
1289651719224385536
3395471177
3129020750
187972951
256632323
435042176
1286285344787267587
1204118236918435843
21002426
744070482832596992
2535036504
1153042794375712770
1133399315836227584
1275581797246611467
15392486
730965330122543104
1273707647259328512
49631876
1283455068172410880
2868326249
1267488988153200641
1278740342821523456
4914384040
26856764
1282304568517447682
1282682628295086080
1283838003379613707
1233465755376680964
1035188391938277383
26062385
1017603858
242541464
1120919064803708928
40044740
854381836759429122
17088476
193388366
113763245
817866768
435965703
555941638
634104865
786007520
1223718914112327681
1060564086
1305301919389290496
2793426281
1139297111638446081
343041182
999274189688274947
322649809
1145702015374438401
43969066
239922015
48358215
1073125754
806518765877858304
1528669104
961983288003973121
1461871098
4070834723
64336281
992231841628393473
19599446
821744845454790660
969961921
962122770837639169
1069967034275020800
116514886
231101835
4419302009
1108371200559009793
571180553
4797368897
1171473946312658944
1108363572902539264
1117806825284542466
390800749
1298447432838258691
75279569
42940458
772934961766608897
431298355
1277439038077784064
26637348
1284515130039042050
1151179860540362752
4041824789
60403024
1075125161043652609
1074005912027848705
799323456118657025
27602545
1287205026105106437
1029512865449959424
246451658
271115296
67064945
1249078342718033923
826065164504006657
941109866202091521
63790450
542124856
947984296224096257
1152598802873880576
22095410
248806279
1127087112
342165503
1217222437785481222
168541923
834218107040313346
859409582426251269
1151261114384171008
1201670995435646976
4627081402
844437013
3958327401
9300262
749016639287414784
1350558096
1285549561503723522
806858236284600320
226257979
1176540331493515265
1230634261176356865
1601655098
1246482554351484929
1162011558219788288
242742137
801063367045763072
226610802
104939276
976709875
19409660
44134773
1200599931817545729
251627765
249756038
1273448249144365057
1269339977000857600
57100687
71023061
26291588
15755096
809634353391271936
2525508054
1226254940521279489
700030607070490624
1268323434
543437365
541312400
1206665954500976640
4889279723
787765784
42696269
1181643457011617792
1945422458
1278775161139986433
1197579807166324736
68599584
36732143
2958926842
3729308413
4924563275
921024421128736774
970026368275832833
1021804125426786304
1021502239918178308
1021053239700217856
1072609116009480196
1102954499189194753
1197376747576156160
1198313116452446210
1196757079148703745
1216152063203332101
1214578680355274753
1219023781496348679
1225070962011492354
1227056448984829959
1229187925293850624
1228706335807725569
1235272763646058496
1267569586683215872
1267553705005547522
1267533770116214785
1272290441602445312
28429843
333419570
61880152
1269105489410850816
190905427
1040629068264366080
116588914
110835004
39078695
1158301015327813634
36009071
1270389025749323778
259001548
2315698776
973684455725350915
1207874097251639296
1111663942303141891
1500129642
1121327121723527168
18080620
35802171
888246897852297217
1108472017144201216
39344374
1190557140
1229831425068879873
1139166385966374913
1263662918207504385
58379000
1047155363873734656
252692510
1159435823772815360
975577002764849153
1151325340364627970
1262429510223507457
1225255296358133765
878247600096509952
1083405755884163077
1108727439583334401
888889468824027137
1254789545431756805
36681165
750521271771803648
637088536
913959409482702848
221078346
73491087
14787713
74168324
8935172
372659543
2438831503
986781648
1167174850479316996
20545835
1260297137948102657
227426714
339476134
2635762567
18156608
782402469506580481
805916867391057920
26266361
2996059666
903354645623566340
56413858
253697236
976513639
2296396927
254660752
734768607905865728
221768911
1846271804
4786933061
3018032409
96419810
43775786
2264754072
4882354966
467208985
603155306
948272425
1130619338933854208
1226167963
216328260
167927220
1205716489
16203795
58497343
1227734031900577812
94599930
9651842
53154071
155634922
36971022
11856032
879719513847209984
36442549
70770099
390232813
823367015830323201
15431914
1069396688488595458
35840334
829797714
3394924354
4737965237
50772918
1037471245682520064
1217891120241311745
2902817669
58560108
452981979
976495879
62961488
1252700122833727488
984591359192522752
1249818573259845634
1038450119119712257
1256920654152163328
910954346187239425
1190360821219635206
1158442742055415810
1531234194
622804972
29430343
1060236365886091264
1060529585731833857
2962655326
1063095427698962432
139774580
337871581
872148729184362497
240760644
16113700
18956212
44196397
1080905976524562433
1128738055517503490
1062346395405991939
999303818360840192
1004816288298995721
1060235476890763265
956162858806579200
1062346762139111424
2874016528
1060890857983881218
976532210
976549099
1060262917340307457
1062343262835564545
1062344789679579136
801058917967085569
1108837794217148416
801061266815119360
1026520825158148098
34073634
292553257
1071226119339339776
97319206
1133781254959239168
183109619
1011901
171880167
17071857
819585679650947073
172764998
143812180
1101091676
22286602
123960863
3150375075
451147000
77827708
58249186
488796267
2343974558
4784826141
2814075577
756860198724263936
12902502
14689197
14495726
809914358
216831388
15182295
124545078
151910975
471672239
39384517
41441006
2557400970
3319464473
39249305
304138251
477223342
969328139485802496
1092471059641700353
4212470319
37820650
90639372
4304448314
1134380401143754752
4905487413
472315803
984431192488529920
2651517709
29758446
785287422
319187459
34466728
1237474684511424514
47293791
23113205
2316003960
252398355
1000503711330791424
567523972
1017871914914721799
19426729
4121225056
2181493660
701825647
1242308277670682625
1157277186988171264
1238949725694562311
1046650817019662336
14323759
1201985743729524736
613770208
958408514807967751
1106698965947432960
916765548058472448
873051724604334080
22261364
787683381836324864
126697180
4351743432
1142064494157451267
3622368202
32453116
23430917
64401051
246283063
182550591
15455253
15905092
1039339502446301186
343523535
14221917
16083576
939091
4069841354
855240223432769538
222574347
2914379664
932011810235891712
1209936918
1224374974561116160
4205133682
533324996
935717078966964228
961312723035394048
920336496951021568
231108733
1376175572
15168829
1082311988926124036
776664410
1241167123763904512
9544952
16542798
567508925
1067541214671577093
1069636653353000962
51241574
15858700
78965661
65713456
349193151
3047722897
313591533
56561449
618669291
1203880363
360946333
1925361308
19983468
53178109
290097288
2395094540
324236072
3252036844
908094848749719552
130917318
2244209274
55259165
224659331
9020932
14085099
21780652
5864232
534023
362667435
954238695330074624
3762413663
18391051
14304170
1321432124
3218464527
26487169
281610530
189305014
2985479932
990395183316561921
15145034
15755669
2827919938
15019344
2303751216
19563355
918169628
2945287090
52293877
25029495
1116345515761909760
1174517985396043777
27067705
186493154
1010726646784167937
377776716
254910150
395487138
1511347134
1436836910
719179375
23983513
14813584
356866129
19674087
256257395
333525989
1097936493891473409
1194040156128452609
1151539046499225600
935368364
48117116
186395658
499230066
369583954
180503626
355553437
3895883337
129019194
113137765
35039490
878087280321335298
820385942842331143
948450562147790848
1217647238446567424
1187872471837487104
394983373
247723476
1171819083786063872
548258435
1221942375892865026
1225945561813176320
1917731
29658469
2352629311
169686021
3410843525
500704345
1189367676075945985
1903105045
22203756
16043308
1031747223569227776
4432916014
739937259131174912
1211821040638103552
1102987848741998592
1047214654450294791
1214594234801635328
301627499
1206357044929937409
39308549
4547869279
1214604162547109888
1187837127125622784
27522964
1542228578
1626294277
35511525
177812997
128372940
72783659
92680363
973576766651592704
1164176887712796672
15976697
2874102076
9287122
2228878592
119376050
1079458652136898560
1089308757035794432
193160214
375721095
1190856738003652608
83748727
457984599
196168350
1047813738617872384
1048983697746268160
767960339547774976
599817378
3095130883
1136060761422405633
1080574793630527505
18967498
41417564
816303263586914304
18773159
855318254
221162525
94154021
1052896620797460481
847098017274613761
113355380
234374703
968650362
1249982359
3267456386
753385398718521344
592730371
63758143
1074480192
15207668
818948638890217473
58579942
237348797
2978837542
3301209461
18643437
17813701
871761334827978752
1104593154
171598736
21829541
17564591
50769180
15513604
1367531
898218643888197632
543969777
892978239286763520
93965901
239871673
263984774
818927131883356161
818910970567344128
818876014390603776
822215673812119553
822215679726100480
23022687
52544275
11134252
65493023
22703645
216881337
25073877
