1706329938691784704
118406943
2826677387
30973
1410225006437617669
1506534777028943876
1516885194606743552
312696314
1646002133030907906
1643055401053609988
1522706316376092675
1655618244760182784
1679939458324463618
1587151191712071681
3670834282
1620203520799506432
1604394828887900160
1342174584594960384
1664092413437018112
1527053178105044992
1652040611610894344
3957788915
1524226014271913984
1674174819728781317
1689052936608026627
1509342101330300931
1339313400686522371
1617894330869612545
769666924657582080
1669073544016175106
72445899
1575591767205822464
1594401084218527747
1568148595861250055
1595982266685165568
1692702350824116224
1675202543524167680
1647628050019028992
1586018271718940672
1617891318159769600
1335738259700387848
1632381203159425024
1600368880794632193
1229019629688934409
1692258109517975554
2432310906
1436081149307015168
1692008589634961408
1689091823015436290
1441916605567356928
1665980527579484160
868152995640463361
1596176338817163264
1633604566850715650
23129429
1469918658675675136
1590703923337170944
1597457570821701633
1654321798270398466
1680609901234515968
1595075960558215169
1591847900157542403
1622588070246641666
1663709976349790208
1881296893
1666902725634711565
1598178502733434881
1649432674879021056
368791859
98821255
1587128155218796552
4911797351
1655353145202188288
1396708174644776960
767960339547774976
1277418400894115840
1475534856
794283565517336576
1651390537579020290
1188162952299450368
1233831915485978625
1520737910554824706
1190856738003652608
1101621399628730370
3418210767
1586923432968654848
54716387
1054669807537156096
1146509923683131398
805502502028398593
1588321801289043974
1602760093854040064
1155840474588037121
1410931613819617288
1329307685037240321
805223648499859457
1639355757517758481
1638634932212776969
1388580670407053312
1428293763143815169
1586211253806137344
1635522121794453504
1231777653859876865
1455302281654571015
1493016579549892608
1583452743586414593
1614908789982904320
1589539650997215234
1556895808917848064
1015295486612291585
1602872245428178944
1467563230084087810
29658469
1524412669897457664
1545053946351194117
1435707779436658693
1600712353464598529
1201985743729524736
908856245414531072
548258435
2853461537
1462921559241232385
1601284626898485248
1570418662430965760
1589083577504890882
1040629068264366080
1301423652
1495585131678994433
59001488
818948638890217473
1598793165162651662
58579942
965451112395415552
1601401737197195265
1145702015374438401
1532218001746907137
1595982290089304064
1596618068767264771
1261270683285204994
1089900627713511425
1594466896199708672
4586937621
1590817130840309760
1122904904975179777
1587524967188439040
1089308757035794432
1288319695658135552
910785736902819840
1593658438416056322
1471312889478885379
1329231299521900545
1603181051035140097
1483893386817986574
827366922207502340
822299610018365440
1518815025233768448
897675682645463040
1114304111875317761
1596388313401032704
17469289
1352862214689054720
1399539642639265795
1155343131501633538
29912070
873051724604334080
1600618438573039617
1469414148467527684
1317568613189062656
1268032640042414080
15392486
3410843525
64643056
1387489102799376388
1594411911679946753
1599206804092854273
1597363536161816577
446282869
1269876618463342592
110835004
929330286609002501
402181258
43906698
807812802761158656
1521870690630221824
19738104
370291114
226194552
2204609910
18643437
16589206
1326229737551912960
1116345515761909760
1322060763243122689
375721095
770619360062898176
588703829
1319400309022707713
1262767588595113984
4835333710
27522964
53979469
1226167963
599817378
25073877
1491109101207801856
44196397
