1400197995644264456
1462921559241232385
2894045490
331379561
1021817359
1521170561648398336
1299797548362727424
1699952181842198528
1699947511354621952
1700629400373678080
1289158263204909056
1545103296200851457
1274577703782559744
1146509923683131398
1048468752960876544
1653158535709212673
2826625936
1295551679862124545
1486473049146904576
1473914602404855808
349306056
1631158964099457024
209202416
1365444576530563080
1500204023240175618
900315973806206976
1650159466032271360
333923305
826360436840943617
2722359709
1407044094245883904
1155343131501633538
1600337659607539713
1302885350877138944
999274189688274947
1351281890737713156
2693229229
4046867303
1327266713054941184
1192959904757243909
1635794814351339522
1532172224970510336
1603997064626479104
3289306996
783214
1425859260248854535
548263294
1025410166483832833
53211871
888232686153867264
897058816226844672
1192625531025608705
1372841614054285312
1556988057408180224
1622742375109115904
1603719379425923073
101354595
625733783
1153490881741148160
1605618684717776898
1551744037333377024
1507462689529872387
1269867105794568194
1461955797525565440
1389061084804358146
198200212
1246095631656955905
1599556808716087297
29912070
1591964800216612866
3164299496
2560806630
169686021
425198239
2853461537
1540460409190174720
1537245969321848832
1328473059112722437
793325876947542016
1238694683951476736
1309943838228832256
1368253580994576389
1422301432162787335
41687358
1531541988478271488
1550125402839912451
1335386736243830784
1222339495422500870
768745745469943808
1305445508735934464
370357863
1355708459333922817
1476292407402577923
143227787
1519519170198753285
294306372
26270913
884828064282279944
11697982
878690331881066496
1493756213447651334
1492934615597604864
1258481617548521480
1327336243026223104
118044673
1396998668436205568
581225761
1276956778782248961
1431769449359630339
1978953986
3396493030
1442814343423283205
930470485221142528
1356030014
1225744368507719680
2549204131
1467758694423097346
1463157373455847424
1059314543959162881
1382387724963909633
1451058235067273216
1468718485786161154
817817720221794305
755410824768827392
757033212
1464227414645653507
3367334171
1410190871216132100
730121169194655748
1423768836780838914
1032029995336495104
3895214232
1433248943962562560
1427005667865399301
1242698547339771904
1042038539800731650
1358198682760470528
15350739
15392486
204967872
766250432
1326229737551912960
1388096109424242689
992191188881960960
2657347285
1384584564769705992
1387489102799376388
1122672035837218816
28504906
499230066
276271004
715946355185827841
1317568613189062656
1269060710522388481
15787194
2733330428
795881
1205134326
1267973798625775616
27522964
1261957133081460736
976841019210780680
273432430
2639114503
989298923754766336
1150564556047036416
1244519906059657217
1174517985396043777
769463066
772966352114094081
742771496993574912
1218636110579896320
1078460701176463361
51359739
548258435
1206048585772490752
1204868621505302528
2598183050
1206015069332660224
1179648655659126784
1182200209016799232
949856995426820098
3177515983
2834681618
1139710136488824832
844434316943904768
905361701603872768
1154144483430338560
807812802761158656
60174756
2835451658
589796102
1054033011576979456
874658640774414336
972569324
1017550686597378049
818905354205622276
1321313611
2904870923
783374230444400640
222255876
1038930491393695744
113137765
892130360888352773
850109849148964864
960166607199891456
3078719844
752694919630774272
1731948854
775696688489099264
1226167963
775343566843502592
850806531247529984
798881548950966273
1852899224
28875103
918459747480850432
281402535
861098383724994567
2159099744
52352820
876570335537233922
25073877
2881646491
738117044940349440
721502167811489792
821756363332341762
826998919217319937
767960339547774976
67757679
53979469
