1655618244760182784
1678558157973356544
1584563155526639617
1650169771260821506
1486756034697904136
1054669807537156096
892130360888352773
1319287761048723458
33665720
537563949
80233893
1151261114384171008
3623795001
110835004
1495967016804663299
1116766980596543488
263514478
1657562869658009604
1291128494
848279118
1041042565267697666
16395120
805223648499859457
805502502028398593
1261270683285204994
1288319695658135552
767960339547774976
2928451870
2237865246
1253630270026080256
22211969
902200087
333357345
52352820
1496674052903161858
779675292025622528
19580890
23499976
1652709816421306368
846949171680739328
1146509923683131398
18319861
18664913
3037066730
1216223744181460992
22703645
1153042794375712770
163071725
930690455339184128
1246440482760085504
1371581088586420229
948688862
22000269
767833060662398976
623230663
3432209199
1159534310883516416
4835333710
1538705932799987712
1441965051414339586
2918039334
17384585
1440729494591971331
971157641912229888
1145702015374438401
3295347892
48351615
27522964
822299610018365440
721096238020628481
1116345515761909760
896258742
19370504
931286316
158715457
15503210
4765364386
1284037838066061313
323454292
3364589120
946018506268700672
303940211
537709549
477864155
3932768472
94336415
33347217
837555557804339202
1138519199289085952
2890728989
777190164577849345
1070375076992823296
16740433
705902960967094272
1102987848741998592
44196397
14179819
16106584
24522990
895118556504797185
1057029255362531330
1517417467529805826
14331688
1161441062
75561107
129019194
1379418918
2899862569
2819841203
5820642
965451112395415552
24870433
43661233
53979469
762903092983541761
3410843525
95994080
29658469
18643437
2349347329
4249826728
271126849
2231109295
328801479
80924518
274567177
326094758
18572546
126384734
1586139973
765241482974470144
42750334
3214466631
16936686
420606751
34236531
312696314
832336297641512960
606403456
830658083273601024
3422474392
431917957
2463171746
194663746
