1042172427193802752
85731130
44067298
1468707251481423880
1597760393761288192
1496579291756302346
75343905
1595983949108457472
4551408614
224351791
767960339547774976
1063961320532324353
1413182084546433029
1546252611875119112
1524043392304484352
1483992266557509633
1706329938691784704
1446919010487095303
19878055
1521788261437513735
1500160140854673409
1586879487265865729
1446591064777936897
27434900
1064535738
4413817101
1578780469436579849
14894595
1519981076306931712
561441494
1670643391959543809
1119260981090291712
1588985053308239872
1646149366388781062
1655493013
1251638956359385089
1617230933186285568
968650362
1702970636333977600
1575942238147837979
2305965168
1594171805287256067
846949171680739328
245598207
45167431
48459553
1098615836
1041042565267697666
2301990517
1342174584594960384
19004351
131587377
737452603362004992
46220856
937799990902251520
45840174
1089998124
3280260606
2508068568
907236207867940864
1056025650597974017
1458892174330896399
1654288273278132224
204444440
1062754443798532096
1346580958074564609
1607214086139387904
1596100919023763465
1318537581185896448
93521451
1639013567683756037
1552130659942076416
1648682410572238851
1519320760086581248
1645429236470095872
2371409671
70468535
1633539073095655436
14832751
4101657501
32503010
930470485221142528
21112251
20713061
1662145304043429888
1466204882193600517
30402175
1487238241237356547
602813224
867639769794101248
1635369805724221441
15994387
1222790936679206913
24222232
37190937
1125835203048550401
21839417
17585653
1618094565319229440
797404860
1652040043224272896
1515119195989717005
1546616369080193024
491775093
1678758819415900160
4122344993
856883771244720128
2199020853
804521838281826304
707231479047315456
1527053178105044992
1439749396766339074
1689825113665855488
1588199783491162113
1437416932458762240
1543425844835540992
1500204023240175618
321190259
1436081149307015168
548258435
890061634181373952
319901933
1224185690713460736
1291128494
718445586
1371581088586420229
46705002
292237349
2404075477
266894776
972978420
1241570477086310401
300398951
906746404659515392
809614172
934443084263448577
121532017
1522400517330280448
15927336
229945407
1261270683285204994
1440075352143925255
2162812627
2370725965
1390762874809761793
18856867
80233893
1205537597969141761
1524176909755510785
855483824351924224
130003441
309235877
47696738
842098649115025408
1588976252484026369
1140378082710360074
1267290680252076032
1225171870141624323
783214
1328704176772288513
1599510806680535042
1496333698706280454
259279916
854228823419879425
19671129
420705156
15568684
1576921567787118595
3198257587
1144961064989331456
1595843820280856576
14307764
1339619325578240000
191871143
14861222
434251349
1138842105856573445
76050550
1177386633764790273
808080314
1585051066118316035
3418123797
2852709526
130537001
1307128855753191424
1595987303276707841
247368688
1631158964099457024
1671223942583812096
41694302
986045458819833856
986232040021549056
775104300452311041
1561790875558187009
1672021340642213891
856162158845059073
704391334128394240
775339747472400385
988423091129905152
1387366965703061506
1125693852063498241
1468039338558590976
19899606
54716387
2538322138
78964894
25043492
1638903942292598784
855481986290524160
1510304603946221577
1063961200751341569
971921107992350720
134976379
15484198
71857191
76036493
1655355981629456384
1668679153984454656
832978972602429440
1359923836356018176
18279320
177564016
19370504
18093097
1347704593438879745
33665720
1002613488664174594
1336733113322496000
4049197462
1496194000407220232
499479056
1503582202877120512
997264322500939778
1624795040282300416
37863826
925851505223012352
1578490425375170561
39639115
1371651462153994242
1480926325091323913
32201297
129879105
1356101051682701312
1643835942510407680
958783023268286464
777159380294782976
84816752
56443453
1028540906037764096
19222164
811716473898971136
209693451
1462921559241232385
803420516438724608
704943112217608193
2472399354
23485648
374174560
1518673354026373122
805532293951606785
18028981
338426064
124335068
1550512528089911296
629698642
962666642
930212715422998530
37491797
130956302
1596176338817163264
1374802451568717824
240454812
471672239
47253057
1371215688715575298
1465210297803685888
1529911174896177172
1536059784528801792
1623729042510815236
1371625125146193920
1450829457518903300
1556677223570178049
1430497892314218502
1492260852489142278
814384391761731584
1151913018936053760
16936686
1594754656592347149
1589986640587640834
1197623386731507712
622310854
1150821796112764928
1141784856092794880
979057628247543808
29210791
1092346141998370816
15702490
50772918
15023994
16638965
1102564643766259712
227426714
385723860
17824071
1374126785697349634
2413289725
22000811
1356282424313999361
494140744
1486068736306167823
971672712660832258
21822997
1041044330092195840
3066800573
1288710442974502913
25947313
2458256605
553839116
1310275768191193088
1131818069184135168
611986351
1082197856
211918431
1146509923683131398
22730618
16076032
16395120
1467075696463917056
2917043576
3623795001
246341769
461738443
1498344047634751489
1374217133211623427
146569971
195271137
1188162952299450368
1530129316901699585
337808606
962650783182331904
1257792281614200834
46302096
1602565127362019329
1465347964252180493
1589083577504890882
467661480
1315023384049340416
1516332119869603840
336464442
289420613
1085225533623783424
108465379
1625493998
833890492194627585
91416107
1552795969959636992
1319287761048723458
1349149096909668363
1064042478
4846260665
1160071875646484485
1439405246518906881
45598972
1112724144427139072
709465752449851392
900456573486514176
1519374687016468480
1426227719470157827
1266451357441163265
316966364
1379418918
1169602807151783938
1924853184
65159946
1227799690579718144
1595628340362240002
444205853
1064519591701987328
1079776144524754944
1518906825432780801
116363549
1058807868
15328881
19739126
14499829
832965832837885955
1187835922118787073
1518727737560686592
1387219918597328897
1518848550834212864
287891346
892023264
3029926678
18643437
1594796532066385921
1364420696919576588
908856245414531072
1478844667538063367
1201985743729524736
1570180292
2853461537
1322060763243122689
85694915
138809881
1475534856
1185014181331951616
1451025651440439296
2967831
1464322912979144712
1373365280508809219
521167914
1466983266334953480
149681153
956543009658671104
1534960592477376526
1542228578
154026373
1559568827805048833
2871659160
1512082040811712519
19562228
535699754
1710421442
1577761560394665984
1562904581478445057
1489987177031376905
1457455697298268162
54658408
18193543
1525086211249000449
252398355
1491718010473791488
1520823969905102848
980516212059856901
117338050
868808773523124229
1569270146
23359769
105901883
835309132509024260
132339474
26040780
537709549
4639413136
1326229737551912960
838457598303223808
26889030
1222687198526558209
1192990861304487936
483337158
292621692
83649602
78685709
2945287090
22455534
183739654
1276652162
997428386
1002345944061546497
2966205003
1362509606224875520
1222926664595910658
384644058
1353788751202418688
1180966802911723521
287861586
1332844822504226817
344168212
384945218
1364697818250772486
1322973039185825795
817050219007328258
50165469
822444348977463296
18604137
3231657095
58116764
1362301673335570433
24063730
15937190
783990439464480770
935942321756966912
2825303055
42923418
566030797
885671476627521536
64643056
33385222
407179694
1288319695658135552
91576148
1354228711466426369
365906105
1376990892
3135241
41932411
179621873
18089606
274772424
1054736639392661505
2976753027
357049990
1111651320
96502351
1201588169239490560
36009071
1061110198071386113
1116766980596543488
1122344440562057216
44806891
29030150
1321877715994267648
19956739
1344356576786866176
1927790688
2830629801
1355598961848045571
1353040053602316289
60435440
1225746941629300736
2400004496
24133242
28504906
2172596028
2377539780
2904123050
1122891806797127685
2432310906
312696314
3085494124
846609992
50595242
1236553038858293248
1892119832
1119041039606718465
1203347177298378752
773342744492306433
33384077
944759630131023872
1269730626795692032
16157702
2829466229
424091722
15081182
19539739
546981986
793804060163969025
1274555203086213120
142839300
40406009
1154090125699293192
2201409482
4312282894
1148352932699525120
429415553
3214466631
248469208
2579663444
816711080516976641
305095621
754531050
328801479
18983688
210869563
17839988
108471631
348071022
1004567360597000192
89272855
1604949372
1163992520252153857
3256876080
1912799826
1333873396816482310
1069720356552916996
1214624375091204107
1279924535932923905
249817689
1329231299521900545
37182597
949260669064503297
1251510910390337536
1978471243
359403242
1881296893
1025274127383494656
14221620
1242534200634478593
825782174087598081
824389632632778755
1195835286959378433
406290234
151805556
1339440185319305218
1294791199249793026
19017675
1290635110149169152
821095705724866560
11651202
27990727
1339719609402867712
1963082124
1335290259651899395
77120338
4041824789
1338626900902641664
5449422
942358136
1812055789
1218336944335347712
824066311265382400
18185913
929673252
1139616075291774976
192112636
294145954
962024963149565952
1157277186988171264
130798456
14297863
1199889124611653632
965451112395415552
317385247
174618314
96910944
534881613
1317879361190694912
1148223852494950400
27995424
3018960919
746339122474848256
732779507506020352
877985300466745344
775391377798623232
142646856
900021957424447488
166414119
1290077344703680512
586707638
1128753232048685066
2830829676
229141520
20215316
234979485
858066056786694144
113157267
143169070
532817487
233367186
3995778614
1043185714437992449
25816369
395010447
816609107943845888
29495695
4765364386
16959345
896731633704947712
947984296224096257
854746255431315456
1179844973509906433
23620357
486923808
867433136
764994755944148992
1124345151642587136
867744302285410305
3125720528
20878297
2870986967
1163566564983148544
935920585
388017327
1222539520308105223
19893086
28724441
344813353
1303196862
16873037
33501253
770781940341288960
37453344
53979469
709384371023835137
38284349
3310061541
22663306
964758789621780480
1102455446
749016639287414784
19658895
4239551
304123273
21496427
17879692
21632108
13514762
417962415
576128417
1021838901638508544
4037632102
193352925
274268289
250801368
270839361
92642220
634271280
1288219817003057153
458756590
1267178663944105986
976569885009485824
783792992
850036892
1149374963612356608
1360615250
1890308449
704389982614642688
10774652
20545835
91583544
28014636
826065164504006657
36836202
1281975073730158592
103121228
172511244
204444000
15740829
1144076089
823302838524739584
245627886
3047722897
282695161
3000666887
14862190
50769180
14586896
4808402532
245649240
42318672
109571377
11622712
33417701
194447068
139709510
111849519
31136822
15694469
15669672
19211550
169115069
1187652746
34793128
3932038461
98906083
93558296
1273921454812389376
27000730
1016260688
92089467
1187000486496481280
1266764597236809728
1249837543383859201
358545917
18584875
42147940
17769127
24912726
92844900
217506104
24821902
187680645
18345919
14544571
2787990305
50426819
22798758
592215161
46233559
500204114
26146368
1284515130039042050
859409582426251269
1091435078666932227
849741844917432320
26637348
310542720
4914384040
18677260
847475643918934017
361603840
2329181063
1292099536710774785
1205757169150431233
30736021
1434771787
238226625
34448879
1335087630
1225235940622426117
1113190711250313216
3188280702
72783659
4121225056
1015603835966980096
1046884802845126657
450148111
499154896
1191782619379306498
47820932
34165682
1076544925574090754
1207874097251639296
785258399118323713
164178048
876128550
17349381
1145702015374438401
15646268
1180165663538761728
4102541472
376453771
164070785
396975056
790570581041217537
1255924611709009922
977577365311246341
2636175483
1044667444260933633
2436266297
22008787
15567770
18080620
3932768472
709058258120658945
1917731
22051241
110771229
18275218
987216169978548224
2188390607
1176854013964251142
2172235253
3054551319
903778012340080640
1137004829778370561
529773715
216776631
1202042621037813762
1156850474047459328
259001548
24190981
1272819902814883845
37562042
1254857750678552579
3119063535
2823203838
1083116170369269761
113137765
235520413
1250932518901211137
14344823
741437701539409921
821186316708757505
477274258
866069141576441857
17804669
828454426088050688
434458299
954941870152482819
717050602392567808
2393323908
4105765714
1003637371466866689
800841622602674177
1059869120433438722
338377123
324236072
965292823028355073
18646108
1609476776
58348452
32281597
50393960
326457795
901726607857082368
1308241352
808767477769506820
366031388
4407557715
27434536
1213625325713670144
892531762630447106
25685281
875856268056969216
15977275
1011815911798595584
1079810413066420226
1021421697847750657
1261105859792261121
840803691053613056
26808497
193160214
38490036
978711563992535046
6251432
892130360888352773
480149166
898218643888197632
32626129
694682581221048320
1031747223569227776
19408552
71695099
14062361
620199215
43434729
34082620
43199322
1136465436147638272
1483600741
333035960
16589206
388983706
805502502028398593
1917342486
1172317835864920065
1233178949208956935
998194792436727809
856991644134068224
1256920654152163328
1201670995435646976
1237542829766950912
90773725
1176605437631684608
1171963197601046529
874658640774414336
309137913
618669291
172852209
831095267797647360
43775786
16989178
3497081237
372659543
1364929495
1092037021432897537
1000232495764426752
1058895877786529792
52944689
509082541
235251868
984975083314835456
1628234702
1253445661057581056
78452959
1052967216759619586
3386654009
941753248620449793
826936945339154432
1001966658100105216
29447487
16665921
552066959
44196397
1091718864952541186
93637779
3544123154
63796828
18061669
20747881
18916432
19726613
15745368
1080844782
73303753
76649729
2964949642
1074480192
278145569
1029094268542099457
2918039334
48117116
1057029255362531330
2901254379
19599446
1046127066
3370328157
1236250039191814144
1084375028
1252700122833727488
30095152
92680363
2178935919
1088845446548803584
1217398872445739009
1238318340877234178
3805649595
620571475
57768641
853568064
16163639
55348094
271582767
907254208654708736
751090317257011201
90657826
1042507291495415808
19672731
1133687823025016832
1047792604379795456
58321587
2319593641
4799369570
579780672
282747242
1244681691551145985
872148729184362497
23016017
449850814
311265104
1600775672
1034522856066101254
39384517
525636026
1138270583500750848
2993818400
295873431
283951425
17193317
1075961117288120320
28151144
22170482
43906698
356929299
917928104928202758
24127811
4262263900
2472739568
204967872
986781648
27522964
942433061064540160
861770432
90392775
561313849
1849382725
855318254
1609527824
615360996
958408514807967751
65698096
605730296
951967167926362112
216881337
975200486
76707735
4432916014
978782184
1903105045
770619360062898176
2349347329
1151261114384171008
129019194
1128610523476582401
15161791
3108666882
18812572
2511173870
328049243
1115161625596555268
18577524
15455253
1227734031900577812
818910970567344128
73129839
1130898927417532416
739762692
1164709675302080513
1042171720977850370
23970102
1111721016684937216
26336811
838855420743561216
2874102076
291798805
233000889
927531930601521152
7900962
17980523
1079751212289982465
601535938
129571843
234904800
1455008354
1105508019553619975
3528404535
69116286
83748727
1249982359
840236394865930240
83238047
1109152011348557824
1226167963
1174517985396043777
1053009210047369218
65493023
25460615
65184105
1339888153
120616455
1089308757035794432
41280377
881608707783745536
240760644
33597746
1213277127568609281
19563355
1190856738003652608
15986949
2295234877
873051724604334080
9287122
364214133
832656769667080193
3410843525
1211401039007453184
15694204
70539198
931594364010168321
973576766651592704
758541162
2298534750
15987296
1106698965947432960
1028866124623110144
878087280321335298
117655609
606400487
1194156289305333761
249787913
29658469
878333312288161792
1183021976958521344
16523905
1115500331352371200
16740433
266800454
102071743
1224142848842440704
1259714432
207769440
21862217
408806531
272191896
71643224
84657821
52787926
15324851
26157047
3095130883
1047214654450294791
237888723
1163424303070810112
2261025822
3059814891
201827325
3054374002
2651517709
1128280731875250176
1081236268795736067
1004415571709054976
30540789
2806458751
1124665360823848961
1648843386
50144015
846051525097074688
778671623746490368
18956212
1383059977
1167587134712307719
25119311
1045879767814340609
91882544
1079458652136898560
2181493660
1164176887712796672
997287403663409153
2835451658
26487169
15027207
1116345515761909760
3267456386
74760182
1118289503855181824
27768807
350822109
71706534
58579942
818948638890217473
390713325
39510422
3361603534
196168350
226194552
902200087
926629688235249664
47293791
729676086632656900
75541946
245963716
953298828253384704
32281887
851808935397011456
16974993
3878457203
907719218619207680
844434316943904768
52352820
15212187
929912597519925248
465046121
109579534
79053827
22677397
52338305
102688191
23764160
625891051
833857129647796224
59708167
2273454037
832713490213134336
1081318186652520448
962401513829265409
599817378
1209936918
850507814023942144
913308968809672705
2874594221
457984599
22703645
15976697
18592146
592730371
221928544
14458643
166751745
3981225735
3400869880
925516863601340416
33254996
46298999
475532978
2480268229
307537516
3195879256
491719838
110542860
18131106
737157091
52544275
169686021
27895304
852106004
49159163
1181240814040764417
44945327
47757558
1367531
428333
763489663378071552
489544191
3321549260
1048012125141196806
360946333
69739698
18915709
2858151526
2243376734
1143692072693764101
43384148
1004070871097593861
898871557
1161393675991228416
572249397
18931904
1174860571595956224
184207734
4853236048
17685258
931286316
17494010
29442313
970207298
82447359
273542042
581999965
33608041
39349894
759251
818876014390603776
822215673812119553
1103360582135308289
72705995
285068345
818927131883356161
1108472017144201216
3530404094
83932539
25365536
962393179537530880
27260086
813286
2228878592
1050459109202518016
15846407
137472360
930552552302792705
454232867
30087061
462104542
17995040
78523300
18247062
18266688
1041908755124965376
138203134
30354991
36686040
1081613768121937921
29458079
292929271
232901331
878247600096509952
39344374
4161357941
1339835893
25073877
1594281518
15391524
