1707564936367628288
1655001992794701824
929404957048082435
1679221556302446593
1697058288309768192
1654986445902454784
1655003303338708993
463873010
1694547091098628096
1155537529678061568
1682132860478816256
1655323731575578625
1683407064658325504
1695152118837964801
1698028514455302144
1274321138676572160
1655720395448913920
1696984775901249536
1571350645428621314
1631483496165412864
1623140797330726912
1669841823164923904
1585581239909568512
69758616
1518713717948518401
1520835823389708288
17918281
1381249556076236804
1612612739632955392
1586002145328889857
1481492343614320641
1676995163548266496
1468711531265224705
1628564358497284096
1446590599579197442
1600986113031958530
1688306459296329728
1312337002516357120
1134553784087171073
1674826799958855681
1594195835071373312
1688996505313591296
1687909398583431168
1608574845566033924
1680775459536269312
1658550722336641025
1512324586037198852
1432586043954450433
1472938785935560704
1683683370432098305
1685559781673611265
1686787218608951296
4790055615
1643429595163635718
1680298567511195649
1491873571039506432
1630431684318629889
1681527381775851521
1681390469660700672
1392944658490150912
1676217455012720641
1519656546338283524
1672537022748307456
1399449164782706693
1410615130308571149
1592270483566755842
1681510070100668416
1660112875136884741
1514719704866344963
1679677948226306049
1576988501589069839
3776396177
1667565223476076548
1556065979255427073
1266523847601188865
1639287956941799425
1462174857274269705
1585728252198653952
1546754676288376834
1578566303673032705
1514569197543563265
1337176628796022787
2282840634
1469491868387844099
1292240925368909824
1656852050125410304
1647140271983828993
1437835591299698690
1586139060560502784
1660351653365653504
59699238
1649628386304638976
1147416501244309505
1659722574538874881
947544149099728896
1527623242562912257
1515965285169340418
1145536953468760074
1512852379137298432
1618172803894706177
1607918941585944577
1586852512623169539
1659080637876170752
1581708495552147457
2165500903
1607795085432786947
1638009983433338880
732288594501500928
1520546652657897472
1659316593883480064
1659189241656774656
1400146851135905810
1410103875294666753
1626855435809755136
1658960376547930112
1541857860287696902
1521198237780164610
1657479868995493888
3080188563
1518789245212712960
1623729042510815236
1618073467731034114
1647617140046852096
1617908755496333313
1520919983869497344
1519364572133695488
1656324035628912640
1656170907369349120
1655610007000596480
1646943685106343956
1586904150528385030
1595631841024901120
1655484200739323905
1654005243183779840
1474084952497033218
1617317005773750275
1643681329115189248
1591972104358006785
798598261426814976
1638367532414369792
1488775241417445378
1450252834969059331
1432134887184781316
1651695996588441600
1653824943249825794
1587486466833260545
1643436041498423296
1617922277106155520
1367641615767011329
1367979062283632640
1653200936314208260
1653193609288757248
1650998375326658561
1486053997232406528
1555545704726241282
32485757
1470498987547447300
1013912635606171648
1614359814674554884
1589406265209397252
1594158761534541828
1646555133742809107
1650615289661341702
1652052244064538627
1271911937257897984
1651420519605108738
1399133670376673291
1652411414374391810
1576188251127283713
1652190025323298817
1648122317615116293
1520737910554824706
759937236548722690
1651785354788356096
1651390537579020290
1651478287015895040
1647354969803169792
44415207
1549592549727379457
1586547330748219395
1503745790208061460
1651130648239935490
1522398300145700864
93565843
1649700774656774146
1651035294278504449
1446622011925536768
1563661534068236288
1253921603265519616
224803925
1648058907691044866
1646998833442717696
894421938852028420
1645719122200743936
1650524817215623169
760536690305929216
1640832837396955139
1586036503054000131
1650323889363484672
1598417070429020162
1650234877411987456
1094518595714015232
1650219344700293120
1603955500730953729
1565808276591153152
3940091777
1649732684925501442
1645624601823662080
1596352028338540544
1649947821129322498
1629700487917322240
1649189490408189954
1468118137354821634
1509865074357379073
1285416254346534912
1631000087412477952
1648554651720237056
1649625638662459393
1649585778392203264
1380510076113461249
1649474904331534341
1540714261126582274
1649241620531888128
1885154113
1649237147776610304
1624947867470143492
1487666362143191042
1520610376043442176
1219665406857826305
1262798555972096000
1396442730746851329
867406554013806592
1622385303708205056
856716103795519488
1648517062325866499
2655645583
1646212862585585698
975399927642820608
1648410285529767937
1597363536161816577
1586768077403918339
1494648920
1255934213943177224
362911509
1267224919563067392
1588240163926335488
1499965008033329154
1642987456411598849
913406138393124865
1367262011315396609
1603286702377897984
1276289327417311232
1616579487121948672
1640033335345905665
1647765973645000707
1647821765731667968
15469779
1647769750922043392
17289855
1647111364228382721
1483555797330239488
1535060158245576704
1299608153739460609
1645178485604859906
1644042177951985666
1508242856267419656
1402785621727383554
1446164719971282955
1468357760849170439
1644340195586703363
1325747745928470529
2575859498
1455918088612810759
1610145969563402241
1468068237762252802
1505024646265016320
1618008413824516106
1170139519947067392
1573012286234660864
1518766067383996417
1641158346957832210
1593924785364418560
1585686611810873344
1451208665059389446
1646988694908198914
1646956405990084610
1471734876944666625
1152000162358792192
1446417350803210240
1377489061133320193
1646690960980451330
1585688058308993024
531890452
1587869866630987777
1638702764145377280
274537655
1617550995902398465
851580057034170368
1645971713073479687
1640866082591309824
2751445169
1645506944235450368
1180268050689470465
1270389025749323778
1587102642374934529
1371559065562800128
1641159464584900608
3065380695
1378657046564798467
1351675572506644480
1572874119313506305
1645957569209597952
1361736095956955137
1624860045497319427
1455379287868153856
1644252543315509248
746831792221601792
1638603380968022017
1645562485863219203
1645492641063206912
179046696
1530504866665209857
1478621693715173381
2973973593
1298415045102239744
1190856738003652608
1435950748060110848
1644885515114536965
1593255657360093187
1436081149307015168
1591562164816560131
1644498743398416385
1475588504352698376
1540165053760126976
1455319520277680135
1644202083053125632
1636626485225353219
742129966083493888
993074246216798208
1591149516471865349
1626991703361196034
1559745218076938243
1628236898400366593
1367242905048526853
1602827452254158848
1368498276241088524
1642023847405711360
1481796977151164417
1608812771256287232
996821830705934336
1586486669729009664
1618092062691450882
1269746646402785280
1586048328378494978
1486870649327042563
1588230947765473285
1639330446927429637
1642253070062047233
1640472452491882496
1591107361074053131
1572382772668284928
1615406304633257984
1630787765087477760
1517483001969618946
1591600230201380865
1640968836454162433
1582844512837197837
9287122
1586931598569754625
1641670765845020672
66590579
1042145900913582081
1497470178791084032
1288554186578235392
1639492059118686209
1641645006359339009
1636237284923023360
1468259808658792449
1469077640787152902
1638964123932192784
1590072838802665472
1637898071286906880
1578178917617352709
1506813745183399937
1166131424522457088
1579006958853509120
1427377385209581569
1555039442
1445111225692590086
1380939469201756167
1580265171838242819
1483827653882920961
1524866693847130115
1542516643179270145
805502502028398593
887980058480070657
1620218205074505734
1634551760089157639
1630229860714168321
1530658099018625024
1540076023940874240
1518722848730320896
260870730
992376127904677888
888889905509695489
1191226293536378880
1468413136827035651
1634211320273805314
1603417564473970688
1266211853203656704
1563877248033345537
1554945905974992897
1496944925602111493
1188137303522365440
1594154699405393921
1214795428086063104
1590465026552483841
948993633553821696
1639692801406382080
1639667846690086914
834816961594941441
1494938183368261637
1638410930307452929
1958266045
1605405291142586368
1531827414606692353
1569440887033237511
1574845251889631233
1453265641
1617989061641228294
751132417017217024
1062827550093819909
1635702623956246534
1503774054704205829
1212931134301933568
1628123976491798561
1585672452306354177
943488587345129472
1590621001250914305
1638874998830972929
1098747609341145089
1638662577826992129
1248324012733804547
1530180763886530560
1305972667128967169
1463757437664645123
1568612171176714241
1427369345982865411
1415165880296624131
1315746590087315464
1586482463223816193
1633920117015732228
1268288925518442497
1637902035038216194
1634956684794765319
1264256390442385410
2342944562
1630659159308771339
1595516512630341632
1361886052462526464
1577719654608273408
983854411377139712
2750679269
830837916553322496
1589653908024004608
790698770
1635433793812066305
1588945351737856002
1571727725408448512
1614908789982904320
1530576403086950400
1492564294738669570
1597681864696729600
1468111950785630208
2424242617
1586672143399817218
402429284
1637749377648173057
872312353836195842
1514588678005432326
1518683932429979648
1552422934546812930
1609426299155775488
1412908247619563521
1432511238072844290
1538067911612321792
1396708174644776960
1595436080433610753
1408886100
258184842
1566469795817848832
1573336541342171136
1623291878
838889800203526146
1363702398074712064
1636851199738609664
1636851066254815233
1635717476112531480
715577457009496064
1633600072201162752
3388491268
978448203271032841
2986533810
1636385621202849795
1590221196431618048
1587616575019958272
124651023
1635810379040260097
1120919064803708928
1585788926526119936
591882585
753045173551112192
1560703882447273989
1595634641167273985
1372681436092858369
1325293592395591680
1051851469492707328
1632201881392152576
1627949800644829184
737776450925932544
1560254959387549696
1592117831147061249
1605764294578032640
1402890605932343298
1483640598800261121
1634343711260778496
1500658835232546818
779372066889928704
1634025713639596034
397100896
1602515287269670913
1616595165971464194
1581298777322885121
1634340661200670720
1623208205865328641
1520269062118330369
1323760965469589505
1629695530832916480
1428360828558864387
1624858270614671361
1590527217632776197
1323617875089915904
1263895092743376899
1117088136293752833
1535903939681714177
1347570104649715714
1633604566850715650
1400207736072151041
1594171996677341185
1485784506455912449
1475414135479230466
1633502149119229954
1519770604265693187
1562889636317315072
1542166298364362755
1600703165975777280
1162108829980663815
1345467048122572802
1611398015863898121
1590796322323501123
2607586452
1133607568016859137
1321914901124689921
1600304927191900160
1575469035914862595
915019034231422977
1632921938552320000
1405721032166498304
983969927819218944
1606771564850061313
1536331746744098816
1478844667538063367
1615784243023462432
1584955172983283713
751954389321998336
1494825568046571526
1488098801214763012
1309651875483058183
1491208683568644097
1618071155117531136
1366789622148308996
1461889542525362178
1603467536552452097
1603954602612858880
1599518047768924167
1631505827503767554
1595494493196849159
1620477635569524736
1323435676549881861
1346827388827693062
1631789601793748992
1585737284053340160
1605823245407715328
1501981340383977472
1617956093669552129
1519044819640795136
917106577
1607046834048073728
1591515630418776064
1630995389628252163
1018601041863077888
361103236
947677980968468480
2323218762
1524472891386982400
45185761
1617495844143472640
1599500055815266307
1626048212950994944
1504294129869623298
1523512846599958528
3153568351
1485383103300476939
1625681673399541761
1583452743586414593
1200406976557137920
1603809155843866643
1260538617866436610
1541589949320859649
1397052430563430402
1608452753214283776
1629691031317782528
1522001046637547520
1076877018862702593
4891451439
1508133916519149569
1589622795767627776
1085167409533612032
1526746230268825601
1482839188076699648
1276747641704058882
2900971550
1591255448203628545
1629611247829241857
1209528406607564803
959530002411937792
1435311613947564037
38790085
1310390278231121920
1582212945169235968
1629065795262201856
1586568068800466944
1551717260317937665
1628818357368631296
1627712779590180864
1548299970716921856
1519739025611014144
1626155071871352834
1397983462993272834
1199144933153812481
1343661265567285249
1449919438677897218
1598052343043395584
878461208025862144
1578985761252204545
1626932613880619008
1628340531469119490
1586817362682007553
1628157888798531584
1556079940352761869
1626427806400888833
77506638
1596397472
764285368258600960
1601662273273184256
1591925424011071498
1627872253072252931
4431436162
1595561145573728256
1598137301036580864
1129889897022676992
1519692052493221890
1571528396701581314
1586819372277825536
1254869052239069196
1627396643036229633
1587294803053666307
1590763653384617985
1595891378910679040
1597029117219717121
1618045116525993985
1341898770380976128
1387909119730987010
1594855705777156096
1617996467322474515
1452151098685288450
1274270108509143040
1565842372881268736
1316731397277581313
1326516668261146626
1606350788443476261
1278915135499898880
1626762954325757953
1477785851417571334
1238849526896656388
4319800400
1515821916002607111
1061442977007132673
854413146689216512
1221616147600150529
1585845462296297472
1600127941547024385
857525965198512128
891087683006717952
1427835936176365571
1487905356827316228
964006528234614789
1626809194665099267
26494062
2446183489
1336086256632147976
1239230169929351168
1594882522944393216
1626663450137993217
1530371582140596224
3073538846
1593801839849373696
1613416650719592448
1600883594305708033
1618117375685021696
3192717744
1586027399673745409
56677301
1586145655650664448
1595500437792325632
1173134946325671936
1626249024536731649
1353804491401924608
1386425701222469635
1598120847612461056
1587942567324295168
1613756225858199553
1618859807372460034
1015746977475256325
1380945664146698240
1587249923531022336
1508593853363855370
1626043585580630016
719700763631558657
1504447133335838730
1605393548949479426
1586003720252567552
375136645
1586874505531621377
1354302781432201217
1494699667132715019
1552421136188727297
1510776766058618883
1589587032732475395
1587668725041229824
1625387653112766464
1540330821202202624
1444126225912434691
1585965911504199680
1436641466680500230
1093996815639179264
1527313667162681344
1410774179192852484
726778516382060544
156005263
1451399134460604416
1505770701558493185
1378392606476886016
423677816
1598498945986076674
1508256104253464580
803704565778497536
1623927626174791680
318960510
1533090807288168453
1210400329
1586656772877848576
1582987022947565569
1575982380791304203
1503294795669811201
1471139135733780490
1597417139790442496
1624107412322910216
1376251797640187909
1503202240437395458
1465511046
1589373984373706754
1619754495100985344
1594928957803360256
1498882137281503232
1601946362505007106
1327971754208268290
1603483773957464072
1571613241272565760
1529662423380250625
756048673033695232
1590185532486737920
1477818670495772677
592560599
601852471
1518611268285906944
78713306
1187626261264375809
1186300111032184834
1587897340614033408
1622711411209109523
1618094565319229440
1622785697756086273
1480956444790951936
1480601762511958021
1586963408158691330
1600332632268865536
1598401932862824448
1595977484801122306
1622089971665408002
1622271029748940800
895237080724459520
1551930064069169153
1380394256657944579
1536988856029007873
1364312782754095106
1617863766213005312
1619795059632660484
1292966435447218177
4598555836
1172822167295279104
3044659986
864942976149200899
1601847448443539456
1360051202617147393
1618049423757516800
1586074090460397575
1621664499575947266
867639769794101248
1586117057929781248
1231777653859876865
1357038452794089472
1614032525810188293
1596150122290765826
1466858890973179907
1238973491535392780
1097893322562117633
1617942750988763137
1616386866261135361
1621979060929798144
1460604279266422787
1458724658312888322
1574510715196563462
816528129862692868
1585921358378270723
1608450534024830980
1372548907801120773
1593924568749678593
1591609278066040832
1541220528689643521
1422148765880885248
1540694185761640449
24541197
1586895691087073280
1585853793580695553
864529940305375232
1491902355759308801
1026534131541467138
1462184311184973827
1208127373067145222
1506386119998550017
1595444772050698249
1599304258171670529
943285411811614720
1483994137284300806
1612303517007450112
700811804
756906374546726912
1524119685561729026
1494479818259410954
1337631441283321856
765176453411446784
41691689
3399067433
1211784762945236992
1378038430823813130
1466266866171752448
1586618016921718785
989699516373839872
1577718944273686528
1601078853690073089
4928280045
1445529848118538248
1618082398360555520
1621241060193099782
1621382046059991040
1524052633262211074
2826677387
1469361383200468997
1471293082331238400
1526519354015162369
1591579541306122241
1571313635263225857
125212312
1220045157531365378
1588321801289043974
1503354507207778306
1606680285860487168
1366038828667047939
101540306
1603902487500562433
1589417328189603844
1621015942355615745
1586761251753021445
1603788659165171715
1520092257759625217
1598736178659803136
1538080546684805120
1582809206259843078
813976013742964737
1643921761
1088588332970303489
1602814502159925249
1618054254773559297
1620937794620370944
1620478026235645952
1531589087903113216
1590120470526906368
1374434029819158547
917103195301740544
1466044507
1612907102124515356
1620533764446212096
1620532027530399744
1148062750641405953
1599782824927793156
65971271
1190020183118827522
983735947
1586718230961332225
1578119771119296512
1175911576374849542
1619429478035329025
1620157513231482880
1091931043630907392
1585876475978387458
796167710291935233
795085371893829632
3258476305
1497709610249207810
1610876978239864833
1234722460982923264
1619903270868205573
1619882705315074049
1600845431432413184
1482113464881455104
1121905056138371072
1375142066536112139
1607130486811279364
1619866389350846465
79805695
1603647533464657920
2523353947
1599474389006835716
1108010681373245440
1009124664411471872
1496951980186554368
766012502157234177
1090339588839825408
236940122
1587458344897466368
1586795619678552064
1064620620703363072
1586567761278509056
1585979251936968704
1449120302739308546
821490699749228546
1588576918533709830
1229223034319515650
20832710
1600247904320512000
1115491198880440320
1563278735498891266
727593816455262208
1585867459520876545
1618389540376576000
1591336827960627202
1617984889797890049
545635914
1618980549942468608
1594572831295434752
1587254861145546753
1619132561145339904
1619021222104412160
278135884
1468834389937299467
1594484049917214722
1618691637613305861
1618768930780102657
1595029598370254849
1469374237194469376
1539219653309915137
1605071884160212992
1535099171887321089
390450460
1613223829463044115
1458628803538866176
1476140151378255874
1586383796471054342
1597745257759768576
1553911117495386115
1601366225367564288
1601533417740541952
1273736886301974528
1585846565721313281
844755859846553605
1607894281695657987
1578232747767709696
1580425714855284736
1607625497386844162
1404536834705657857
979416830744891392
1598177843065896960
1618428605167443972
1431823017152290818
1617912425772113921
1593455007994560512
1524356874837110784
3928006645
1618224234538434560
1588899988926595072
1595779292566237184
1234909568813207564
1589526104779341824
1531113619068375040
1617891290162634759
1571548793815896065
1617899722299023362
1612853449577697297
1497292993149259782
1586198062577467394
1617885824808546306
1618268106018938880
1601795152128970759
1588164393937895426
1269077500841377792
1595987533053165570
21466033
1463341947104362496
1585797095155433472
1371274036332888067
1479537685161254913
1468544372182745089
1484331161816281089
1466102878364442626
1521788261437513735
339399814
1424568059424088073
1546191401725181952
1617968183444639744
1218916198144004097
1315812237077106688
1377288277758255107
1219099069
1617949628330299392
1428196385405345800
1618111000573517825
1516675108521218051
1377536526372851715
2902182799
1603777003567476738
1618076784334864385
1010972488166043648
1618068775831478272
1531863316087422977
1618094883767726080
1518973349162008576
1495434594765651968
1276191452633214976
1618093200933011456
1618092923089715201
1618105328184299520
1419336802809237505
1076627956418707456
1617990418594930689
1508428967887388678
1595684373805731840
1324119698011754496
1106057400891527168
1585960234215931909
1585469056257208320
1490727426783125512
498298752
1436868186100674561
1609207824348844034
1597473559236034560
1517723489595240448
1617889603511373828
1468402456799625216
1321220672912269318
1562607559831199744
1596742289090641920
1518725663284469762
1482102966177841159
1519451953306247168
1618076073723588608
1160810187193761792
1578160502651453442
1584961703720194074
1617923282208014338
1591238906351075333
1618050468667686913
935517692605366272
1518695533048696834
1499188938900230146
1585948040476729347
1476707299649597441
917240386573295616
1604783150336544772
805756260
1585842905763160066
1467511257636950018
1325407743210033153
1497451023270658049
1604324440120107008
1463046498074038276
1257360545096830978
1475662495801040897
1615672215630123009
914250063395860480
1582530161710448640
1617868106931511298
1519276355275403264
1571677059432300546
1366376120128589827
1618008626005680128
323648210
4652829722
1595733485460680705
1453744725551366149
1558394112478482433
2481455030
3312046786
1617916035226648576
1617946754095382531
949337149169549312
1612141560480645124
1617972228028596224
1617876287774949378
1468054294096396294
1467705906318217216
1154806355292774401
1468128292029014021
1282719613864878082
1476015450517651459
1608814672181878787
1617932570225946625
4493529322
1617932613733187606
1617930250004099075
1378541651526889472
1400826138704977926
1588383804078673920
1617883161853136897
1617891963780358145
1617889677104537601
1519106125475553281
1586031608246796289
1617873388063854598
1468484997313175556
1590724548634193920
1617864992099028992
1275994753721683968
1590256216726388736
2258044345
1491821786064949254
1607693976764653570
1381633806692651016
1172086334229372928
1519750856471719936
1610065845937655809
1549168497359572992
2888798206
1025930722597634050
763410821691109376
1603593561701769218
1540433489572626432
1423549149220380674
1616159005776248832
1616705901905465346
1518681651068424196
1573817872987602944
1611597705050050562
1615519574585233408
1519913447592501253
3068554624
1524494072345292800
1269058193340104708
1295397985568747523
1582802101931020288
848402972
1518697270480416771
1267046909916721153
1595986244990820353
1431026902731575298
1554924397961646081
1468228134776578056
1585985264291397633
1399591605489868801
1341790124925960192
1468084237978902529
1579136298866167809
1591195803024072714
1587412733540048898
1461781515164135429
1615535323068653568
1493482777643159556
1027954207146557441
1615034900498743308
1604543310089134087
926543442
827989546495205376
1593331103632334851
1603429895073402881
1612606345169063936
1561076858145366019
1518801514374049794
1562742419199627264
1614787495748829186
1614674544589000707
1614301038344916992
31499865
1589704688416481280
1614429187632160768
1061313360392790018
1613773688838492160
1597688085294198784
1445232807022710790
1112491455715700737
1591326765951098880
1468148135004356609
1357433610454843392
1578515582638596096
1613924312175501312
1022197634138656768
1334585752299048961
1048404182900920320
1601446765835665408
450944408
1569316390300966920
1536522833517498368
1606038685371211802
1601238900621463552
1579256576220741639
574941985
920098539396653057
1277696893443866628
822180858605907968
1513897925985800202
1612940361810468864
1470349432558399490
1470466862555226112
1224308996045180929
941814439875096576
1589873270165307393
1594979006851547136
1608867672766222336
1585401097099018241
1442108763989680134
1467305555689500675
889916807502598144
1429739328549261313
1610797434396893184
1527082665488285697
1589127292340633601
2493929893
1340031484015620096
1273461129621233664
1497421310170914819
1095024327542620163
993155752591265792
1594583386324176900
491420585
1273762692
59001488
1270198882786516992
1587124078632132608
1569764832903319552
832004643735687172
1537325495557275648
1603029190458183683
1580556497825718272
1966630022
1549926330841518080
538593189
1611846467605381123
1517707369509113857
1612652587148263424
1518667751077957632
1587130798616059904
1586610849803915264
1612557902492876805
1586586399930826752
1315318716335185920
1388211538817921025
1586822270735073282
940695054343012352
1595178622360457220
149545708
1183383818763419649
890657236237864960
1590445790836756481
1599822363633356801
1596001863731658756
1612306033929592832
3258970313
1586657014130053120
1517649618435248130
1583612162672857088
1253755907739127820
1136877010331066369
996566734512578560
820930950167220225
1589362717055410176
1607020114532073473
1177764837847371778
758855512112803843
1299604437992792064
1370144350827581444
818659129
1268201727775440903
1525635717413609472
1586151588158230535
1518720121661014016
1416949629271240704
1601533875947192320
1586062213982330880
1560680910600765441
1088249221285859329
1610699494613565441
18387024
1611853140311015435
1586087761718689792
1585942157407522816
1004287709479948288
1554042517104238593
1454055184275947536
898784706354925568
1557368840354500608
1468260570231152644
1597425365806465027
1517656858336636928
1565116143165231104
1229949968938655745
1593607908155162624
1285015979555278849
1611190577177178112
1158856892376125446
382979287
1551328494440808450
880833735846789120
1556696589955203075
1147989172394909696
865387987168894978
1424509949472817153
751024282654900224
1445116549174595592
1569323173514035203
1596411307674128384
1553150484265017346
1603231633007673344
2829126378
1123337005298012160
1456197950628155396
1598449209396678673
1537596937486184450
1608596967273435137
1586821222859509760
1389994862582378502
1609790589209575424
1454261060068913159
1509699289341116424
1595124296053305344
1433162932091826187
1075906495156510721
1609908475810684930
1596378748072468481
2615949556
753429340348559360
1602396700114653184
1608011146245832708
1592428730605047808
1609425975783133185
1221550332351614976
1585803103105912833
1576346032937455616
1609261258116677632
1600058021245337601
921138701396213762
29658469
1609307792351068164
1531513242245275649
1607680984371052545
1561177616
1589371082443837440
1105678905187262464
1514991291016392709
1607776715983523841
1608298757321375745
1606566133095710721
1592801295764799489
1608680648818008066
1608286692078755841
1608131901134442499
1593949035223719936
1605160342413365249
1557627149879840771
1462205668522442752
1600986854102163456
1630952318
1467674785480159232
1214762081272111104
1459465372982288386
1415315225583177732
1602791443915063296
1600936216261758991
1606981757085040642
1596062520904908800
1518815025233768448
1606639365010120704
1468074109364244481
1283234888934547457
1022343337276329984
1329216334417289216
893348197040566272
1053815301035372545
1606162104989483009
1479511950312624129
1431623811649126402
1543053222360875010
1492935791676428290
1560999491708530690
1468658937973002241
1579000721445617664
1589790237382742016
542252673
1446681722079354880
1587245901441114112
891355855840436224
1445162442179235842
1586874197271273473
1127965650985586688
1603439586302107648
3051195289
1432458484898017282
1596890963753975808
1567402811335254017
1570418662430965760
1592747575945625600
1224879607490449409
1598310171603869697
1076789110382215169
1603210781314940928
1481860016323846153
1598064428288802826
1314048750231318528
1404652927919214595
957784580
1345301835565842432
782310819015032833
1594452741132148736
1605711736656445440
1121240178742448128
957152745231929345
1569800791481012225
1604142359456976897
3933627732
1598772404880228352
1586630882483351553
1586828153573580800
1605657500052819991
1605670538856185857
1586645332624130052
1039669077495767040
1483100422856486920
1586769085916123136
1597371788031311873
1523385729707126784
1592939548870426625
1595597107854991362
2952288810
1594299396501524481
1589539650997215234
1588752584772395010
1482901583298015232
1590010357132759043
1325625823831928843
1140448134268669952
1308083835507290114
1589246563611713537
1459930022945472518
1595616321345323008
1599758186742964226
1248100208266956807
1605279215271546880
1589611791046287360
1710652508
1468082138167668736
1564506652019154944
65300156
2625745287
511329763
1597968074442948609
959044576513212418
1590187882056228864
232441379
1389320908750401543
1601466626083274755
1604944904295440384
1522682421585530880
866981638445641730
1585665345700139008
1267376842467495936
1032035712391110658
1602760093854040064
1588469451539841025
1585814449256013826
1002599577323757568
1586559369025449985
1602837421611134976
1594740963456569345
390174061
1600478395854266368
1597034117191041024
1448368776383275013
789915430655782912
1599367313479843843
1403451176864071696
1179233225446694912
1466934157569843206
1579006147503136768
1371868036534272000
1596252960346054658
1593166302012588032
1596125708253798401
1602440929767526402
1587182737936584707
1600972525340590080
53514920
866926971871252482
18156511
1543321001634799617
1242823807
1519338715012902916
1570401007972110336
1435892302711382016
1595618636886167552
1585917969389031425
2622440153
1560489614678233090
1590647064333008896
1598608119587753984
1586567143973437441
488594574
1588003454953332737
1468104956574056448
1596388313401032704
1546538859537784833
1604073839188664321
1422444191540551680
2294485534
943967504
1540013847347662848
1303485055390580736
1587643432293507075
1595986927815122945
1586842622890582019
1189604521028313088
1594171831816257540
2761437267
1596243198560686080
881768214467813376
1561715162284949504
1120061325697323008
1585729773481103360
1598029149288931330
1306067415260893186
1594388716298113024
1593374948613054469
1566616474395054082
1591135152989736983
539454878
1602665795577958400
1591302735865036800
1490304004907483136
847651800412962816
1604543517803651072
517013865
1589624589683785728
1594783793331798016
3017270677
1592301519747039233
1451324458782715921
1603747408306999296
1594519238244540416
1461392861036007432
1585696666106986497
1604940742400479232
1602120858444734464
1471730172097347584
1602823755340066818
1586760000973819905
1597735163592671232
1598869284851273731
713027986836992000
1588790914134196225
1540412440734834691
1602028715914952707
1596009369421852672
1600548851450101781
1496367148867809284
1473767300683599872
1518737173192712192
1584976546388918274
1566901275702304769
1468637959398252550
1314947977849589760
1588269386565144578
1530475606961422337
1604599983893774337
1382325329214181383
1269386963414650883
1587189185714290688
1603596879710806017
2562398876
3278911273
1585845309598359554
1586593700594872320
1562868426095607808
1530982946454130688
2530779902
1587170973387816960
1351204270004121608
1600166363460521992
760175146296483840
210218880
1594439910374588416
1516892661290049542
1597414368119083008
1572338169479151618
1561824445286830080
1579001858655682562
1585341319127482369
1596902358272724992
1502223304496750596
1468701711942488064
1393334569303044097
1599995278873993216
1593795856402194435
635559247
1579229422581792770
1489360972984766471
1600281469519364098
1505061926358986753
917859501956632576
1596254435445022721
1601865512371249153
1580826640191344640
911157448592855042
1596728215715864582
1496675316885962752
1248007248787443713
1500160140854673409
1366111969779068932
1600492476699115524
1604652493027278849
1452176787845357570
1600193835803594752
958780925256654849
1594165371367571456
1537617271773872129
1596464799516594178
1587537587299909636
1603958097478721536
1533604717401718784
947727727095713792
22299835
1604574857995468805
1349188997462044673
1575621052226764801
1298474764382744576
2989441184
1374126785697349634
1604485198720163841
1586018271718940672
897675682645463040
1594411911679946753
1599546535615807491
1597442982273290240
1404643086991466499
1586658373335932930
1273692090061303808
1577262224
1603967747859353600
1604052691071733765
1554265390737670144
3268753106
1602831030205153281
1469993320705191937
1389552351275536388
319490086
1597351810108428290
1602877594638032896
1530418035390984192
1604334092044189696
1586008301116002306
1474604557795840002
1156304217545551872
1400566788635701258
1468146147814363137
1597922876782280704
969974408856129539
1260026418739638272
1598712756315856896
1597960924056489986
1602857977177849860
1586745784334098432
1164353630604091392
1515142382123208711
1591506914449448961
910785736902819840
1603949466440146945
1509259462816632835
1604182969819795458
1561520514589495301
108465379
1294141896944758784
1510428834998353929
1600216545703170079
797613862539448320
1595552239426363393
1603957237205999618
1603968168464158720
1520566798877609984
1507476621711785997
262163633
1588671288922423296
1521336389555703809
1580166286503743489
1518814737819176960
1505707318528327684
1603659743700127744
1468073797425106944
1518706081739943937
1603860112518569994
1596300590744600577
3531635778
1322704871825547272
1591704308738916352
1586561538877526021
1232113417579790336
3851062577
1596341998226751488
1485480277975580672
1296264756974632960
1557189233038618624
1525955669676806144
1594930775798841344
1518687148706177025
1603364414341586944
1507860518710698000
1544891533824069634
1597115520855248897
1485331739929108487
1355418243473657856
1586570102165704706
1587196638853988353
1588577556437016576
414117686
1159581599194857474
1549224722650615809
1595322352899964929
1519330783646949378
908365179225874433
1589069375444848647
948829885371486208
1473728239973670912
1271491865368580097
1530024072112918528
1260045790376067074
1597736142476115968
1549114087145197573
1395117728541859843
1601102587444760576
1564806739731652609
1468664604112920594
1602604621448581120
1357897992066510848
1600431964997181446
1496226837378310147
1598060476528820237
1543634535740473350
1208570142717890561
1586932279988953089
1603285160941731841
1469525927646437380
1521488031294840833
1589599372685328390
1195091627490119680
1595904217813843969
1585809105528176640
99221475
845415791814168576
1469046021137313795
1523936716259831808
1468079454555541507
1316776620636753920
1194621109959741441
1530710530209587201
1603181051035140097
1500001948782661632
1322060763243122689
1595671921693233152
1468672739095592961
1550349835722559488
36583086
1098581988401971201
1483163163633856512
1556787824770400259
1415798535602200580
71857191
1590130452219805697
1599443976355971075
1586836946319466501
1558876289330733061
53541412
1586189781440118785
1598410472373501954
1588930425761673216
2596617636
3221981887
1591119276194267161
1101621399628730370
952999556832284672
248917607
1436178913273782278
1469414148467527684
1507537353417580550
1587265545044303872
1598510584454168578
1596939507747766275
1590705403406475266
1518715278980534272
1427413799880044548
1586616304295112710
1209532216188891136
1596736231634771968
1600724233184845825
1429593798712176642
1485371451670732800
1589837362997207042
1430679219735048194
1553571955801989122
1528987322280206336
1547034118524993537
1404560997176778752
1527596650000265218
1395745898861367296
1588742252687462401
1600865301104558080
3033182024
1596542978847277064
1601009335320076290
736186239846649856
1589992343830142976
2147864515
1408778941171650564
1523186035991236609
32161053
1212091090083307520
1385467423533551617
1600131321543942144
1537519811768492032
1327487450332221440
599456526
792634013634682880
1584566291985211394
1250254897
1598094245184806918
1595853455482097671
1456638374106832896
212867964
1595907257601912833
1597688498861088773
1468268961569640451
1598879863112245248
1600090029266636800
4500576194
1468316306126647302
1273479211584544768
1531660022890975233
1579116731771019265
1576235370081140738
1145558455140229120
1594787384838725635
1596738294053732353
1366509523687604226
1456748077658906634
1566592208798875648
1602053012708532224
1390415719670722566
1596285822466244608
1581440563597148161
1593075987532681221
1564819045098061826
2540743192
1592567701557346315
1595495537964367872
1587625058729500673
896576058459168768
2280861338
793545643121709056
1586126223188496385
1599931449255530496
1433952231817101312
1498034716297027590
823343764097744896
1405582957964890112
906613405611675648
1446560778031562753
776969275156209664
1590130899785764864
1578981876991082497
1452063614823718913
1543425037054754817
1596294115037167617
825009662932160512
1598698764142780418
919015538038398976
1600565468246458379
1597247617859305476
1012333676
116375949
1588134207850782728
1590452156003385346
1567340712550694912
1468420669310640128
1597701989789483009
1462336894604386306
1599905981533769728
1468291162692022273
4586937621
1431780403485020163
1599206804092854273
1469502150514405379
1594796532066385921
1328806467944804354
1329624350392139780
775154494782992385
1507846331536052229
1417311433742716928
1598809236355497984
1558000409817804800
1419012402738352132
1588955753485717504
1591859494044274693
1485690416703983626
1597457570821701633
1597240289663541248
906746404659515392
1587471372887932930
1545610083345858560
1602110467668955136
1596007098718060545
1589625619998019585
1589666931946176512
1587129436520022021
1552717210522730496
1601920568135237632
1598793165162651662
1594156683454021632
751603454217379841
1598536469274050561
953824025578491909
1138975605632819201
1585859368343539713
1598138091910438913
1505976655839432707
1498032029191004166
1588588959298244608
1596920054192406535
756063894
1598502419918364673
1586069765386391553
1596688403969499137
1378117370594557952
1589590942033526788
1596970745359482882
1598477771889598467
1590082660398948354
1587210572751323136
1518680424691556352
1593962765332389888
1587151191712071681
2742111148
1595618095191576577
783842160374321152
1590125443927220227
820166657394012164
1587349726252236805
1536340577821786114
1586575228477603841
1548982457793499137
162186350
1676338981
1589431495009116163
1479614767878733827
1468453598933696516
1585365215104929792
1480739500229906432
1025893555
1488781878089818115
1594150214784282626
1560165037712572417
1590071606327533568
1481443120738885637
1587090275037487104
1586184850993778690
1595546147380142095
1059130020990459906
1468335757047877638
1586003283222573057
783486171598946305
1252945641485074432
1586592718884638720
1575974108419960833
1544039046162264064
1585753344164913154
989314779071180802
1586879487265865729
1589788896442945537
1519507789873303557
1590759663439679489
1498711284233256969
1597016323002957831
1595982290089304064
1585683731234291728
1596235049074057217
1476433118655614980
972631922894491649
1357228237
1599467997286088710
1600850473610780675
1596043515078770688
1569475094317264897
1597369968504578048
1585809176642686980
1522369074432557057
21364792
3386619826
1599986520097783808
1511743429667131396
1519514094511874049
1599253152724930561
1587198621971251201
1587517733025058822
1585844014728855552
1586850679091404800
1600712353464598529
1601637551873335296
2924825891
1596683770177806336
1589009409870647303
1595556219594457094
1597066499012927490
1595618323491962884
1600708834531868672
1489586741128445953
1554793481205420033
1518995169131089926
1372562294396293120
1595519197861273613
1523356313266409472
1544445713114963969
1585740002641731584
1594826437206212609
1595470060616925186
1468112847813197826
1596347931640168450
1526453594093920258
1586841958403944448
1581694157726302210
1593675484834848768
1594719436698689538
1586841297272377344
1595154079218556930
1095271250333712385
1157916177110167553
1352318959887020032
702265239442759680
1347756160183627776
1355540391647444994
90242843
717422368709169152
1348413286535065606
1324223208778813440
1354652235427426313
1009146920353214465
718856564
1353153213428625408
1352664714124423169
844708656889430019
924979700954431488
1322199301121081345
973990424464502801
1351275495699197961
1351553153452417028
1342615221362429953
1283800781393731584
994814266120261632
876545719716511756
1343737042438656001
1118338588435869697
785558438231232513
2988042271
1091872041404370946
1350577991395393537
1133218129482571776
611096924
362769010
1344800030486499328
1102987848741998592
1036802982539653120
1350112959067000832
1040504138864513025
870804471802212352
796454514282754048
788980052897640448
1349815688261582849
430930352
129395437
1349766041774260224
1220192250166173696
3178580959
244588564
1295094658050269184
217783829
1322390107463274498
1129831436641591297
1315344548780937216
1336393007017451520
1334648720068141058
1307186985379885057
1328495649042608128
1276661004726829056
1293295675749347332
90622071
2416572140
1306661967235551234
846601460
1300570533734436864
1192110305427558401
1023658429649432576
1231289240979484672
201135423
822398568505839616
1348596474892972033
1346905448331374592
1100669112433426432
1325068072370233347
4814099594
1253641474786373633
1311477812306440193
49412961
1253878661662547968
4858970717
4641976813
1117461231944839169
604254366
1141833085362642944
347949950
99546282
986471694117126145
3282889837
2500097618
64607173
1026838251502481408
396291091
42119784
1213864807608147969
256364208
1239505027166765056
718360217
3314554831
1337267205038174212
325656785
741593360243232768
417136061
1521521190
748327206753959936
236300369
3158221173
142022349
3297625565
1123970625566060544
256639601
1323222460444168193
1111069953543815168
383265755
2347176668
4639413136
1329898085238132737
1326400578436669441
1031005461062066176
493666598
1137797476101054464
3215297093
1321883889468624900
1325055715548000256
987556138957901824
1332487753578258432
1266223605614104576
1149138753887375360
1304480474056847365
1344536672273195008
270214480
1013621573570326528
1347734155761692673
1523910769
734462704438513665
1332252267244908544
113137765
1282216342217777153
1156671793832312833
1347572840275582976
942674311319576576
795342400239652864
1305386236106899456
1284555668805083137
1326903900671275008
2347766016
3064156305
1250324915573514240
977182325506281472
1297604649294405632
1340755239255896065
4204608279
4050953716
988259441916051456
706284979
1288255124813623296
1293168992375525376
1318054727817441280
1318788407238197256
742115813298032640
1902907915
1343032431872507904
1311427884054085633
1260403622359248900
1326249623632154627
1233211318754258944
1324913108758880256
1189610408128241666
1208582306509836289
1318919031617978368
118311621
1316603482716147717
1336462694912839684
1314357544689627138
2445014773
1252037814272831496
752984680765329408
928036072868798464
1157616602101297152
1266112679552450561
1333851825032851457
1322639961238106112
1324014497036529664
1332322928436756480
1188162952299450368
1017287701010132993
1316248090135986176
953983428696924160
1203448778948317184
1201985743729524736
711312995494723584
784617158009651200
1325289375979229184
2470205628
33734316
1215474885528473604
1248343496513249280
1144397061812609024
740296735000399873
1269503287490801664
1328214543055536128
1294986220062334976
52755564
1161092556505174016
1299070483497775107
735024071843426304
61579433
2453769577
1311153549426987011
48536848
1150385015928369152
903489188653277184
1113686180942503937
1324858538921881602
1267981102897074178
1329634959468994560
1154883570508455937
1190985556085428225
2369860928
1322383074647175168
1266460682175885313
1336059053924028421
1328890298961965057
1222737686407962625
1176583837222129664
1086350689771634693
1235752732163747841
136972673
1201588169239490560
1201341280455987200
3171779713
2793081841
1138603422377267206
1241642883737886720
1266958762675298310
1270003545962577920
2235692570
1410662366
1269670700903813121
1163558565564637185
1046650817019662336
1078616096024993792
1265897614614159360
1291478180629536771
1311628672336625664
1338626900902641664
1189704181608615937
1324013858542018563
1336034230686498816
1305320091999858689
1260362925044350976
1292415834
896248652854956032
1326305980817186817
938318630223273984
1288175235527737346
2397240481
976681201
1085538846362738689
996272419
1234311106337755136
753369650059210752
2809156456
481666202
1328797819059093504
1332509614475071488
1667510323
754119779686887424
945866996951998465
4389650355
710137998
784928097816674305
789816942861385730
953592003891150848
953349137012944896
16991311
1335040633313128449
1271477934268743685
1325434719178170368
1337468376730324994
2943358658
2262476407
22155217
1336630984322781186
1270159045249417217
312152299
478333148
230887777
1237228076368568320
1328565232625709056
1287831732054630401
1335067217315188738
1233636047831085057
4898922679
1252433941291819008
1269476144929095680
1155973321843982336
1319400309022707713
1028131698469363713
1299515370349441026
1171491499688656901
1233925543587913729
2263430953
1319855356227538944
1164980763059806208
1271136049486614530
1329803277916049410
2261798839
913055424
1196215190297227264
963015345660485632
1269790432680194050
1316143283043733507
1266815949459591169
1253648732328824832
788540610630201344
470548056
1231003640741146631
854705866670559232
72445899
1306080539632447494
1270851742742298624
2984763654
1324933828922789889
1151539046499225600
