1585285918981640197
1474724420119932934
1678459922915139586
743104407127089154
1557359188845555713
1491818579125227529
1292227343612813312
65942677
1652981135985475587
1310810644757835782
1648709434678321161
1357269443840102400
183292208
1415441181245329410
1490782033529880578
1606346839740989440
220478007
792357067847823360
1515671599671922691
1591612358425731074
750004784950804480
102587415
1519059803628351491
113701537
1597573985880997888
1594716198712840193
1574855660914679808
301254990
720249568504492032
1192218321149665280
1556273824907264001
238778473
2959255457
272674112
1483167516428062732
1428464364487643147
1421620200311459844
29886151
1510629672530366468
1493220404
1134557769665798144
25434845
1243498189099065350
213491014
1281384941427752965
1402785621727383554
1057114616206106625
1451534368695066654
1252370164890456064
36644927
27018747
1447580826426912776
248888733
1414554648476884993
1008313909
2417972052
1122897552649719813
1415929287497109509
1278138180559134723
1179065158410362881
90380313
54455046
3435610917
523830486
1172605435301355521
1239143082198786048
737675042281033729
140346375
57682425
37226120
1323808543963815938
1322294260868222977
1286725112381702145
1286491283683450881
1374742915767959556
1378523605563228161
1254789545431756805
1266326143097061377
3902180025
35435926
967795164659048448
182878105
1410741069797642240
1195888177250062336
4740215237
1321618441237864450
21003680
1406147958257688576
1171943888568889345
1186305232604549120
1292811334757658626
1352452541699776515
1372014796728590338
1386795676772691970
1329052792305168391
1394711704014098434
1539408684
58334567
811769504053096448
1031717196442034176
1181747661172543488
1371437424337948676
1362601555443265540
20776532
312646080
1187837127125622784
1372278133009825798
1048983697746268160
17289855
2395094540
990395183316561921
34466728
1352357248866136064
1371208931645784069
1333906855538663427
1154765648
189404173
1047813738617872384
953983428696924160
1338016117143506944
968889072008810496
1041129066441584640
1337184886139080709
24646702
30511893
1335245473905565696
3063933906
554692292
1061347890193301505
1324813693754945541
913233039832043521
1324730112814706690
726873022603362304
1320387217785868291
971213133854502913
1137905412915654657
1278486500989165569
197593181
1242657619774496772
1300822617499328512
1261548854803140613
3538685836
1290055183972491265
1279825561204985857
1275466072355999744
1120161901508427776
1299330318558789632
14586668
1296375800300802048
1291396699697618944
1267620251081928704
2720718104
2649671870
2881262153
40517770
