981172457330454528
1415350145546338311
1525163077439586304
973646991099121665
19213332
1049546187790016512
1001535310122180612
1677321098512195585
1691015639576563712
1425132709098270722
752976103128653824
902600533260816384
1265665749076639750
1463792158528344065
745273
415601652
1400900625051815942
1610670095180734465
1616138866745802761
20736511
1523284535718420481
1598233167609049088
1364070093936713732
1222546624959873025
1544408838308171776
1387366965703061506
1552292309697527810
49441236
1639476462465036289
16426402
1897577306
1536508245954527233
43878033
1462174952732467208
1320004297371885569
2766994570
1036214846449221632
1495606693723525124
41821987
1273639475340554240
2180768821
562817107
958055372270592007
25248934
713940693379649538
3938140035
22056192
1155886120351100928
827639549488533504
2651190312
1637507099558027267
63065243
1374305714
1224715565757030400
227263572
11697982
14246109
1411474170937020419
2875572321
536540206
1335237183234519040
1602565127362019329
1221122547057602560
1367178031937249285
1138310850727616512
1467644699854917637
1451941051334283264
361517583
47556937
1110110589202956289
1199204846
1508547456677543941
1462569628211638273
38813274
1315256596398735360
1116066217331175424
1421134103781519363
1506624113258995713
1183862734565400577
212657985
211675022
1408003598
21268897
45010722
973576766651592704
802329275080708096
2586724117
3573767422
1453258645
48708436
1603825209236127752
2338547287
1585814058892025856
1381233554256891905
1016908862136332288
25235151
467661480
962650783182331904
1493343735136067595
179887262
16523905
34731702
1586750869483167744
59850640
39125788
106930323
478096578
436925910
1521870690630221824
14851168
244647486
1506379688012304385
1559556660640849921
44196397
1876001052
1563441366729781249
708853043085877251
17632091
22396478
933455515438473221
1251900966770794498
108977933
120910922
1370097027556769795
1427351033513070628
3944915063
1509934850626650114
1427300300956786694
926054168753709056
1676500243
1312649362447757313
1341220683871862786
18732627
14695985
1382304531241955329
176761848
1282117563107901442
1475494481260691468
1574246713975455744
775167048057888769
20343694
2383510675
27696764
1125695096
1549461766983360512
1449062098005266434
980254603236335616
16754078
2982376319
44697818
24461934
1411495596167413761
995006376962396160
47791337
252941954
1517417467529805826
16180004
711825796369764352
16419783
2967642892
429415553
36974428
204970988
22545453
15892011
1460283925
374326795
1511337976181182464
1448475823481278466
1010901148008681478
359358437
161488059
1439749396766339074
138750523
1065907485192667136
3108605477
220891672
19396923
37723353
85225861
195129672
1262845575147458560
28618036
19559715
1448282602687901696
2865659145
4809041414
262868526
98712107
4107939250
1268032640042414080
1451260712228200466
1439411036545822732
235573486
2380700497
50772918
3807079047
69022849
18691746
1330976790861520896
716256825621004288
1181680423652532225
963054488486600704
1300085226119598082
1436186913317208064
1069772905855225858
1265649185145094144
1477466196966576128
1468998614546530311
239210681
1873277766
2474749586
117338050
1623397074
66142434
386513
3438034840
18050303
498659278
32313613
887434912529338375
38523627
1338154796906319873
1395200580759429123
1917731
804816624
14848157
4758543715
116835497
16192218
2320884786
1006769795302346753
298583363
351327856
1330031170772496384
1281756117576503296
492156320
215064934
860655841
4258453096
1470131131
64197283
1054056156841340930
416839470
1354919270375940099
3412634493
1278691268114210817
1022328719686299648
1025410166483832833
412833880
995821385191636993
117810351
836779281049014272
2810395514
14144881
113578378
705353308165242883
951795669701939200
812654178103332864
1362376287004803072
294306372
2204609910
989952556507025408
7900962
1243523149712556032
759463699287465985
1156703991872524290
1500129642
872248320147771392
115467858
610659001
27995424
1329891389430243330
1356958547603513346
1032468021485293568
34719119
146712087
1230325122520821760
1116548763168858112
853229442
1336870828491812866
375224923
543836179
182524533
1082024365540163584
118567880
17847906
848348952084828160
1244602357935222786
849982797154590720
3267456386
1032179513088651264
752869395668631553
1184707210351263745
1366130381045530626
352535155
3256276860
514729543
14633871
183456041
1357717304931479552
711983840
16969261
3317340592
777980351478173696
24673980
2308966423
25422302
3009871927
3253256552
109099014
1067429242261172224
1071585991
267944170
119478339
1106045971253719040
1318308978347200512
859409582426251269
25913058
930743287648083968
885149590047141888
1317874289475989506
715212559318691840
317271050
15887040
1321191268375023619
5943622
1311091120676446208
9909102
134321104
240426992
2349347329
1226167963
188363529
23125257
14862190
1145702015374438401
1083416987479535616
1303911685107802112
1287617796390756353
1196852732801499136
120300336
178353631
830735257582366720
16556523
16855888
3246599974
703671791512887296
1267257106652172289
928312235386114056
17427779
825713234
952695919014830080
102466223
324114245
1198379902883573760
184917734
729605173539164160
556151596
726386299733696516
197854852
1542228578
1277292236
1272208202772463620
1019691888302022656
1239676915386068993
1116345515761909760
1123882718306230274
1103645596064333824
1119430978496344064
719945015871582209
1428944978
65375759
2777840091
16683666
146536342
17298852
284192797
3782830341
1236557193752657926
191263036
1240077873962037248
2451149864
1179396972324802561
45503645
21722318
2723411
214176777
453124512
224896427
804135446636728320
9971872
1038967644374949889
605974171
410598599
1009588379640528897
844169711072002048
929330286609002501
81371986
18028431
17839988
30962796
249951632
252398355
854840560749826049
45725103
161163311
17115455
717469326387838976
1041044330092195840
1081230450998288385
754781047456468992
239576480
214653213
1049475664804532225
1101738806
1157694950655561728
90219306
17395999
274567177
19146492
331816614
11582012
459483899
932012848959672321
952626408496488450
407179694
14096763
599817378
972654691434692609
131387085
1178891866969788416
18144089
66533920
2575044338
3364115985
3265675134
102417054
856471832
2782737901
1112469503609327617
24720979
266806337
126755086
18390871
188787513
1209362046
788898706586275840
24491859
107917068
28021635
31700619
921460356
2964539431
818948638890217473
58579942
1034954029896355840
2465207048
1151365625698119680
897875787126329353
841946618068926469
918650014045556736
911632352698421248
143176309
22419487
16912983
1009716150895341568
34913895
14616610
426123063
20015311
18604137
2938361783
325343412
2305428572
2740108585
895331651881926656
4068347835
241072354
917683048782503937
289485255
1088842781081128960
14825520
1123847711835471875
1020094257317597184
2352629311
833094588642578432
20722476
846843300988538880
855318254
136004952
177812997
19158135
430242088
442237496
798669619246534657
4052598077
2388038028
3066800573
940795751214575616
938408017481134083
175184697
989995243780104192
200923051
15962096
112047805
242423151
2303751216
12612432
472431999
2920874035
301863076
104299137
927620619084189698
21687766
139550237
358331931
71259130
216776631
130922325
2228878592
19606850
320370596
4108254429
1053198561138167808
940342931650695169
769944240
57441414
999274189688274947
1099435635096674307
971498870772584448
866005696428384256
1129720458
970716252179136514
1033012755324968962
819151402387861504
15976705
1019625316187295746
4914384040
1554838501
1063373396610871296
18208354
60785208
16227629
1415695681
180772280
2259809232
3222838619
88315048
381592902
1031747223569227776
16187240
793270672344559616
75927392
2835451658
391534562
59805816
733367400591167488
1347497550
9533042
90627994
309556475
905828472777572353
7228682
35474809
976796785422290944
990317363915579392
327337127
2856447842
28872567
2355254546
864354979724709893
499696436
1004070871097593861
825214104965111808
45659218
48132847
107210947
69342015
67424923
824524105831612416
932640751208591367
7177512
369308535
3227802218
407135737
19310250
3425328454
271452947
990009265
1879577221
400792849
2340667345
870324519788879872
2864381561
575655913
3659641456
133012175
47387039
19416598
322168064
374160495
10904832
635123740
740935048283758592
289548939
1699016910
44067298
814824506
295431169
3097166903
25605561
751091958345560064
18379614
52796949
152311372
1563464372
13029
14075928
3301676095
23085502
2396596650
4266340036
229596604
1474717591
765648692099461121
836548849
359188534
645503
52475609
1350030492
3229918189
22307765
7748752
885838630928994304
4255970003
69441586
2341072818
106930216
2796506899
41059238
57774560
4638845258
626660983
204196157
5633152
3127162511
61122731
502921274
268476335
185360823
15098373
20828993
4419982943
147757088
2587488139
156468452
11691422
155581583
968650362
475957325
751644712570847236
2568108282
343041182
57047586
21768766
912729106344579074
4288994138
2200385624
187578616
3093242123
17664709
1435461
387088436
14085070
2346805082
1306199515
356408677
15739391
82422512
1060578475
18005085
17060020
709610392020889600
317521541
476704262
380285402
869941130
153210866
1128274993
589144028
778952476565368832
62603893
17889970
419520517
388983706
2845913776
1062007453
41160276
65698096
519438862
100561492
19211550
894748894789115907
16923320
751226684540592128
13399802
16106584
3775360879
20378448
74760182
35773039
14287094
45516657
874310395875295232
872547520882372612
2989330959
20862927
850763376263299078
3422063771
27823036
715331576633032704
33152005
78683448
49454356
49279876
784665469403877376
808355323643731968
804788113402974208
2900146091
869450786
706623732186537984
1605
2030711
952289635
289462808
2511701310
632091340
816010710618554368
2258117268
90773725
2516107134
779763152363876352
1259751343
48117116
24127811
1852899224
2209980606
587190701
15725077
788363167
266800454
18809812
349199931
90552683
3656836876
161563071
16629477
35199446
14144856
76901771
860222796
15143478
997629601
149913262
739133515170729984
1560875191
1630603508
58569513
1968962180
193160214
72998182
2218703688
325719227
341180845
3389342548
3189320886
174770559
87180920
16589206
87830601
739610364975808513
2716396488
16230742
384238210
2538196992
2926140600
761760456
22642788
2982777589
302212804
594244296
180649341
49065637
1931893196
313038011
1543721646
38497702
16955870
1382998002
15798091
20412343
2864960801
214337395
1012719733
18276341
300878435
95929534
19608273
28628850
36667104
2318890404
453319164
961231092
59031230
150281740
4119741
15220768
12245632
260462570
2255182597
114870265
2800581040
872606893
25314580
59157393
633980404
59159771
80617430
38271276
2514675292
50446226
16244449
14471411
599454226
1877198120
156016878
287309941
583938358
234409558
236526490
116630713
4907026480
14156466
223782598
1903784376
714517290155253760
1053236226
3154508072
161078090
125375423
19218763
463765807
3075845932
381289719
176210560
65122792
4507567674
16164636
4866458285
15125585
34868965
4902931
611816381
2647320794
2570000082
4216879030
2565668196
493206826
614493827
263292498
324124500
3330431235
95073890
2592143102
70424767
861770432
1398479138
15985960
612544899
59541594
19714682
19563355
517940435
2641336376
993551119
2729087478
28422142
167562422
1000591
371379500
16242081
183749519
2853461537
257886199
14835756
381017134
27722647
1526643050
220325857
2649599131
563061700
47786101
1105029164
469960224
155670420
61634709
2610099344
2312683302
2984243591
735609553
950138424
140486684
1725972156
825669253
941585384
430250670
283149384
1111063441
370879693
16017475
14133760
539566673
41516710
87271106
1517964894
14348157
274619552
124814234
64534908
252672612
83374478
106511700
254036748
28178127
86364947
30864583
18083519
11314672
1088177185
17001646
18086993
334921581
370475144
95480831
26521816
17964843
60313540
49457533
52584039
25166438
234540332
156411211
444223133
42411092
16833653
19224439
16399949
36152240
20579845
327577091
111456333
308151547
352673744
1050111
258545235
17997789
90169053
106204123
542028613
69277202
14465607
1242788624
14989516
168295477
23067012
254742760
391312114
95053385
1868141
787922846
570226745
615443591
89465917
19267390
1141244958
14427663
9039722
69812532
165622096
51837775
129067238
16997512
331157177
269375709
29216764
257145200
50769180
158769098
162014851
56166281
19599446
15976697
3745781
42825230
305189255
21368060
94139317
16491569
18856867
14275562
18956212
16007460
14408844
107225267
17834985
165504163
596850459
16068266
47368876
173658828
134360868
15450996
4207961
39308549
332348390
22703645
16076032
20837035
546135718
4107581
18686907
21613794
27744185
270412323
47739450
10926202
96640675
67693241
53979469
30534986
16353245
8496762
71627462
53606937
14466847
65517621
28121896
165538432
801736963
17932678
20685005
35304791
71981225
5403442
16017398
295434114
265698091
292125295
57245024
209691585
215715194
237090871
243915511
15865405
19078387
12731222
15245623
230888091
147021874
143666186
42786325
195880747
243084925
12950202
129117940
1134681
61668330
16247269
118799440
41204730
178032984
8872892
291511216
302545298
22552133
26009943
6026352
195188586
30800681
305268369
42844728
16278340
305731339
294866839
250493477
24233192
29916866
2099771
219007676
259787211
287373962
67800957
41484889
241685780
174186133
165519046
69132005
319250899
321138040
33429021
293047911
119837703
271633048
331264106
333668089
284859249
233338979
19017604
68528812
339281648
324695462
57221061
247115085
161149255
29497573
36968863
213055184
37486536
16528741
21416547
335638342
221059241
371043934
218752033
54223355
377765746
14351178
387920585
386622131
388909958
263288846
382842895
18551828
227245275
393733813
165634208
21676980
402508263
268297835
18828063
366190402
30489333
111769068
19834221
370254529
5745392
23145486
326898401
19412925
23802600
114340907
271175557
64209749
414662988
430053043
19288872
431128034
433126707
49404406
141031951
437218541
439851099
441844919
459618267
378076048
97109612
143908622
457952401
120295432
27627968
462546953
29036378
468655982
226409888
16567574
299689002
15829593
87133189
185789841
475544082
118211985
390210891
24044041
32968976
34357408
103415019
485373829
485483025
127538853
379888186
349134539
58826159
493397651
407493293
433870439
504391168
349472297
224779462
87338170
340022254
23932702
18150907
500772961
508293829
446322061
56167406
513802806
514063512
15307455
451420825
519020592
128289935
36793678
354067093
15044248
17390782
22413992
217171485
44385258
143982506
364916961
26720155
534434172
535702062
536530007
537824302
61839433
533893144
48918992
547972098
49915511
505972088
458174013
24126371
74746431
88128097
67303679
514731939
301867130
23180712
534567942
41429040
20253396
17739395
484378704
552068404
552877920
532784241
71255919
555340861
554548215
69176555
33600767
558902839
532787029
568541165
347279137
21700719
574630639
579891785
66796893
14579415
564008025
582091792
585034736
173807441
314193298
125264412
596090085
64068127
48411281
305199303
545314398
26904707
610065715
18002994
11809452
362154873
515040297
554775299
101809360
104335179
213610724
249780773
73119810
610161011
618174833
47064235
251294931
590977382
609974202
632058375
612710916
416788705
621017055
126188597
632518686
460693422
184565416
281872827
715925917
14505156
21917181
30660846
611205667
21849878
21175293
29493077
742620391
20536810
764319199
746772566
569579119
38883118
781293541
137116485
40392655
610524976
566718769
58766484
51172170
810658200
155296350
14660188
184961944
99128675
14845559
597643891
269118921
168278199
16184127
200967823
849574278
849796826
854151277
226742942
856872559
635054793
250737208
221225675
15726653
824453184
314828504
871017006
35666914
166894950
770712086
17682373
14873837
213143196
63990666
184562826
255868298
19602678
14845555
17795686
35528198
59181390
8859482
1797991
83992997
365073587
20878297
27522964
390407997
402181258
12982172
196168350
361376240
282747242
13524182
17924701
415138288
23549130
723188892
15148288
72392748
792005616
9840002
19878055
35511525
