1663868130106519552
1686177165950537733
912118879392075783
1679595840065732609
1329307685037240321
3957788915
1671589202176380929
1700369930036633600
1590254363288690690
1585824927130652672
1699345079268155392
1673800420710309890
1162531268711596032
1372186389719171073
1427382894536925185
1262638140432568321
1361767691909005315
1694355660182282240
1338230112479657984
1693006993752014848
1613244867815084034
1685071740534243328
1566704349476278274
1537562414723616769
1599285189020188672
1669510874875437056
1419690317758955521
1649064532352933888
1529175847826886656
758307228898254848
1687544996533075969
1337415644988502018
1535176724891152384
892787327730425860
223595894
1684850540893622272
2968594904
1668361780085620740
1482953932817059841
1670871166637191168
1419558789574012929
1683719641238237185
1487175157009588229
971157641912229888
893159606201057280
1636626485225353219
1463792158528344065
1544433858665496576
1176358999945433088
1354542403093286914
1447935207080972298
1680389399987597312
1654310925787348992
1226251714266902529
2291678444
1518708898487754763
80233893
882718501093257217
18469669
1599510806680535042
2982376319
2472399354
1345440300702040065
837820012018663426
116274320
1400900625051815942
1476636866933886986
1408898375253168138
1657965608
1341814365889179649
1522755806768345088
968556519825559554
1329274712594276353
1610721837737967628
1423472265946177542
59660286
1653876971791679500
1418328037037428744
1663561119401918468
1560466310647058432
1368766975455924225
1640088862369230855
1851434622
2255898620
1034999917574467584
1589419042338922497
1299787733548834822
1662524968729542659
1146557305426722816
1308202938184224770
1661029274931851264
1457765044612042756
1566789929811730432
846486979
1634287604433670169
1322655958166884355
1657423853474263041
894728198382080000
1312526460
1531232994857467904
22703645
1317568613189062656
1238137021132128259
1617635074538627112
1155886120351100928
784665469403877376
1567262029173473283
1594553730350948353
982070158125682688
1649098473109700609
1597222211202547715
1587227690032975873
1585136937928638464
216707150
1343920158637756419
778030061312237568
1601756494235521027
1557019985184260097
1229835589530177536
1614444269137166336
1551611292015812613
1227906596581388288
1443373863014916097
1464697206586417157
252941954
1648108704569384965
1542088334125801473
1269740568852279297
1030069252189868038
1415717285780725766
1549483028397060096
1900293397
2984243591
1577239293524955140
1485390002179690496
582399581
877295296828522496
1578473298945626129
1058909152435683328
752554537391624192
1458233700173467652
1198425559635808256
945116775842242566
1589595906877583361
2538571442
1298299807497297922
1641556948582555649
1587183203030388740
1637507099558027267
743269869336961026
1578906582796181505
981172457330454528
1429157532912734216
1638517846178250754
1521879814558343169
1372532265239126016
2508068568
1615212746693398528
1634811931797123072
1615801781891567620
1612870911190761472
1611573124734259200
1606369780436697088
98586984
1342174584594960384
1136301955016527874
1084320483896643584
30546476
1582700705294557186
27073092
1473017966069522442
1626647559086153729
381017134
1546685023008464901
2359971372
1610428830547693573
1618946214812164097
1363569039021252608
1478115811197919238
1588494206930243585
1525911460374790145
3206256441
974234840
1427329655204466693
1240641883
1612182740115259392
1594014976703881226
993700997615833088
4628478316
1387757869932728324
1265451076993646593
1595357806135238657
1355225690027806720
1587458516624838658
1041835253155934208
1608894912615034884
1592766746926239746
1594505925439520768
1608111415482814464
1607636906199728128
4852741342
1484766558
1458791175519973382
2983500814
1592583208629149696
1595908474705219585
1535076261357232128
19878055
1480337228790382593
1498324056558477314
1135183911850582016
1590540901771890690
1113057702056525825
1485293049399975939
1393652927986913281
961532704482308096
1593231988395319297
1536737649204948993
825501626
1529947182010232832
3958327401
754014266664087562
256623921
1010711915000225795
1323099276222832640
1499759347060154370
1569350663322181635
1457558434044203013
1260443588464345096
1273029868163338243
1547650133218643969
1290635110149169152
19828155
1559967551773343745
44196397
1588399933308121088
1587297853877018624
1521870690630221824
1586507627894345728
1035898014
1298781706527350785
1239801298674806784
1587105501854285824
2369157648
1586078275662934016
1522612989177868288
1574516212129841152
1586856061805465600
1587160059150221312
1584491882536701953
1481176691141664770
1511913538717167619
1328038279791435776
843965625177399296
1381704864497950722
1559340212966330370
1198641650
1215077597798916102
469960224
1568148595861250055
1332242746216763397
1481349484915404803
1171899226982367232
48861897
1530570424978923523
1569392744241446912
860130734899703808
1246080554807840768
1455858119762927623
1553984949409030145
1344306669531123712
1574441782653468680
278565030
3295836543
1122904904975179777
1527895744497258496
1176624876054036481
1570390590876942339
1557505554490310660
1452263020722335750
1555295878339891201
711773241874849792
1561077568606027777
1149355245719490561
1324630075296403456
1562896502787256323
1428767477249368067
1555911881046560769
749607928768917505
23129429
1348821498476306433
1514493257970946048
1560723687137021955
1733467884
1556059004928917504
1557378141659795464
1445715504576925696
1502008244679725063
1521309472513306624
1266053460174213121
134321104
1397541329501147142
1326951397628260353
52475609
1498955427857448964
1548656278783901696
1553886214587047937
1425155053371932676
1302941305010614272
1551016587582246912
1456512365348855813
1439960403338014729
2584510387
1270752608005664777
992191188881960960
1497013721176150019
1475563262024601602
1525163077439586304
1538705932799987712
1323528535219134470
1179674640542769152
1183451054559490048
1534693334383579136
1452938660354031618
1518631040637718532
1501219835438460929
1337151218880311298
1475494481260691468
1337852270873088004
1536504925081026560
1480266456742998020
1327336243026223104
721788566175485953
2858619915
1532915534492147712
1384288728747679744
1527074139256803328
1010121306887589888
1482334104171515904
1224506744719728640
976853859703427078
1522271298717634560
1471582376044150784
368611237
1408228756821622785
926054168753709056
1252263933945294850
1467698301189476358
1518969373398028289
1324887946395328512
1414545751875719172
1109148130342248448
1443410536482279429
1452850272091451396
1115979749426438144
1516575921368666119
1724894796
779051415192961024
1512682935547277319
1017550686597378049
1490148779357474821
1390315988147654659
213058411
3262160865
1490782033529880578
3580686315
2340667345
1348018768442777600
1449237294435733504
1511079440918458374
472129983
51359739
1441003153164537862
1343935155354947584
151145395
398516455
1475495658
87133189
1467583885890531338
1357567501828317184
1072105901362987010
1240784920831762433
1311739895787016192
1236459590746767360
14809253
1395944023337193472
55329156
1199516637529018370
1151867562449391616
1453393556589223937
953298828253384704
778394106007388160
2921136535
1250322626
1496710436737196033
1328819915550289927
979700483853029377
1369468551032008705
4799754666
1299021519969038337
887748030304329728
1100437534365155328
1415078045787082754
1367093108350083073
1220792256212455428
1485220477316575237
1501364396903309312
1502058440377704450
180494712
15294170
3343225100
237445143
1466841469134815240
1267068901285822466
12465762
1333834656685334528
1172086334229372928
1496237302548508679
1365855323777601539
1327266713054941184
857158867
18225967
1366148208334938120
1267548993179070464
1307233149865394178
841747793530224642
958686514678026241
1466751005035405314
1495480090896986113
1461778278214160392
860648802
905283385710530561
843617734852337664
2743284672
1335254696743874561
1333766551607119873
1067687865080061952
1305745075104698368
1444759773321236481
1463215776580706305
1347431595997863937
1456355674066235396
1377422890086240259
1364312766476083203
1226167963
19254722
407179694
1467342188178817030
881920920885112832
1268749167427543040
1284659298073706496
359358437
1493305705993957377
1367611692230856705
1191411165127041024
583424647
931681289614385158
2434443876
277536867
858773150087225346
1074753618
548258435
1480966915287928845
870366356
218313785
1228800398913392643
1275075740401168387
1428660640537714693
1354821820931739661
851730303253172225
33970718
1124019363831529473
1135355768151060480
2550794780
1479078235782664192
1319307316311674880
2928937830
403816255
358312440
1371121782237786115
1417555053963972611
1479788705552355328
43808296
3043320507
1347605559655104512
1355778160873283584
1095759558931173376
1052245179778957313
1488561252519620608
15561777
1471792321620590593
1384435964735545344
1392192492
737089712184135683
2803778552
282116067
1366666219768721410
1400376336988921856
1347348781940039680
1258898250360381446
2249092303
1303153909695799296
1354845950423011328
1070630622106935297
920637635202289664
1017843387335151625
14056187
2996959115
1414987805260922882
151936663
18667966
1273639475340554240
1177598072991506432
1375489305078980611
1076985997454442503
912766350589878273
987349034850451457
1334943834690756608
57441414
1444684377431150597
855947347947335680
1199105339951648776
1481773144427966465
1448475823481278466
1480926325091323913
1311068274818310145
3295694106
737776450925932544
818490483257315328
1181174960661893120
867528344
834402949853962240
1477114926195957765
1144406927981645824
1476449188770729984
1217797337675960320
599817378
1460283925
808355323643731968
1244674431747870721
1389035217562779650
1468662864353415170
1317793444086059008
1467563230084087810
12731222
2178012643
1432662985202352128
1367477750785855489
1350327387221725185
1006928094769315841
1429611050366869506
1307585274956845056
1344843148644782080
145559430
1016908862136332288
1036567441202180101
1362742258160840704
1092825326676258818
1364556856262279169
1451131758154498053
911355842292781061
1283758768422113283
1182509542380363776
163626482
1109891841552347136
14674729
1401607824950665220
1364159160267530241
1098395224294907904
965431702838566912
1343438130276286466
137878848
1449010241597804560
1310548347070152704
74760182
630741504
1078548240239230976
1114822908080283648
1382376686960963584
436463305
1436164547329540096
159325048
1411241357629222919
1423858454725230598
1055481548689039360
1356751819599413249
2818659595
27662600
3015067823
797577148592779266
1227456923827625984
1425813468456751115
1267910873202528260
2249066712
1400042479358025728
1296278085570985984
1383807777760440333
1434020927184859138
1328809595645677570
1427842114910629888
1434720042193760256
1424751159550558208
1423621883333947393
1328062345256562690
1333825323616645124
1427705206255534085
1415317224529793028
1319119644637220867
1318848777151795200
848759197449601024
1427406288984571904
1398983356512100359
1095735806197710851
1015343493621977090
1371837451984064514
1212745543761293314
1140227234864742400
1321203011142610945
750715012411383808
2918039334
451292765
1415481206192361479
1414620680910430208
1075211100398903296
1257772300654477312
27696764
1366130381045530626
1230912946429202432
1239302704230531072
1306741300138475520
1253136204658348032
870284449274937345
15289075
1335237183234519040
23123041
1394163356278280192
2845913776
11582012
1336418927891591179
2657347285
1109530912511983616
1113541
1365766610883997698
2236648082
1224715565757030400
742530593808748544
776384191739072512
3239955086
967233900354433026
1223331140032978945
1384975323255746565
140593263
1373521707202310148
1166366182569598976
3404705159
895095916301918208
59850640
1372676160610525185
1251900966770794498
1049546187790016512
16556523
346063582
1342575650104868866
1367584818586939394
752747080066723840
35199446
1239639651859783683
1365863538393309184
733450396807667713
803224919316332546
939647234991325184
118567880
1264199016088317953
1123847711835471875
775343566843502592
1292734098524471296
2188509068
1266821924824535045
1321565760527998978
1324606168518463500
827637705827876864
1148354122040696832
1179396972324802561
1142277215901687808
1018897017500852225
1317005202264936448
1163638223714881536
1334918947918012418
1340469676225286144
1071213733911977984
897120770358480897
110835004
1253903849565323269
240049622
303940211
1151153724145983489
16906660
1110549860992929794
4012983256
1268032640042414080
1262702074120351744
1102987848741998592
1269450810330615810
853443305593614337
945048278395219968
785941045653700608
924478805015531520
715979593090359296
97942529
1145702015374438401
1161261376846946305
2383510675
19199104
1004070871097593861
3095130883
744735837946941440
13418552
2853284104
1032088584327581696
760199707050201088
952626408496488450
1094778331541659648
1177213504627105794
1248329741549146121
3066800573
1195491014359699456
998873369666904064
174408001
3158234814
1025410166483832833
2511701310
1033347878
908489832657309697
560899096
846921210122395648
1048743055292080128
32503010
1201985743729524736
1207457008175198208
1273013420976214018
1259751343
1249448747043393536
1255907018491269120
1282740676808060928
1278909209560530944
1115791460392157184
159370413
1274329921834360834
609051282
2204609910
1267257106652172289
872075655663562752
1155472988290080770
1168564339378401281
836779281049014272
1253724166978764805
991741610718257152
1265057935111131136
2562832774
5637562
850763376263299078
1239384006036242438
268629423
2794848564
529916796
1231278307263602689
1242128484610301954
887434912529338375
1119280141245411328
1233057204833521664
226428094
459692778
1099343905634553856
912729106344579074
1218687933391298560
3902353996
4125940032
796194279731253249
1380012342
1012091515328499712
1062711795754901504
1104072204453523456
178492030
1112469503609327617
14427663
1048012125141196806
822169914488344577
499230066
2568108282
8720422
3289153303
1089644895076261889
1040428780529975296
3844324400
315991624
841753319139905536
10904832
719745008304263168
420308365
1109778039100108806
1091684558372827137
949644765485846528
2252943488
262555151
1133869304854863878
965693789192032265
1057147008102817793
784959701163188225
933307943533072385
811119008
954759075648212995
818905354205622276
4708583595
220913717
1051852534518824960
820282353436200960
22309973
345758163
1089352864017858561
851894337826955265
994424932913344512
956295153169334276
898312386632974341
1606131738
1128924627294490624
1018931868564180993
971360218377478147
296052773
358545917
90657826
19782427
895331651881926656
198179597
1107793674065317888
885648616357896192
3031309998
44067298
1023258911049220097
758776379215347712
1071351177357463552
1002559081931042816
1091184845588492291
2395318063
36442519
19370504
34821791
284396781
902768303051038720
3372383674
969632226013954048
374594501
2631709828
1630603508
712999409764663296
997366953571422208
117338050
889394994607529984
23669044
702732296391102464
23930286
1009588379640528897
247115085
176665423
1006521602769481728
2279553571
896384784
586559221
3386544106
866005696428384256
918940556264398853
183739654
156371839
1324527932
3337042541
40426297
1633247808
751959943583072256
978997860
153811467
617551313
1151458201
3610845615
452507479
236041388
811662404769685504
14311088
347562985
1046409849234292737
1022614257416978432
28369153
1027999798425726983
4802932387
4685133432
889638407227441152
2893223998
739013222569807872
16969261
1038930491393695744
372589495
998218376848658432
5943622
265481588
112746380
1038624052007628801
844434316943904768
21480702
3391319116
894932043397828608
2804175577
844304603336232960
808179640602939392
1877198120
964593346655141888
1019635357158182917
153868551
2305805642
104464691
954283519580221440
2220868657
797228771619336192
281696363
901604638239080448
64762438
14156466
802329275080708096
89319367
9729972
21015156
560294989
806959325365370885
897625658293092352
559284142
259071132
736582619886800896
984111665770848256
864354979724709893
1003645782803861504
1017368635717890050
1017807333286506496
1563464372
3855272473
970389424457515009
867279659125194752
773739302832439296
2585473874
373144861
14925995
425198239
701612912
1002935923242426369
1560875191
906649923785027584
849982797154590720
829736250873610240
999274189688274947
792393470782636032
635989064
1301423652
1411010527
730646181903093761
991567650923794432
2409551606
23092792
824524105831612416
1129720458
820493654557081601
7748752
986627761241341952
2351053826
27522964
947534018752516104
2433432126
2716396488
236399440
209693451
909271421779681280
25073877
906990311179735046
2170401938
936527682547826688
77553984
3952661537
4829065180
3252148241
831725968049963009
1862831041
778952476565368832
2943060805
2265046032
775696688489099264
3018742509
3168021200
2280030499
472935481
873427520074461186
18525771
778241057964199936
2864960801
2598183050
605974171
2740108585
1083796542
1852899224
2826625936
