1657810981941125121
1697574544444211200
1705303277879910401
4042734735
1606573605504131072
1680957431734579200
1699172165508354048
812632473171623937
1661209438475173888
1685994172489121792
1643740120598691846
1370000143160733696
1680143123530371072
1689039136143855616
1619544279411482630
1455249040493449224
1595922721904463873
1680056785518960640
1601756494235521027
2465339528
3103759274
1675356428242939904
1153679891902140421
1657890405286043649
1255556294884327426
1436099960
1466784840641097737
1668997822002130948
1507971293051863042
1589362717055410176
1398157836488777732
1665843749002309632
723230655291625472
1519043404306554883
1468069265551290368
1474553187361304577
1663925510290776064
1649881369172910080
1117512778074480640
1609353101319802880
1633615374032990209
1437835591299698690
1663383461011378177
1631557134683893760
1920274747
1245544145428664321
955603469544640513
1598032885642051584
1634719225137733633
1662444539049590784
1421491508314710021
1638550241585537027
1527657610597519360
1603884282493210628
1445769687028011014
1661940319707865089
1568505724895985667
1649410811780005893
1207686658587537408
1653740277520056322
1654977179241832449
1589659563791450113
834591883141713920
1605405291142586368
1649599180585963520
1585973514284285955
1263250926376112128
1627390112387461120
1502817518699925506
1638272909960531975
1550924796892004352
1645348663567462401
1136322174
1641469258898235393
1636851199738609664
483370413
1641173320291827712
1252658558774251521
1417321053735596035
1016076852
1473215797443141636
1483532761407397894
1603635978874265602
1610036490150576134
1567725262757822465
1585706808718815232
1589798367915347968
1514078816469422082
1631387412944265224
1546563719039053824
1628969139082768384
1530749455485509632
868152995640463361
1603596879710806017
1625681413289783296
1608229325853298688
479734375
1597333696935231490
1434507512833847301
1723856072
1518803864216080387
1621448529817239553
1594208531510874112
1619157864391532544
1569432862054846464
1618383311650299904
1457186642041585679
1618710101895913489
1590080344065294340
1550096241685561345
1423163215
1613637884875087876
873335097222721536
1256038952470892546
1587183241303396352
1514401255384354820
1485991997496250379
1367110355294511106
1603801883499544582
1607127627629842433
1468296007909879812
1603157759691743238
1222816688699129856
1575937359824158721
1597671692666642432
1586018271718940672
1599905981533769728
1349105819728674816
1605022522021253120
1372016139044229120
918284996552429569
1506116753893568512
1497389968917946373
1127345605825708032
1556683890642886658
1602686973197418496
1297754723014119424
1593294151768018948
1527459341179277326
1376175572
1590406607040663553
1386784637788123138
1375277985553600516
1601325690451795968
1591481365081505792
1480970337781178368
1601035034898702336
1409961990731321347
1516518935172067328
1295397985568747523
1600565468246458379
1601062664775819265
17110880
1359749749755113473
1593215976270712838
1558658208356499458
1600670018429079552
1599861279921176577
1600478395854266368
1599218770698010625
1599822995278774277
1599578791809937408
1591282230386724864
1594031620876640257
1598331379040673794
1595503721001193476
1596857535142715393
1320101351817445377
1412278357006315521
437980563
1518611268285906944
1260687631920308224
1423338554420338688
250642209
1545998948040486915
1589625743071404033
1595357806135238657
1593630962042245122
1595111177306091521
1534335777018195969
1260538617866436610
1327610313445871619
1546139769167544320
1587249923531022336
814265586469470209
1575180862735392769
1594217662883979265
1594152764992634883
1593743529393750016
1586078874332528640
1538665216212447242
1589492157815001088
1390448293650501633
1589774819297562624
1592220102920912897
1589367437497171969
1590327110404829184
1589393291627446272
1589416082758148096
1590920329228341249
1590907935420563457
1506327818032095246
1589632019021037570
1589823814325522433
1589407415807758336
1589402615779147776
1587881734733025283
79805695
1586594173670547457
1569864806697410568
1377635992732045317
1585668878780301312
1586363659110043648
1586106003392630784
1407510826928553985
1584888401408434177
1583279952870477825
1559765174663655424
1216240398575665152
1384389919888510977
1527055882135162881
1370442363416555521
1304171465403781122
1579580612092071938
1546659588023394304
1549083043952033792
1578345572129558528
905802849942196228
1577415129909575680
1200910636655493129
15397218
1573412921463521302
920035475037048838
1197018935599742980
3024436618
912352399251009537
1539023309098172416
1567379892328886272
1562240993524854790
1504895372572995587
1553612922634616833
1571307468952567808
1568015764879196161
809163506583011330
1567726194338004995
1483647523315019776
1366772123641987076
546317321
1561849145576636416
4809543600
1444561636837056518
1524986014682566657
533221396
1347264443227516928
1085536150616461312
1304164799278845952
1497588057637330949
1549036438762700800
1467647912779911170
1560719506758148096
1559567405256511488
4765285755
1548729741456326660
1520425777006788609
1544456811197128706
167920318
979857262037602304
1556840162251997185
1544618518850707456
1024457839744622594
1415698876300943362
1555990701459968000
1274714391620042753
964022932707057664
1543246348480385024
2309899165
1553051479560359941
1345547296960892928
727260614104489988
35871497
1550806439651954688
1368251411172036620
1550308785880584192
1547911477670993921
1549228067930853377
1548201743598596098
2185879788
1368467528528191488
1531437223136088066
1546990419233411077
3055033343
1488369752447856647
1538604383746854913
1519824780530233344
1541903307295207424
1392955739036078081
1542594568218202113
1323966043321151490
1422354357069127706
1541612154318716928
1473857754934689804
1324474395860078594
1466773883797876737
1540409516017188864
1519253805350764544
1521934737475969025
1518755788558327808
1487453756874702848
1535141185307955200
1453185806332579840
1518976946096459786
1464405252849946628
1482440445238128642
1491226581553057794
1417487603071340552
1255528678949298177
1539350988099837954
1465012177300037633
1428730331331432450
1081698811209109506
826260983005999104
14242542
1048012125141196806
1357047592136376320
1122336303813668867
1470105956134567946
151690788
141472887
1479596698934468609
3249210396
227519438
741331113524793349
210186749
1364664336623558658
1298514643653136384
1181883489723060225
1118515896056713216
1481347846435704833
1149173790
1352298509039353863
1217335318979825664
1471241826421993476
1481327082261164033
1413138924747190275
2800866414
490910557
1572052939
1479823740955504650
1382469565993603082
1138836941468831744
1534501543134650368
1442955304233226240
1531873284374949888
1531638941216292864
1170193051198705666
1118290517748527104
1526027926248075271
1217074957580218370
2993050377
1481323934721220610
1442621809447391242
1518748983505694720
4753560374
1365086833969889283
1484586032888750080
1531678926824685568
506624279
977241427343216645
1538507737105055745
1373089888678113283
1474045577579175937
1524458203861372928
1473630004340670466
203592188
1447026385948590083
1450843300630511621
1308757290577616896
1887993445
1403759225420058628
170831342
1399749430916485121
1369468551032008705
3776286137
1285569175956545536
1509581842503987201
1418381206685638660
1334949921175158785
1369381753090174977
1365811217307234304
772148599480160256
1178831253161697280
1396971021605998596
788879917635112961
1435340411078430720
1716783300
801640064316911616
1491623493238095872
1379171197632585736
220123336
1107694566415712258
1490782033529880578
1519041932990758912
1327617760138956801
896522270977347586
821448161403146241
1047649496711254017
1536506471172689923
1366590219152093187
1415488219903401991
782367417938747392
1445367547654770690
1511116639072251905
1498030106006245384
1494821948639096832
917530936820011008
1375915101073649666
1523626148806152192
1024074640321380354
1366393090769059849
1366578477542039553
1366572741613277189
3855562332
1366125963206090753
965402240855896064
1246602805407707136
1362878063277715459
1312430099636121600
1292555805833728006
1356702545574432771
1355787748905541632
1353716602311598081
1293536110765694976
3108441262
1362876463674888194
1277696976180711425
499230066
862943093116383232
1303774644424577025
1315464087254441984
624161594
1235707699054153728
1289894097155751937
1349197851260145664
1352676518711844864
1031930597030146048
1217986324130684928
1349420057403777025
2738798022
1213565296893542400
193926702
1192667867117846528
1316532486776778754
1097272467578650625
1361947514216316928
1204721447148621825
1352603708186624003
1299923621209538562
1330305687713423361
1285504186914942988
1361685280412086273
1225864323664207872
1105300997675540480
1267929702355709952
1048191646486220800
763750096412389378
1361428989605261312
1104787528387883012
1360388418577068032
2969570126
515031877
1176202700460945408
1354829421585297410
1354465577436405764
6331792
975520511320117248
1294142785470291968
749138063650004992
1323188317278638080
1359600474622681090
1318847450157846528
1327838074567536641
1150110984566202370
1596061417
1358581353181110278
1170963623277137920
1634143141
920028217
1340469676225286144
1357717304931479552
2400519332
1059095809013284864
41369976
817438123567235073
1246954935612211201
1356457065770864640
33158094
18983688
1334974823085305860
28415771
213308343
719926456839729157
1323714111839080448
775809040089702400
47259909
1219256563938054144
1334641110954729472
1383049309
1354611524346769408
1271282039732539398
1311145810667745281
1120794782761144341
1287411799214764038
905864593846792192
909516494924476417
727578469991845889
1158464577832738816
755244151889862656
22860247
741184036685684736
1351206576745545740
1347653240838643716
1028342464678125569
462903964
1238203546861887488
1348487988121006080
1106299044425535500
1325520067187052548
1197446701302394880
1317327840669388800
1370851296
1349529900018003970
1226890584083894274
1275226309417930752
1084063050297044992
2651511410
3377949553
2365009140
885639779303522305
4890583469
1349813828859514880
1332867753166909440
1349471788045135873
1323840130206044162
1209985506223804418
2813851093
818542486993784832
1349388708366184448
916225576632856577
1267207249165983744
1150919549337985030
1126579379960721410
1328797819059093504
372588777
1549943281
1006387481992945670
261929707
1008418264098267136
3248984347
1341732109552107520
134993271
3453947476
1214643611209523206
2903164337
1174377253037195264
11961052
2869414864
1105821197282041856
1005652391100846080
1167188308759404545
1346903408968548352
1133434481996574722
934883522388434945
1584776838
1339365098851340292
201226710
1060398764756656129
1347042374241939457
1182421515951849473
1346816192762306562
1299171215513452544
1164185015753818112
1345824412608638977
1159996771784962049
1345688381972475904
1265305765885206529
1341161992044875777
1336462694912839684
255719625
954021544308690947
1344370386742468614
701056765689991168
169179314
1350565598
1053148805837709312
979941
702262427711188993
1029895881087229955
28611453
1165778276310278144
41167751
1118972559083524096
1205244031535656960
909518383359467520
1286352761173442561
1316845612038381568
1288554186578235392
4291872855
1268956166534524929
1260568662722871296
1205041365203083264
933789350537646080
1341532872369459201
1329515574649442304
1202286463427047424
2250998166
1337999055914491905
1338135912
1275595715746635777
830184490693754881
1139322456978726912
1003645782803861504
1255645556971536393
1293168992375525376
2361588836
1241353606663680001
753246948094713856
1324622795020488705
815728164722774016
2721166574
1301856526504734720
2216783804
908472159571517440
2856147505
1338874863075774464
3167830739
56857128
2665442299
1273029868163338243
371512455
1229936048052080641
963831856344059904
847795924168474625
1175265794877530113
3554839752
1337949413633896449
1325492172809003008
956373380055355393
1210051338291286016
1317074251988537344
57554411
1324472367905566721
1237339671212036097
971157641912229888
1333533589250732033
1185141295876071425
1299787733548834822
1067381207057477632
2788055819
1313287293113831424
1169552210054791169
338639102
3302998845
1253972978615767040
1046482356
936087910436110336
1332248228964814849
1120799561260437504
1103837528950370304
1332770202262646786
239010465
1255155517435019264
1024620683798736896
1143055777197907970
1332548768105979904
207186490
41419513
1249746595891089408
1024995850928435200
1177626435365801985
1254474639310417920
1148384329657200640
1319648272898756609
1615462267
1306402230950559745
1324368990123143170
353887552
1221859631909294080
887264594
16487442
3149302120
3976192040
67226114
1305919204009283585
1207398138279006208
1096283169899380738
4498776677
1266617034823131136
1119126038133362692
15695772
33189549
2291678444
759131188166594560
1197200662716702722
1472863862
1094794767207223296
1331623243300605954
1187537483959021570
835470806125854720
1299115412177723392
782179291689779201
1327205856056897536
1310689488423747585
1322298449975484422
831892841437724672
1285165119706734592
265540976
1174180198721495040
1257588955278524416
1171963197601046529
1327274595490082818
1043347661049483264
896390903081836545
3316269755
1319055641684697089
1325285375137505280
1278846056533557248
881542967659569153
514802621
764794693909610497
1320803052140584961
1065040113372139521
367916128
1253010177776922625
987853981371191296
1129513220111249409
1326233111533817858
1200528477042204677
1265310585836777479
808818146790481920
1323895427079569410
1324630075296403456
1157711479837249541
3078937221
1149587380057399296
1282210568552816641
1300626309219975168
1323820704438067201
1102081583664848896
576935034
939715991130591238
1223127944215875591
1323729421694431232
1266549940710408194
776948997424422912
1021527256949239808
1349927587
1236132445168250885
803646877287600132
1309926670221086720
1319564047835140103
1322760475956846597
1120838747807940608
1522508088
1159149497924182017
755590267
1220594448020713473
1281016110326800384
548136534
1017876092261158914
1283206214684467200
1321117592006918144
590754751
1089761096146305024
1233098835074801664
928470267462144001
1142952915713306624
885046656986697728
1265057935111131136
1026182030806134784
210574618
1177311144425512961
759933090521231360
1254431574088712194
11342742
1256947546817060864
1294142345676496896
118121017
841861291
20346457
1551745105
2960737793
1233271171686289408
953636646670557185
555501319
1260440695015460866
737834741823635457
1314320302785126403
529286310
54396231
885010722752737281
894199424
1312566117014085633
395689514
1080201227827380225
1106560737290399746
224311930
1311387280872034304
1286012859302830080
1309101320650059776
1294439492653383680
1353541680
1308025670270947329
876327874726289408
1010972539676495872
948850497930317824
1302590023057977347
1303739274592911363
1431293017
1298935872012742656
1302772930464681985
1303206527113637888
1258653131879198721
2920221496
2628823330
1132310865087205376
1208806482604679171
1275965158976884736
139493273
1302203461900083201
511558463
1304098697710624772
1304073524139585541
1264960219399852034
1187531159774752768
1300919583113703429
14944911
204823164
1303494058195562497
1301331092377464832
1178295895047180288
2535796070
1156004319310884864
3295216588
1021161984954429441
4332022876
1255975048516599816
1109160009076801536
1274703956229476352
835300519384055808
1112736402293313537
1160970165267206144
1186713639551680513
1287207858308775936
95980723
827382188
369308535
1080498109011107843
1056734322907058176
1266082304
1271139471178657793
1249961120489558022
1180139557624221698
1141695546505256962
1272732384690143233
2541187717
259212548
3413801350
40625585
1297742522265948163
991814776366907392
1282131253643354118
732795673
1135242843218276352
1147842361944358912
1221989601239339010
958778807766237184
212767347
917818375203639296
1174873012073652226
325307035
373144861
1270383131825242120
1098011114087084032
1296263380924346371
1295929622870228993
2565178408
1295793158496780290
1232780877677178885
2824047461
832703849420840961
1072048940541988864
309348679
855797825615130626
1250758525262979073
1268208330029371392
906683358037643264
946863104557584385
1110362484408344576
1286010799018803202
1294429705815429120
1248441390369058818
1280287514356600832
1078122302351572994
1285965459142184960
1293039197226442758
750970329028255744
1289674123489292290
743239121905160192
358320224
915257170932969474
390274703
1096272414483329024
759121142615453696
1253437526767013888
21377943
722986306398081024
309329715
998382176386330626
718303168875139072
954047833
488684401
897829749195653120
1213638852482494464
1092515666689703937
818586001496940544
20319707
820836593338486784
1289839210317438977
32654169
162734554
270043608
127538853
3202393923
933630646655664130
1266614239671681024
4716566120
1240522541472636928
1254630741788459010
1270523027579682816
1001323830613368832
1227979113215868930
1274382524970602496
161532509
1541448860
910872527932657665
1266159767254376448
1242504893816016898
1005957909950423040
905551149171740672
1589774467
795662610708369408
1276869632876576768
1210264145410564101
624890761
1223409621987135490
1183449915013451777
1632335780
1269251062084636673
1031948026384986115
1171488529471295490
1643492360
869276251147689987
1207056510993473537
1281807430398222336
31136655
1215092571615170560
754375063873449985
1270834128003518468
1148068277572141057
2977573055
1018366821945131008
1231739483411943426
1285393463446577157
1266466376966963203
270383787
1270048392060821505
1279316612995330048
2957530905
2419511190
100559352
1242036691373666305
4190805334
1102958829564841986
1008518464997347328
742846147753041920
1021276534043291650
949606444613042177
611710067
1388469690
1254898685147824129
1163804149122777093
3038933113
1248904352766365696
1179678837686329344
1264990195616813059
1046736398693388288
989902953493516288
146442312
2364071096
18488559
940492507783217152
817156479044161536
399703754
1274014462257721345
945113281
1143143650261704704
1270241856518008832
1267920162679918592
1282666059338850305
954088416433655808
4165476197
748609808
601852471
746719505129287682
1169430106936360963
872544447195729921
428408091
150355071
894602562434977792
1275121738863587329
1059172521919033345
3253808036
792094808324136964
314238521
1139985311705051137
1497050395
544649099
1241216196617232384
1188927517844860928
1204561063053811712
1009907428018851840
938786761018187777
1214649921787219968
1089547488837713920
1070176264135135232
16106484
1172873973245403137
709922040044720128
909997424197894144
1027758624515543040
720569253800247296
414486149
1219278000807727105
2389503462
309889654
1118984915058454528
2741779513
1216798087513104384
917950002026221570
916122860
1277224801837428744
1214307980868345856
1236998608177725440
715633447876710401
1282554956348882945
982455552587411456
778833260717551616
882918108046000129
1196215190297227264
1099827291646029824
2536600886
346353732
615877221
759846100794740737
1471069004
64918979
956439324014374912
1134183831618150400
1281768067966664704
1248557023316316161
850202220721192960
279616785
1266439152494686208
837935929629159424
825134291843764224
488114705
1274948376673554434
1280601886731755529
2211255524
4170117293
1200216766531719168
679873
366449865
39930521
1256452834553245696
728801623489662977
2900971550
1279833353726779393
299396164
1121181501666627589
1060264093255417856
2997541582
1200105763248771072
1138993391939670016
100390670
1162561714992406533
75596145
746088347953569792
3243933952
990770376350289920
882081895260934144
3847092695
885648616357896192
1183962416121634817
59579197
912809346
852170426415448065
487040365
1007698582223425536
1263395815
551170628
1240070196884275201
1118717322095677440
838778847155859456
616710395
3306351386
1933031
1278529605196865537
1040299430153338880
981347966211448832
1227737301612138496
1270341941650227200
1275139441707933697
1133190939449520128
1486541526
591432375
1267980754664992769
1183468660767236097
1101693420
1061622009803751424
1271937244803272704
1256427039751647232
1249525878037434368
2764717150
5800652
374773045
1250302003365830657
193076742
445798322
716066804439724034
1275483697353981952
1273896080019767297
2790916968
2596720625
1239742919583686660
1188734349732122624
1213151836955242496
339348186
1058472210002796545
1201692669891747840
826492746126987264
1274197696903962625
1165871148090839040
1273275461133615106
1270922289824043013
1273130933923860481
713620243
1221256496253677568
1269283616497991680
723730438011887616
1270389025749323778
846670897650024448
1267910873202528260
587292181
1269070330213142529
1151167290047705088
868011397673869314
1269442855505989632
1267576054597799937
486254563
1202384981634535425
1255558141812649984
1269409649683464192
578572619
1265856281069473799
1254218011646533632
1181753253656240128
1269062552094302208
1686684108
618406534
1194429848288157696
2192976262
1222756842918547456
2922181055
1268247146404478982
1267952677046169600
262164635
386067248
1261519782664450054
1185769379247644672
1133067169120575488
117498726
1195769886
925080878895812608
116634902
1161973871634984961
871099217628078080
2688160531
1167936728092553216
1108127568866234370
740056491667787779
731849742259380224
3114608681
526000287
1264863487555104770
1264828287655780352
3095565947
473476961
1263792401279320065
892322393720487936
802743542150000640
967870039490777089
1261433082638450689
1099066304143724546
1149842965084430336
700858866427244545
786337583307427840
1032278334720245763
805842653782962176
1257298297284202496
732697138124206084
489634251
742947121008119808
1047341077953314817
901646276
1253641474786373633
814830615199645696
984047261557587968
1259435143355342850
1102674836931792896
1261156936143171584
3033128427
1071457754747817984
4542470176
3306275846
721243852
1253135733893656576
916382586213228544
1065065183603609600
3228082189
2354100608
3369664377
853861390221692928
3310179462
1230264735880237057
764928305858568192
781135267893682176
814629548553666560
2363136258
1238243512791044098
194336308
968469914762833921
1249927385581072384
849229357386047489
851960817696354304
720805809622351872
2461876908
916028340
1257750583940804608
1107460458179633154
353301742
273999557
1143289979348672512
941631868427890688
1235700070651064320
1253364549048295424
2372115786
3350463526
817707182179418113
1040397380041035777
729246096808157184
884774381490012160
898149733822324736
868670858767859712
2761437267
750578281381003265
1056712948742320128
701654085066428416
1064631332771414018
1364017788
4641772220
2683092252
890396277246238720
1044177739723485184
881683337592676353
3093390662
954942642239885313
965934134840516608
711756879492288512
880169176945410049
1136150643070996480
1244884580487827457
965651582724591616
1217490613668663298
963254235029786624
109346345
321325044
1114710618768982016
3307150086
476318345
332942727
37279695
1247979037798158347
1072330419956178944
2986374547
1216561117960511491
1036769843469463552
16197780
1204878562336989185
713640980407136257
1097772101128343553
721502167811489792
971491469134651392
617504807
1246249782596812800
737311100501295104
1023329980154036224
1180730305071779840
1110740764412313602
2614216285
1238987933744586753
1243178371401404416
3009683862
2305531388
827019559588728833
790063233864302592
3020587835
348487429
1855751912
906309636256493568
1240075196184264704
940815767356002304
1215477366388117505
1215518935128215553
2327682313
1171415755184730113
1245532697423822848
1145839669776723973
800178770288095233
971570178638180352
1244887095631626241
1244884401265180677
1229858737738932224
78940679
1076302845866053632
1244411170750115841
846044179268583424
3056672020
3905593046
2257388964
1208727644373704711
1242555230702710784
712349056010293248
1182732602483986432
3480737596
1184252008527618049
2912932522
1173382687698145280
920274227118436352
971113309280915460
176927128
247438318
1240844691538673665
947890028
6501482
889927242335350784
1597105992
1545764840
19744043
1222012952800153600
1056307733710991360
2476202360
1005116421171503105
742908568878256128
842156657924816896
825944283370909696
1137866850
1130490800368947201
2573263377
1208890974811721728
954394541909598208
881700795992887296
1211081096760217600
1167036287435575297
964369446738452480
719942391134818305
956497303
1236361008467202048
1236862911340896256
1236797785418223617
2907980175
776069621732478976
1230013863086743554
1109864856683831296
599046729
1467241825
1233887691730833414
964544023
38694245
732249195667558401
3393628595
824352723499962382
878330492
860993532038979584
2349498932
1119402342795939840
1029797564143554560
469647447
1229131671703707648
1885379809
833510577288970241
1186671782469820417
1159963591409360900
39774631
1232355256094339073
1122904904975179777
5779322
873724981020160004
1229114839110488064
2409756710
1196286674071740416
3047029499
1142880279473917960
29954069
971854805340737536
927797371148288001
1213898751653249024
2300548653
1132720875738980353
1227423025173319680
1224096120219095041
1225945561813176320
273764553
851141511765000192
1102568700962578432
222582311
1219488552901210113
261099722
1226266879305666561
948001999999700992
2943060805
818501786709397506
831326545641873408
18408561
3090520865
413312369
1228089066878578690
979700483853029377
709686812
1185410173566930945
1216444936335196160
759889234295525376
838362472851505152
741412580
900620413847384064
1226955515948863488
733730384
1195768823670030339
988439731661950976
1107210165680394240
424586062
1112689325987282946
1123691267060322309
1216326132724895744
363171194
1226273687600586752
627726748
1212757194984181760
2893679667
1105616942919020544
568611624
770683980811214848
91510671
1879607268
1225547902748987392
296364801
1221203689622380545
1159905984837488640
950566876882628609
1173386143582212096
1080554474471591936
1211459958484504577
1232303700
1105212187256086528
284907075
1170419298835337221
1189990938237648897
1062841288641392641
17597344
964851446
3223767018
791356199723606016
1174873457286406145
1160677081304457222
940246799058722816
3299450459
1180277970063286273
1214747783334416384
1223085492989595648
1219118496006590464
1037087125966151682
2203324676
1370692561
1174053675603570688
778008715421216768
621390176
1027038421532008448
909701726206398464
840535110906720257
1125628178184192001
1068210480752328705
1219819336266928129
1132949048
1189393919324368896
2994418495
436712637
258008766
1189367676075945985
890376258789548033
1141497052263833601
843063522242183169
831493512302575617
110075467
1216362478701027329
253239615
452894204
1168657647773421569
824556959961587712
3011619327
2228984120
1081954297649209344
1065390408967102464
1046184277354975233
1149143217453117440
940934809538396160
894587941456162816
475112821
1150231596764712960
1012800001
929825836928241664
709254697761284096
362619238
1212331940088410112
1218336944335347712
1135304682962923525
883105305722212352
964720125080408064
2290213830
1218734874540105729
438070967
1214931715023626240
1216955392896524288
971558866403012608
1085092545657417729
255304674
721905460215988227
1178553106621067264
1131694220304146437
926138606
993540105502691331
22972361
1050584866096472064
1526984635
826545232774848512
1216569268453756928
939647234991325184
1062685428078252033
4052695156
4311476417
1143619113442410496
1152715413463162880
1216047002259161094
1214702222585393154
1217165746188451840
1071693238682161152
1209593381040664578
379997499
1214787980340146176
1042231173492031489
1148620906492768256
22583033
1032001285980147712
890657236237864960
534131546
1202455716050505729
363225825
1196405580124098564
4445978333
1017287701010132993
119467658
68962821
1214669160074088448
312217523
1140715504627343360
1214330467757043712
80437232
1169013681126105088
951878647920713728
2858049170
1213475140853354496
1212863049880633344
3310111235
1212841779046670337
1212782106381651970
1212601871426150400
995331633946513408
828423898693779458
13404942
1212461110709743616
309469779
1159816290099499008
3306677899
595407582
715007899664146432
1003281271991226370
152461353
895105933419917313
365244600
2720269980
701936501018521601
948450562147790848
1121642937425620998
1033998735410388992
260087947
140920803
5567932
1204224296161181696
1047690136211935232
882248269245681664
2834368840
4604493923
3095651362
1176743606666715136
1077791286923587585
3885858613
1207009841228550144
1197272199142375425
1208850470757945344
1203129508821258240
1209219346289090560
55716306
1141709014310510593
1208582306509836289
1063234347568898048
1203487637366923264
1208307350874009600
965693789192032265
1116973141547315200
2853629862
1154591620416671744
883513120920137728
554827061
1014051350097813504
4700198066
24841180
714677715740323841
1015343493621977090
722436815664197632
1089568487335292930
1076816502089760768
1186637919269900288
605964263
1205996089599377408
1205634414186598400
143696134
593944055
844072058044604416
1085051562286829568
1199819892746264582
1204834404981334016
1203448778948317184
264377686
824354561095847938
730924089116753920
1167339595052093440
41653312
1193441988890234881
281851419
1196653610605645824
1095540151554473985
2165242874
3123663233
2905921959
888488830487191552
1190428245163794432
1190274171051356160
1191755632745029634
1047980415254970368
872648575645339648
4532953272
174080876
966536653870309376
63167397
1150813331835543554
312300729
1188893517097164800
1162634430596431873
1141718729497161734
774614125095817217
1198453362682822657
939329727390613505
138346686
1191086322771005442
1089947233645142018
1127592269761191936
24408793
1177969332913131521
777764734468812801
1200938101129895936
757376388571631617
715645157689978883
1200507064839217153
2487508576
1195081760293478405
3092120316
32240593
1199516637529018370
2425136964
1138265991132209154
270215061
1196848153514958850
1196873493629026305
1137740784969637889
2848993612
1014652279528435713
1194134442102710273
1188312735039328256
859602798186553345
3404705159
742149111365804032
1094485405691305985
1932699566
958575109199089664
25218102
2198422965
1180425907736940545
1087033434747404291
1189616580013051905
926273048533192704
2766804171
511080625
1727668796
3312954422
2550794780
3002614108
894398132590485505
1045834291320565760
1197191753905762305
313086409
31134919
1325684449
1194686039102648320
1121262462886662144
3067682878
65583056
1119062504636919818
1194243936459657216
2232133284
823003518957211649
855014205694459904
1085734706241568768
1099504458193608704
1195154420641751043
713893609981009920
1194441711268835329
713377689743335424
933149252687085568
2798508452
1041370444908187648
1187790774458433538
395570406
68646809
755965572727189504
852091473344573440
1086114601144467456
1179172272248180736
1150248494264926208
1191226293536378880
927331425015169026
1021151423051063296
942274125623566336
2762407365
3140994577
1174450556045266947
1018183812
1181657164559126528
2842858710
751303678238294016
1185038654089117696
1111664529635753985
3188285216
1183041326993948672
2254104481
1190429322399698944
1189935213390028800
18990800
914911372948967424
449269782
1031786056646053890
1189909228653350912
2937949498
1174445804985167872
1187017860335505408
1162168561206538240
1186884509314109440
2475843584
1153437419586195456
2545066018
718230736604635137
1181040856872243200
958831143385796608
106408091
928182672651890688
266907548
882947546
3120306118
1078192861
1056304670401019904
139618269
2349309840
33332251
3289357059
1157009870819856392
2502496794
1038465669308678144
1139024932715868161
896112473031548928
1172822167295279104
1059664524276490241
197231169
1004510150
1161261376846946305
756262555878821888
1064722300300345345
1052021554106834944
131506066
1147211389896777728
3737167333
1031784945344102400
3193954386
966493493282533377
1169405010884661248
772478627610931200
2470392667
3326660888
2588329891
1062039010347020290
1183453584899354625
1126676564501045248
1150996586572472321
1167949445692084224
355969982
1182550022879100929
2213795851
34088157
2416650420
2275306616
1181265991180935170
1008838296309567488
1086076961376665600
1351152434
711776457463357440
1179976688790364160
970854308588802049
2584006663
16689075
193176859
1179797671139262464
4385539655
709259573291384832
1070913644353990656
806463570133348356
1178221056416505856
26067312
1177011750018924545
1138859384841392129
1175154076767707136
1164621612353671168
2717529713
1145497774907170817
282240518
1041484481406873600
2789820129
158819539
2923950742
53133968
1172061296029839361
2510492517
1156819108828237824
1160947907216007169
941745872840339456
1169651316697776128
3242710032
1142844962037481472
990149507928150017
1140741160735875073
909563282075394060
1116535440235012096
720855538087497729
1167509667150352384
715667003416051713
1075291580863561728
1166488569483005952
933158311129690112
827318448262877184
1104697024429998080
942430238448988161
1137963146386108416
1019820244691443712
14574802
1163655801363320832
412051486
749607928768917505
1004949585008189440
3091290798
966131914540109825
851871974368456704
2553036276
166444780
1097859006
1161684619579875328
1156333503908384769
983437124
2848158806
990576622406336513
1004070871097593861
791304256770994176
1152364586097676289
434219388
1159818172452786178
54473285
2243445975
214673975
742530593808748544
767802899384590337
1914672955
380362860
1028669802410373120
1159244403275440129
970010207622516736
777358134
1158871460582187008
743535776797843456
1138963849753874433
4497682306
1131237609089437701
1158646983910920193
1158563966165114881
1127087112
3076288518
1142488109654904834
1157788002564923392
1064754555005616129
876570335537233922
51594589
882646025265131520
1065324188632780800
861395420743729152
3900616348
434413227
806262178802110464
1706389424
961148121853169671
855496158
1109095883386310656
1156260235444666369
870450006855041025
3156893682
875389244356820992
69609334
824774581424623616
946061692206796800
1133506956042350593
4776616994
1042334826899152896
840556647399456770
2157806131
752273433761808386
768909331043495936
2258572422
1153223516696784896
761410868
1084107871175012353
51701028
942054689725669376
832353731081539585
1148020104921305088
750399018
1139708985156788225
1039702432312385537
1152033727721160704
2416619591
1076877018862702593
2539943763
884589506116153346
1097891240182497280
1147762199282061312
1112777845263269888
1150978953487761409
1140094937356128256
1149695727699759104
1000463993499156481
485296454
1149828331937959936
862828792678625280
752843798565228544
121704325
1083389550544781316
1147233224264945664
808811401598877696
789636652163600384
1140042563262586886
1149755524155494401
26096378
1148733182914678784
1148289469302398976
2205116388
394434350
1148685877457149954
1114748822822051840
1077394736581881857
1148030223771996160
389762615
2194668251
814935715519799297
461739980
199089691
278285473
3307483146
981247865375903745
1606988268
1147200661819396097
1004921084116897795
702256514229104640
1467554408
3602155517
889822864643379200
1091383790176333824
3072815488
1130642494142722050
1026494297112236033
3191383782
960822482738573312
156681392
821349393559408641
248590003
1141479795580112896
861756320915083264
971438345346838537
954203187203969025
2502504672
1009072198307500038
1035670932868747264
1064482233451347971
900228364723769346
817076006133571584
1080952451971407872
248443355
1141937740025483264
1142606576110505989
17657195
15638869
4711241641
1027868338184056832
4690750699
977081844666519552
608810707
1359409988
783639912293687296
780248344585265152
279236217
911169858594902016
798753808146833408
3106787658
1142359578413166594
851649716353761280
744575254169681920
717229113132642304
2147861042
1112769932394201088
1069361054835245056
791079126996312065
778299238979473408
837322733784485888
1140132578562838528
22848539
3303378830
1139564012880969733
461583742
18706305
1130862229736308738
773032094809329664
1015295486612291585
395138525
923309459304275969
1117151726484766721
776840110666940416
761568643654094848
784007000
1013542100854624256
705413903111553024
1111352692213977089
3370650460
23092992
3420266177
917206170145742849
1126822410664046592
2965296115
1129797676848111617
484125596
1228968450
725125899281154050
1134575310974922754
1081631826152706048
1131697653002264576
1134085709265027072
3015363693
856300211362295808
184671789
236978518
4706210480
557325547
2530779902
1133994135701114880
1118611948856336384
1161012061
852575046145122304
1130951997539143687
179288725
2166402041
1132445193267863552
184391585
717438691
845422952191528961
781915425076633601
1130881835783860227
1131016982034309125
3345463695
1093033456270016512
1128288815012089857
1127478600184279040
777056820
854082452725387267
883570482
221859659
1022164097297608704
1122998969859108864
1125479264088883201
1069720356552916996
2997862837
1081012014246326273
919960778001866752
1027737130171129856
116485856
1107651078366154753
1187645280
770691553211850752
1106408927632207872
2802817608
1122633356024471553
74664986
2810019131
1123022082202394624
1470104563
1598757092
2292097950
1122337536918138881
831182710613766144
1068337984347484161
1059742737853890560
795044002718433280
274308336
1058112654018076673
1091143255197134848
1078804692744908800
905126571417194502
335174763
1040134474997145605
926676746006646785
820026617909022721
1040031143750451200
384104479
395526417
31477678
2317688922
1051674820801376258
1035199390019932160
188682752
2779401698
34218078
550422164
422795601
830643159973691392
17659689
764699918124650497
706961282403082240
715515199227305984
1017270868026757121
1546338565
696852410602369025
1119993497174437888
1120780147244847104
1120298880271253504
24673899
1118350008112373760
778631461834489856
1048305658137923585
34320253
784089439760973824
1084810161569570818
1000240002104680448
1119299716796375040
913111083023519744
848589020930224134
1084453199199784962
232086446
1117942073016115200
527014590
14667028
3074504029
2833064038
14947799
1037372973185937409
975762963331190784
968154685692461057
1116861156789051392
1001115815582744576
897079877836341249
884248998382645250
1114710295492972545
821977506949500928
1048743055292080128
1115768758126239744
135246431
1025472724150366208
1028682134846926848
830076569867661313
801113147499311108
798536327243436032
1047549897631813632
1363569630
1114625414817828864
1115064908201308160
922163414390181889
824399293570174977
778175941910601728
1040085744633700352
4789548912
993710146923716608
3228258497
19329306
2843327567
1113146725290663937
1111813560492060678
1081735764042547200
711191658776268800
1112990088089071616
1112762346307489799
890981599420051456
3044209307
1098673220335603712
872843035536756737
3087636709
960654588268310528
945116775842242566
333749843
2164857486
1011695181173874689
3310041165
946094207428583424
1013421075559002113
1111743653284855808
365551033
321460579
1111517656132182016
862140292765437952
1061423700719820801
827197086139428864
1110922023100915719
195577347
1316705124
1002693943
1094383537703305217
1087520967641972737
467659996
822656791846785028
1007113289514356737
754373634320310272
119596028
924369145164107777
2835128525
1063169399228575746
898269297914544128
1081775226399215617
2212061141
1079447562988519424
1010599879364800512
1070217616747200512
432667111
4070834723
1058344087957487616
1035753172722176000
984414749210398721
702493904327872517
973642031888203776
900353356786528260
714538276107993088
900438722398781440
286756190
875948350985588737
1033074111340314624
1106952421576564737
1014833309199818752
969421022767210496
1103944164817854464
1129589797
1081379479031894016
821366200122875905
859534482616983552
1108918584028221441
1109202510386995201
766093949475880961
1068245552779927552
1057602180486701057
1108567404861407233
2864478369
1105284139396358144
936775674785705984
1108545664148033536
1108484188242497538
1098169323330387968
147829467
3994162392
1100208802094292992
2467844166
1017694376695345152
986666739197980681
766571526917197824
1065121612020817921
1089876467272638465
771148244432719872
1023237049044873216
197469646
1105288748349054976
1104770492043534336
1305140455
946997202802556929
1337847325
721943053557112832
2475623330
1102773587306405888
1105514820210696193
966672272604897286
1105380559314997248
1098018107002638337
32408392
2587676411
1103405670659809280
1654558578
1074230959984193536
863244179295657986
90591983
710673549908942848
700193861738475520
571555458
2756995574
330606743
1143934963
1102696142427574277
1084519521417756673
1101576702453534726
313662919
980435589249069056
1099805352760143881
1601527070
22299835
1087587477412552704
758062091878227968
1062914530148315136
1067376366969126912
839221565745065984
748608249910419457
763055531003174913
797722242390097920
1098828514424320001
1030624874388221952
1620910369
1031578178098065408
845466153761685505
1099263615796801537
39923340
754748567819022336
960969059612483591
1019658238831149056
1078837716207382529
1094634452528099333
897579213976469504
1077474856680243200
969589061764636673
1096189997370298368
1096903584162238464
978707251430088706
729778117544321024
814332575347048449
1080395198515929093
1094921184897052672
2761074833
217582754
936041350339817472
102228206
957646095504543744
810731499725221888
102024184
1072341960164298753
1092616832656248832
1093597503348400128
817406786579922944
1030651761839755264
827011794644242433
3599907733
719745008304263168
1084601217022656516
31358365
704287801311928320
1048202417899286529
955307454643908609
827721897597136896
894657331849420801
112900548
195570282
2847224147
432170266
1040375049155473412
1058845316496031744
976640444493914112
1090483065548427264
1091577357574512640
2535317405
931361430
1091197411999965184
1058493108621590529
794439168701018112
821922600125349888
1090077880795697153
264001475
1090646051084816386
1090067116441722881
1086001550911258625
1078366339507531776
2880185798
1088203358064779264
1005493050733400065
1070194798320005121
59777118
1018264059261710337
1088605222577020928
715811294650220544
2734560689
1060065279525482502
1084673927622873088
1078563219864662016
389982275
864693319988674560
1088131968414314496
962925365432745984
131877932
955749984
30405799
501933765
1087191030842183681
832250276
862109953791852544
915592331696406530
1046935582239145985
979380782560137216
1082846252679741440
2458537838
753779635691855872
202768366
964573119083155457
912118879392075783
167225705
2844275529
496198349
839131344
971498870772584448
3270062166
967869941033590784
717536059416903682
721363070166011904
947211055922581505
1730406950
1029990944211382272
4895016735
1082665590089809920
1082802682111426560
936264965379543041
750018240
792854764446855169
2801052813
388931131
1428437341
891522402399641600
1082494352109260802
956410177217028096
1050894752604938242
881125325446500353
427578791
1024333775004680192
124855429
802783301639356416
809235724637786113
1023773822195982336
904695876391665664
1329554232
1075823398109020166
16029910
3401614635
995282914576302080
1079777672518086657
705139174601572352
3081064288
900400431519612928
38676515
1079639136384897025
17433025
60124376
755208809333882881
729538977150066688
592248238
1057704013406162944
1071431363503505408
63367760
2656183728
1074499936694104064
1064201648313114624
1076324352054808577
1074000451392208897
1898295032
1035208933240008704
2189597630
1000325836208263168
539450047
259071132
723124226182418433
956270613336698880
3326978042
903205965662752768
594967966
1074474791543795712
527138969
985150133351395328
19717233
1073725678946799619
914338436491878400
1027853035190595584
924478805015531520
66762901
1064550545497747456
940252163690942470
985254182377672704
884077657184456704
778321647451320321
1068034600839065600
816328102095818752
3647157445
2355689808
571180553
932014618075123712
2334234338
9688782
1057242004285882368
1071615424670916608
1010500857585168385
3426931649
1070144856515702785
1070449002909458432
281987685
809567324529446921
1069658390618669056
1880221788
1068550405880193027
2219868331
4878811191
1000605364809818112
1037484215980318720
259988570
3283242398
902319792224423937
69963520
29261973
1013780245
923320114711183360
321579047
729650336907046912
942843814535880704
1057333759656255488
892296175914766336
858090689393037320
2323032366
1067319284332822528
968731672169590787
22564891
1041600041520119808
758970635859005445
3349572312
59110028
843131701228314624
1051897115360792576
769201935647928320
1037154378098987008
71752058
2752029255
753735832922689536
1871926728
3365083340
1028959241745391617
745071716024487936
2903891016
1017916772354351104
4351867402
1058405488369561601
984185360258187265
2957212499
1898161333
825975418008133632
634779016
981990909494603777
1041202655928967168
810767070
147002217
724614014014218241
118210957
895134549432127488
1220195360
966050024021942272
110962476
970614287910817792
1451897936
970217414171377665
2453037228
1008916382078025728
1062655857790349312
1063804179108507648
1039482417076219905
864923032971689984
346224496
939311665333587968
1014493194615185408
4635078983
825623079778996224
3422082177
372335165
2183793533
4314665908
939677877330677761
1062176446779658241
1036353143049732096
795867123545440256
976085853435977728
1062755888090505216
1062402927606853632
1025802359736356865
752678334937436160
1046907011621904384
1014624624
785338076361097216
871890217124417539
873676552101167105
1063881018
467208252
973402501734174721
1018323100889300994
2968594904
961054746495934465
986734842778963968
746158854212198402
1732500692
849088421377318914
1015233231061442560
972241176278503424
4550258385
713031225141669889
2313142795
941538397650333697
184973503
2257635112
13748992
765325355720773632
834227015322583040
491413472
1059226661416263682
2690628133
1055140265873367043
858165032890322944
1060428573046161408
1060568459593969664
3103685384
627657747
25721806
375348231
802327806667591680
781965345401765892
934662465471860736
401626213
3269735503
861741762183876610
289541599
1059204697817522177
823782825241374721
1001608269675352069
927326168956538880
851878943330316289
249907499
1038435715007369216
4252821748
1058909152435683328
1057062630966341632
2699791448
1056985920476536838
714530661533675520
1053288268182089730
1013142422790868992
926227382188507136
1056751997540540416
117277446
3997470255
969775549555068928
1057379440173314048
909061999040106498
817165073890377733
3829612290
1028376320076591105
1028116790310842373
752896090681204737
748370723949903873
1057460570281164805
518074227
958169563040047104
953340481949315072
987585749141803011
803704565778497536
170853498
931185181838446593
1056381052393062400
1053081575070425088
18443291
795457356318572544
945842581010833409
1054619362567409664
3308932700
979581825969459200
1053747711034310656
265458750
1038930491393695744
1052930009403445248
4657677085
1034044246754578432
1016050426507091968
1035856320459628545
956568354168418304
820428931887202304
66837921
3377569317
851426978066575360
787320348882657281
792069467878588416
2468006793
607380537
928284656457334785
986001007
1041775507170357258
367593408
1026750693359546368
3105413381
1030247979536416768
882619673405046785
785209370
1020507430151598080
1046750691660902400
1043528552283557888
1039651024095666177
715711496114675712
1045859955474149376
165362021
19450513
1081852712
1041435070295416832
1017684464405766145
2427186176
766285264855629824
2173200157
2277971352
1047599645202042880
866752414245953538
22582989
996704669844963328
495337942
1045707048933982208
1045908384204181504
340064536
2941123568
986710329265676288
1026195443372437504
532727261
174127986
741562159
468976391
829587313403559937
3807737421
4006173153
967233900354433026
2562871410
955605832258936832
164109333
884080994344722433
871568829394161665
1042838541116616710
998032806725980160
937517591031099393
821712023931260929
4790055615
885644878096420864
859033230296719361
905211641440165888
4450686432
971808242706911234
516817511
320522775
1534962612
998771244853055489
836652594076405761
2826473046
882084029792624640
1013771331844927488
946170072917270528
995702378639822850
3254281248
916045278142238720
1028469610604122113
472474233
817035718950260736
966041044654657536
716019654335012865
1038441556993302528
23000204
745769149104717824
880254817918124041
970884857126506496
1022199471818661888
206824816
775023864740978689
2777313128
1036569366
1033203662976430080
822515914436440064
731409577
320381808
3016123858
3146634482
946885790
15321895
2558085090
2841203075
801679291335528448
1030986741933662208
877186431432744961
338381879
1029804758251524096
1009657953207480320
1028779992690425858
748103419399905280
796910319591428096
965456314523512832
1028351154797858816
95853837
994501854162771968
937850410529783808
933029792592437248
970659068342947841
848499162052259841
773661561667936256
1026597568141250561
1287427560
794030445490880512
1005714722082172928
866005696428384256
979797588063981570
833632584143822848
4100118664
1000168999739506688
777921516730146817
248190001
872413667450646529
1902907915
1019860326051926016
1009551005892018177
1003391861099302912
501523038
3000179660
957411985221652482
938232813500993536
903101966540255233
901273416799596544
1022582294429618176
388471059
636412640
1022261216775946240
977969020669497344
890035116642373636
1021246171191242752
26583681
963247215207591936
214614606
17060573
189279697
825361656813219840
917394610875486208
914192856784318464
1020806509981327361
432816530
1018751351759593473
4189863513
812306406632288256
582205032
843122515304095744
1016683537934757888
3019617976
429866189
289600935
1015369311182049280
1014276176959815680
119494737
1016110882714193922
3308377058
1012776873925992450
751163722555658240
1016628090598932480
888726403079909376
701954078394359808
131923755
940099625247162373
1014948507172532224
408938152
3427962981
3065179334
882325294476087296
606481667
744647266619764736
598571348
946527450275737602
131946141
1012910002351296513
21778166
837376608033886208
1266127448
1005263108032507905
249435235
926396017817325568
1001190200188526592
198595107
492162036
1010923412406063105
1010304024367726595
778755608950378496
20835150
1151542729
1004386700116799489
864122454205247489
995432332575244288
996762951112675332
1004504542032154624
1000730914236743680
757845042375462913
779138331846250499
705231714512191488
864661465223004166
811462749897236482
286144633
1001114632117997568
3218886364
816958370460512257
210071679
988618563157151745
615556011
759511707450572800
1724167904
952907225202339840
163934789
847470893144039424
776907865286213632
928820708762898434
1426160528
2496910880
426059968
34160277
2344358742
58072320
864606638594023424
316227187
1102259054
980068983696252929
16634922
176315627
996821830705934336
569203466
876350778511962112
996833314764976129
895879686294691840
994796522566021120
2256239096
993887668239925251
994318122164240384
2285429016
983506742763016192
923483118056509441
885514682651607040
993623875018620928
3327552484
713490779247927302
3011016816
879145266665934848
19889764
992143477772173312
981668703476637697
167376255
824633953290166272
989776192000552961
985125233408512000
144979152
79158109
856768205502722051
741377469765156864
926891533940543488
895736295703457792
85199773
912883345033371648
965226951106494465
4737965237
3100650265
985302905686319109
278327347
985192633034129408
3573799035
104883690
576673880
749455282854649856
792286843
758650563307470850
821120866457096192
1666277360
321121989
41778460
815985783844782080
899719033335009284
885240488814678016
821150646317551616
979472490714943488
778030061312237568
4368961095
709430994
967048096600424448
984104858256134145
175839730
834061805689397248
955188445319761920
29267701
3339138238
14101483
3425291565
3002052410
15268664
982680181667172352
982474449642508289
962773097882546178
883910336260186112
3327165285
841075560319086592
1732950409
928087371475714048
883855148136763392
922276494902210560
424146540
826905335914860546
981340889162403841
974485797419343872
1160103896
756499710
599485441
2808103129
15228731
979787179449815041
835085611451174918
980876552534740997
796200421127819265
958400269154471936
2222481930
3699195972
51477652
423769509
962109727885807617
980806883433906176
168240315
22286248
796822914775523330
3874834654
978654864715800576
802290153314283524
3053103006
972936482179579904
2440315070
29615853
874419002818400256
1529662392
2268003390
1947708234
438637923
940523371745255426
23580800
973561963207888898
971141905860902912
962118323327598593
832202254149001216
931815105439789057
3141249795
1378370258
1455802657
947704198304616449
203859639
3228661924
932126856563666944
899076397955776513
1547461016
935975625831145473
2331929755
840055786571091968
897565112055336960
844785470705852421
716347147650801665
148343980
905484867915223041
966463727443746816
972120200823934976
2268828160
915647230681534464
905589676337192960
971469963260284931
954759075648212995
2474465594
762525283857539072
3314251368
881625354233884672
935510978308878336
966180794107559943
2921656824
719191142437400579
805541039528353792
1250545933
969974408856129539
56261173
3308801581
846921210122395648
3982517223
19355712
2547873956
953250220472709120
969393350351745024
4240042932
981499470
875145677491359749
935070636938055680
10058
771139743480328192
820419484309684224
818838168363356160
907054447402078208
822504030060638208
4562249532
809118636732547072
40153298
4541930113
1482999666
967909183428481024
851846203318845440
4275506855
259537538
959841700154769408
2876182731
3024033808
920440458509037568
966619222943166465
965670152388993025
597420233
4775155693
4322771235
893466472277831681
954813033817161728
955892346738102283
864226779459878912
809045672930504704
963560414
793575694752178178
27642364
794910321966256128
1701670416
14191306
387915095
960022738042740736
711752522898264064
948486348142342145
778716632696786944
1128103124
797586696984522752
905341182477258752
956244206821003264
704725544865177600
943722239907811328
956258576657473536
901132180721512448
955980444834541568
796013357644054528
955956676712116225
4912520766
839727987280982016
936343930832019457
951644393525694465
2431037846
922708143452307456
820895668105519104
4854600694
4861215785
84717567
831778401451180032
1305717908
1167600860
898823055300014080
1456080708
93146330
869746551794651136
575067156
1120474406
785626002474930176
186395658
948077716636565505
134164719
831240674095800321
146856971
768516522818015232
111410719
2254111687
783874633749585920
23890574
1445098704
947854634831499264
942104880902176769
946832969750151169
169215309
779066234398728192
945693368813801473
3643578376
941060333204107265
1520519923
880176274165059584
941775209899622401
939990583765901312
858895332
294872277
2974346781
788794717806919682
18931132
712752995029487617
2945114655
819621014392991750
327466724
792436389988012032
920366282637299713
937019285901164544
3139152154
936622588406784000
872248320147771392
885417771282124800
850129855337435137
183203355
833937320797573121
934553524167499777
934369061269639168
411454569
1223848044
2193610484
77393252
1195745490
2993770334
713834510941622273
912029112373522432
89028308
933340524718813184
911171007305715712
702247731524317184
718849113303949312
1400876185
47677902
852191351307481088
882277378067714049
2410736396
881995813102252032
928545409965756416
930905353470054400
924779820239806464
917894388705120256
815266632373182464
2411437560
905375019672506368
99608225
875365542403743744
870114615392440320
869241615600300032
749200199097036800
927698146448244737
924809815515205632
794714008934813697
11460012
843974389
2953869052
53046032
913605650676047872
47611401
83189866
1309591453
22817956
49529600
860941212
846274195499630592
830109173841010688
4446418487
920380465739124737
704437286767828992
703640191127330816
921873631613018112
921115309427347456
260559266
915309655672356869
889716124635484164
919591930677297152
916231459316387841
856502627995074560
3292693495
908174596381265920
3402609112
917286266466476032
916216177361375232
881231766836662272
816511310540193792
898575891864977410
909084804456607744
902904123296800769
910532900629618688
1168453328
897287220708691968
903798098966839297
4916370072
902455109275222016
814222060440391680
773734047646351360
377380398
777213542940438528
888522086553202688
898258334221967361
897928059680063488
850534994648891393
896636639547674624
871228558202425344
788575100450648064
759939208576315392
825924155811983360
891055939100393472
188053555
28965330
718600146619990017
3901575435
758773376156442624
2616434768
844378852432465920
799731235610304513
2455210129
885602871391256577
885361422930030592
882231325415047168
81453928
880582141700186112
880451694626299904
821401992409006082
799546365491744768
850889715645632518
259141829
865000627910320128
868852528032755712
843617734852337664
847820096324161536
864476637269823488
2879349994
864599760833064960
2455494660
860241826711650304
861854298455539712
859770978225803265
3269392159
791035481635037184
39347621
518298806
191328755
857767943932788736
858122881255055360
847387775393452033
4875347956
4839972555
760645419722387456
790840688447414272
836779281049014272
134713267
772627663685115904
853252499070795776
819281659988213760
1226167963
3082097360
827562434219094020
849772345376079872
832693830860156929
4297593140
3429821477
782052076360601600
723494852726513664
4743390702
3271931190
4893615497
847234493534527488
847131280844247040
15989605
554495847
845837463989903360
93297122
709909749169590272
1661263351
844434316943904768
844357737706393600
774872418611585024
843044668430606336
3269915989
842495647005663232
842443783119765504
375964544
788073308461891584
260574794
831995709222166528
822865517648154624
805253414980440064
836234582315810818
806911147026878464
811662404769685504
829036858306863104
268691211
742664931217178624
836581082942345218
835694125068406784
739607592
819944665843691520
802951658888040448
357698562
3307289846
834654159462756354
2784592587
833229686301827072
2383239547
3409707701
808938220364840960
473272369
1742804707
833831695262511104
811054863039758336
832981982770511872
1669312890
1592375250
14392734
763932748524294144
478143027
949138237
823903402996342784
831633543088443392
807038979145134080
806743989588103168
176857957
3108817739
724452593636892672
605974171
407344099
822058488046174208
802769628174782464
1517532000
76295268
4312370001
3018742509
824295052461637633
40753111
746148760472817665
81018286
3493967898
2522512664
278264929
2446243100
1694945473
822926331671445507
718616464576684032
4914071150
824057238369300480
814568002184249344
34441534
820904215736422400
3714420136
2937574099
822194617814814722
805169000355340289
822265252444155905
2176584493
821132022106099712
797270965881344000
819596629196029952
818585264327163905
818126854091485184
749827456073240576
803320857560948737
25889352
808733749441507328
20253396
816225539962736640
1262150760
783426654412550145
115729308
797531543476572160
812835636453380096
710943689758015488
565092941
810715148742754304
1862831041
455444298
295459369
798679792803381248
809800311682502656
807748265483628544
807668582146510848
795266238725427201
709565577635848193
377678578
4122226696
3201113458
769325077175291905
708712377483710465
794296144557842432
791373093524475904
790246183906279424
788846224552169472
4407478697
788162817216032768
93268784
1316995082
704709840862445568
778880515004694528
777180705587621888
785262041762177026
775696688489099264
137878848
3260503620
784199525644632064
784139570560380928
265481588
1380012342
783374230444400640
57892088
58500166
4736232312
715979593090359296
779638177959186432
4275351035
779483631970639872
778437023149416448
778069546267619328
777671567283150849
776560397172166656
763109014456721408
761678218738987008
725423277267685377
3613555641
3295694106
4815961419
697501219070341120
739204587970646016
758367012909232128
362100909
751091958345560064
772679885672353792
4003232277
18256775
769422258985066496
711675575497261059
4399065743
712999409764663296
3022622873
715045469584539648
101600359
2233057424
760273657902014464
432997564
766887418578427904
4429973234
714838816884916228
716687132698382336
765344357184528384
765083754440327168
939760436
761393016049246208
4874778452
4700107341
940147430
3171730780
455261114
759969916459954176
758776379215347712
21851689
753627296154525696
2262540398
66924229
3079976824
752357233166458880
3296369028
736764563668893701
726834650929348608
203756288
1289365303
3181210090
740234765958144001
120994148
218856091
463339773
2209980606
722573936689459200
718668129790889984
4341897865
4195349740
708559788641128448
2945359946
