1655355981629456384
890061634181373952
4239551
521167914
1591964800216612866
1572137940142153735
1329891389430243330
1496192458811715594
1288319695658135552
1151261114384171008
1518981310529871872
3108666882
1464322912979144712
1355225690027806720
1521870690630221824
991741610718257152
337808606
1403015536879996934
1387219918597328897
1012438196729376768
1446932149148344320
713050951507173378
746471521
897058816226844672
805223648499859457
91416107
1482071976999063556
1590704958420226048
1503582202877120512
2538196992
1200616796295847936
611986351
1542228578
1227799690579718144
1327266713054941184
1155886120351100928
877295296828522496
1575110166147637249
1392864463204782082
1607453193360883716
389648599
1435906191373180933
1558929748629258248
808080314
1216223744181460992
163071725
191167764
1597502947977744384
1530129316901699585
900662551
1433997706981253124
1058807868
1500129642
1564808722060554240
1414226825434198018
93295809
1314333055243485184
1504944627522195460
1522303890217123840
1501219835438460929
172323296
3009871927
3383703603
1444613297819557890
1032468021485293568
27830610
14499829
1275595715746635777
2985479932
1342174584594960384
1290635110149169152
110835004
980516212059856901
1201670995435646976
1344356576786866176
844018233325707264
2182683948
23047519
1485061676277899265
292929271
2445134780
1326229737551912960
3051623806
1517417467529805826
1504902093433417730
64643056
1647573157
1018582177381081095
1470485951319269377
381214787
435260935
1497711967091535873
21976616
6742412
863538430575353858
36434365
7177512
1031747223569227776
17745925
846038308014755840
2340667345
1128337957289697281
1258332990947627008
1626294277
1251900966770794498
47233194
1112909802978521088
31064165
1428293763143815169
2704294333
1493763181688201217
1225479575544762369
1329693545221931008
299896657
3817258229
1141090148526034944
1390762874809761793
1269068632731996160
1443389368463511552
17728675
15392486
975200486
1179674640542769152
136024087
822633183371988992
2967831
1285745650986913792
1954873273
2401980110
1078292904878190593
1116766980596543488
277844631
73204975
2653791264
18626270
1085590678657224705
52911172
726377533613178880
1030725698460246018
1133687823025016832
1280241715987660801
343041182
1242852330
911347650
2352629311
1074480192
391533332
331816614
1102987848741998592
1192890402023575552
45033456
1134838745960800256
350822109
3991103002
375721095
2835451658
1092606785108803584
113137765
16523905
2349347329
52352820
43906698
44196397
21888595
1016415233475334145
269992801
599817378
2301990517
19091173
499144832
1054475020192440320
3214466631
1197186629292703751
866457762603163648
24870433
1009588379640528897
873051724604334080
107231140
26637348
216776631
27000730
4914384040
1855349863
1376990892
116319448
3105470573
1048496499288625152
37190937
1116345515761909760
167115847
978707251430088706
866069141576441857
473678329
16076032
3177515983
700753804325625856
837555557804339202
33665720
959876749424250880
2740108585
990317363915579392
799098725742346245
554454086
704391334128394240
787570242063130624
623230663
721096238020628481
34900333
770619360062898176
24398645
42435931
499230066
905164973025976321
941753248620449793
74760182
3675770234
954124423
902200087
274567177
807812802761158656
468640410
973494767081459714
955485791018352640
1931893196
847563392306917376
706959926879334400
892130360888352773
711244331957542912
711273343396278272
16163639
4717892303
730693248147030016
16456226
711535251835629568
834402949853962240
21613794
3282859598
83748727
1230617456
22657914
2405216660
28453777
5820642
3412642223
746437174736879616
2442466385
2974346781
22703645
707231479047315456
18856867
818927131883356161
16106584
705902960967094272
14717197
2598183050
818910970567344128
822215673812119553
818876014390603776
822215679726100480
457984599
608471241
825501626
108465379
2352957686
253343991
989721121
245649240
925865976
19017675
845831238
32240593
4455054612
313038011
16589206
39344374
52544275
22203756
350379608
2463171746
974473813
2835035969
83992997
413650758
741195637090291712
8287602
15164565
776272687
3092625141
42363794
25429371
18379614
18788414
19599446
2432310906
9840002
2231109295
1541861504
2472399354
164070785
1634208277
15733197
295731821
10926202
462104542
855318254
715044396
25073877
2674638409
18929234
15033673
194663746
312696314
27114485
2329977145
15669672
42750334
7702542
19249651
196168350
15976697
209693451
1517964894
2953422203
3105864599
19222164
358545917
18643437
14458643
27522964
42786325
12982172
