1576104206531960832
2733966036
27012070
1176026136117166080
370291114
74760182
880583946169335808
1078460701176463361
1280241715987660801
873051724604334080
16277133
1812055789
1102987848741998592
3410843525
1312086187444776960
1179158663119953921
3066800573
2918039334
43906698
17918281
1261957133081460736
79909756
2816466267
4826563611
878668712009768960
126441379
752749220952625157
224097357
818905354205622276
4627236323
94336415
1215209093578870785
838457598303223808
4717892303
1233052695637975040
895660461428846593
516881756
1185977202569076736
129019194
2568108282
1226167963
30717518
388451993
5820642
624308178
18664913
994499431025213442
116745546
2442466385
3267456386
2968824825
417767675
18891076
15976697
1091718864952541186
822299610018365440
790273986609442816
887918290173079553
758723418971709441
2592153931
109640315
454232867
1145702015374438401
196168350
2301905315
711535251835629568
507650559
1030725698460246018
790372114452910080
885208683352817664
75875590
1080850562638364672
948303184019193863
375721095
891098592869404673
954238695330074624
3290046383
22146210
1123847711835471875
232901331
850036892
1071152518820978689
772289261726945280
2904870923
29547260
3105470573
3030006159
866069141576441857
1116345515761909760
22703645
971157641912229888
999274189688274947
807812802761158656
80571323
163951423
472987747
248113252
599817378
288277167
1034816290765066240
880602945632575488
3255290759
20722476
1840798400
831984906896961536
976853859703427078
3219461544
2899862569
3364200915
722117494899679232
52661430
1072909224299151361
940124009798209536
16538546
796681855378591745
1044928850
730121169194655748
767960339547774976
33665720
805223648499859457
2822407526
3214466631
895201551102472192
865516973567778819
856162158845059073
4833376576
113137765
274567177
848784339483721728
274294204
989721121
99128675
589336049
351638843
561968042
1148390670
704287801311928320
900285272298053632
877970364625715202
2301447301
183739654
730693248147030016
24787367
457984599
25073877
965946209725796354
107231140
1583865109
312696314
1358520301
1353802260
2417586104
156330634
878741948462510080
19899606
2926732331
866525988095631360
2819841203
29180690
430090745
328634628
3004163369
41463795
258858596
111278246
35039490
2958513845
467620549
3656836876
388983706
21613794
835860570561777665
592730371
822215679726100480
227325663
3034540571
371444442
16989178
109712752
2810902381
1127286020
243666972
83161315
3376872507
28381563
117655609
14862190
43661233
16936686
230927249
25083002
21033028
883060393
3037170657
2405216660
506257229
2236214974
31374301
2352957686
2343856357
86967282
97539179
146442811
35013035
3234613430
1900293397
280339608
56561950
1731076880
1595064032
1244645004
494758799
449285701
2373401372
287871693
2953422203
1517964894
532787029
14458643
2654555875
2167525794
2432310906
75561107
415138288
83992997
209693451
27522964
2740108585
2463171746
156406768
424412749
4898091
5988062
2884771
1652541
51241574
15754281
759251
14293310
91478624
16664681
6107422
3108351
2467791
612473
742143
7587032
788524
14138785
5402612
34655603
87416722
16343974
16887175
2349347329
2363203740
2231109295
2902445481
42750334
557862434
153210866
109951643
418991627
21779975
24606512
123882741
377326008
50233721
717302472
424476298
374895381
20475491
15450996
153236455
16467567
180056254
14759840
69201760
267929245
313038011
163995099
1369895352
15503210
19488511
134360868
73572581
18856867
247723476
836656141
23839835
73928096
216881337
15843059
287413569
18572546
16076032
370144870
64643056
113820551
16589206
95994080
264410182
146095589
19062153
115754870
66643970
6801772
25503408
8799142
26792275
12524522
19605981
1344951
20837035
26163517
18643437
142890368
123975474
340622295
22384173
96025389
77504812
18605824
128636277
14669951
264948270
237600536
