61090648
1400900625051815942
1018582177381081095
1642172427898683392
1128337957289697281
1380729716248698880
884815772823977985
738911954413162496
1316521894028378117
251887060
2984243591
1017542404801482752
80233893
1273639475340554240
491775093
1551725959534895104
1360665534501695489
1505042106435444739
1578678304126955520
1579455680884391938
1483893386817986574
1092346141998370816
548258435
775104300452311041
1429709351305060353
1677034467729211393
1672021340642213891
1470946091474558976
1238511837722882048
1538705932799987712
3418210767
1009049990919000065
711273343396278272
1511110094163001353
1655355981629456384
3171403062
1542088334125801473
1276715545551831041
1527657610597519360
1549461766983360512
1586211253806137344
716256825621004288
1368166640978911234
1468758111842455554
1185577801501556742
509687746
134891802
1628016217674989570
988976745033486336
704391334128394240
903228570536996865
2199020853
1605626028356927488
27012070
846859247933632517
1016908862136332288
1521309472513306624
1387219918597328897
455264233
1451025651440439296
1308549999165407233
1340046910992748546
805223648499859457
1629234523685769218
2463171746
54277123
1591964800216612866
191871143
1489956224179261446
1482953932817059841
1298299807497297922
1313536464022646786
1052722633152679936
1240959982985756675
701880939991998466
1441971834
2365896248
1125287020501147648
32422915
1549354156112191490
1544812854515220481
1332844822504226817
1525968391995019268
1155886120351100928
836219692763078656
1342174584594960384
1123847711835471875
1519397171862417413
1104524508709441536
462352356
1509342101330300931
25404271
2864217936
1552795969959636992
1594572831295434752
1601062664775819265
1475231323480543232
1596577770963877889
1455311856092995585
1577761560394665984
965451112395415552
39844876
108465379
47253057
1599753147861422087
1588018000455606272
1373428091452850179
38271276
1341814365889179649
1407035495733940230
1399539642639265795
1521870690630221824
1534581074281517058
4330569813
1320586178467401728
855481986290524160
3745781
1519533712949583872
1401246913542836224
1485068728412913666
908856245414531072
1385183749575299073
56562803
1486473049146904576
1128802381918015489
130406156
1446932149148344320
1577293480308654082
719024310468280320
1180533698
169686021
2530947115
97829983
320370596
294293982
1392864463204782082
1429400366819512323
1465347964252180493
1343074678450102273
980516212059856901
1272206251427090433
2720433702
1371328580635009025
1464322912979144712
946060876632637440
1517417467529805826
3895214232
60698597
1428293763143815169
1520136498967990274
719745008304263168
1515798189458219022
15976697
1516450616914202631
1380284383500722179
1146650092050538496
25617895
2892681119
1500867239674843143
1387489102799376388
1251900966770794498
863538430575353858
20172153
1366529249264345090
1351906066519490562
1333800441260298241
1398481667350798338
1161261376846946305
1327406109825540096
1289214585170464773
833988769
1390762874809761793
1183418538285027329
1213227521392558080
1209964794
1357717304931479552
1180173696347987969
1347318288850825217
1231156038
18646108
54322957
1963156225
843965625177399296
1462841855070986241
67693241
1408228756821622785
1230893600948572162
337808606
1178293200907313152
1408600853930385414
730096044973887489
2872565600
117338050
1067161152482959363
1397558515321933828
862424157061033984
14836282
1346257486840553473
19682803
1392196521832108045
1329891389430243330
353094458
47791337
1117898546055761920
395476995
3300072236
856124744818720768
874904274
1365807589276200960
16869718
1359923836356018176
1353266784321855493
141834186
622872193
28329367
29467707
864215590709456896
26443775
1326229737551912960
1269719824520720384
114160399
2871659160
187890611
1304917335271239683
1187808818522030080
1376054535303614464
872148729184362497
1153042794375712770
2626059063
928881657943166976
940409602155282432
2175836343
367456494
1006474869570093056
32626129
181936367
4515650200
191581421
1006577189012299776
925517007054704640
962024963149565952
913308968809672705
2449913803
1288319695658135552
1365765172112076806
1365358169166405633
1347704593438879745
1351538366739865600
3578308875
1345531730116153344
2906785757
263987952
414873541
951967167926362112
1358250448994643970
1248054612260724736
1141009702354075650
331464013
540933061
1328394459680268308
1354228711466426369
1362301673335570433
357312062
1351432455450841091
46671731
730121169194655748
287979182
15950086
1209936918
264361128
1328844631023357953
1282418324228337665
1300324224582647809
1614322304
105852422
1295526279194828800
787821265931296768
625847281
2657347285
1333531731446673413
1281597528992079872
956543009658671104
250980843
24222556
902839045356744704
44196397
2820778622
43775786
1293237781628702726
19040580
868578294916145152
588569122
373620043
1211851854071484416
1353040053602316289
826065164504006657
1337780902680809474
170861207
248469208
29115262
3066800573
321317643
21829541
961532704482308096
1255546412659544064
1244681691551145985
1271537840179023872
1065332439218827264
27938325
34715216
1308851162809016320
822215679726100480
18785984
277230279
757179079
87679233
2916305152
793054572293992448
73402979
1146714432803753984
39936375
908354649857687556
576656390
353422065
331020289
859409582426251269
2812231519
61283362
962860018965114880
236933936
985176330940633088
1237612672373248000
15757578
742143
51241574
1652541
1100776937004457984
1085225533623783424
1330274087218851852
351638843
116203012
1273247052
19149039
419520517
19878055
1043185714437992449
1931893196
1142064494157451267
1267257106652172289
1323832729616572416
803224919316332546
1326005070
1973475774
4041824789
968204866760970240
240454812
1914700555
1210711945877344257
3268791871
1329307685037240321
80964763
2388042907
120967003
2853461537
753195112176480256
1152789063897948160
405605548
266816841
1100932500124250112
794652195484565504
875856268056969216
805813819956166656
166270127
3156877862
2301990517
1126222498255781888
586707638
757832485
1234000168153944064
1325554108359696386
15392486
1067184143774162944
2582754135
57093756
523248016
715979593090359296
166751745
1290635110149169152
2568108282
210424042
1090529108956725248
824279244574330881
193352925
1084375028
513825629
16163639
334715818
1356030014
1058555925169094661
252398355
182524533
929801847979642880
165039823
400599700
2773918108
31440210
19822126
16338005
1759181
707846725
722627640570458112
14407458
1040504138864513025
1322147473855549441
20934272
16485191
26612590
1317568613189062656
355854830
17469289
846856945919242240
233338979
278333109
1267368550651408384
259001548
4372521681
41981259
3063933906
132641879
1259587223663632386
1278693539887624200
1161645520009486337
850036892
1599531230
934443084263448577
1109145312227217408
39753444
1144128948240035840
1263090423343562752
3100567397
3920381061
735024071843426304
173556703
18005085
43906698
1053313199053983747
835504076288851969
321742006
340444048
2716301536
89623491
144639048
2383510675
8865592
39308549
2964949642
33908800
32663555
1273446830400045063
4470405072
1083220166
50769180
39349894
39344374
11454572
1201670995435646976
585885428
1264663304573763590
1266724439816908800
187680645
431049342
237299871
23951440
1022693675250249729
1110434154
350822109
1071865358418612224
1257792281614200834
1215724426915913730
1278604882547744770
1174708184126300160
1248019741312155649
1358491658
1263205289618214913
990317363915579392
2315698776
1295494995441418240
4914384040
58826629
1633141729
928289183986323456
1004735058
3415037892
201009982
1151865853618642946
1679362640
1176624876054036481
121532017
1235671
54666213
985971296235220998
490462762
798402080864079872
3386654009
346438178
2274646646
137245465
1184942455881453571
1285300032149893120
2835451658
999274189688274947
623230663
51081149
1036802982539653120
116319448
775696688489099264
29658469
1280852842862034950
1018778915895152640
18572546
2314815715
1488170760
2409440058
1237276825212071936
379690254
3353061012
553224712
1335397489
1102433016457150464
1127654821086093313
1199091219428757512
1173897105372585984
74760182
2181493660
2918039334
566744765
189305014
3313329508
37190937
1234133820976357377
229833552
874749683880656901
739610364975808513
192615461
3047722897
1219334475080982528
976793737
1000503711330791424
1056190234692648960
422153063
18856867
590211920
19211550
27000730
837555557804339202
1150499193267654659
1178885056884039680
1005947350257319936
15567770
21149672
3486419713
3165867999
1156948199900422144
16589206
1237542829766950912
1168587126381744128
1068590422480613378
951302891708583936
1268503520589705216
77046494
2157350385
58348452
1263838572924284928
1248006733466910720
34082620
826261914
988910045139095552
3370328157
31047836
132235973
44067298
908472159571517440
1217559748557647872
1563299498
42971403
5820642
262375914
577055614
1005007371159068673
241072354
876570335537233922
866525988095631360
534881613
1196339698895147009
114605310
372659543
1222773302441148416
2194905277
393469195
22703645
25202268
1180871463395454979
1247621664852127745
856162158845059073
1115725873926234112
1239301297255432194
319901933
61134427
20336988
2985479932
1215684797697155078
110835004
19218053
4889871703
1008598678523842560
247161834
2704294333
328724888
1218336944335347712
389512058
1102987848741998592
183739654
942777101257728000
2915742057
624210678
878087280321335298
118151226
936743236521136128
1047214654450294791
28231540
118262893
1138844783609286656
850194160518823937
1147598862145728512
4926640077
410318537
1129532119192096768
1145702015374438401
929330286609002501
3154508072
1019625316187295746
492443928
825445747
493353561
2790094203
2554131522
14055458
62312788
1015295486612291585
1106890204294627328
73772484
1267887043
1162899685670965248
1050875642739351552
1286882797
924601099482517504
3262160865
1056734322907058176
1013438433216335872
1063266870969753600
790681628179857408
25700780
1201293563767582721
826823009394634754
816131319033950208
9287122
467661480
1560484214
375721095
763002692893413376
42750334
856288002435420160
1109152011348557824
129019194
1197186629292703751
257145200
1040924881
954124423
233000889
119137286
1146509923683131398
1190856738003652608
3410843525
521167914
468646961
1144346832669171713
3095130883
767960339547774976
2407544636
1084606506870267905
606400487
16103326
1166532699093229568
37575922
984589521986695169
902200087
3362016513
882271951523168256
152145921
471672239
24127811
1164176887712796672
33665720
19017675
889592826136338432
36974428
818905354205622276
89272855
1161150267150102528
865516973567778819
847563392306917376
795737664049807360
19899606
1273961220
1471232930
1161058783486992384
1078460701176463361
3761046317
113137765
618669291
822299610018365440
92844900
2442466385
226194552
14895030
2530913162
1107389470343458816
1084649480564166656
1150650435713323009
1008141607282118656
929085172666036224
4040287515
871735806884499457
911254908921298944
16912983
16740433
1055519571703197698
217189125
92680363
209693451
2822407526
3192441942
26520948
3295347892
3217278321
939677877330677761
1129786341145882625
998528950992359424
1010161668742098945
971157641912229888
64643056
3292463759
737974089915072512
1081290374742724615
33608041
32240593
566852387
305211380
19091173
70468535
35039490
4107849270
962650783182331904
3214466631
23703580
1864191372
17980523
107231140
76938755
1029950284141944832
31046750
771789439265832961
850417140490543105
844434316943904768
4847150713
27966935
3781643233
3105470573
2574636038
1116345515761909760
1096243585291354112
487039635
21888595
801446214784925696
2339238427
936370195068841984
261749735
815388229893378048
979262637191069696
1031747223569227776
287843201
866069141576441857
1092606785108803584
270839361
312696314
960613297082064896
499230066
1511360216
2349347329
2740108585
1474717591
4627236323
2231109295
52352820
189870199
275276082
2432310906
3267456386
21626308
402181258
3018742509
83189866
94336415
855318254
457984599
18643437
718600146619990017
14458643
873051724604334080
1276652162
4717892303
707231479047315456
274567177
1500129642
271160889
16989178
78523300
358545917
3958327401
592730371
721096238020628481
548136534
164070785
83748727
25073877
812135885328236551
313038011
599817378
53979469
196168350
413312369
1030725698460246018
725121719539736578
976853859703427078
1226167963
4105765714
526000287
4498776677
970884857126506496
606403456
27522964
1069720356552916996
