1655618244760182784
2903110717
1017542404801482752
2477615268
1584563155526639617
1615703774286254080
18927538
1261270683285204994
1146509923683131398
1474724420119932934
255626761
53178109
920098539396653057
109036201
1081539363077570561
1689825113665855488
1491818579125227529
1666454451241058307
797123052748279808
1672275460682571780
1598137830315884544
46302096
1559243688483627009
1371651462153994242
1317301474595045376
1311739895787016192
1572643157245890560
1621088199345856513
1624028276967497738
1480342432004947972
906263104404807685
846949171680739328
1524226014271913984
1475847998928310276
3440876476
1601800128440209408
59001488
805223648499859457
1620203520799506432
1424796109373911043
4452836555
1411073029585707015
320201042
1812055789
1572370938875854848
1509913938296639491
1100153326170189826
1430199688435625984
243666972
1298299807497297922
1268032640042414080
1385328245525020673
1477738062776053767
1316849972147617794
1357269443840102400
1255546412659544064
2468063622
1346844429777252354
1370436157742460931
1237348894582980609
272674112
40732348
730965330122543104
183292208
1181581864169025536
860305820340432896
120616455
1347091733432078338
803420516438724608
819200364675072000
856917294093447168
25043492
3090115562
1548656278783901696
1490782033529880578
220478007
792357067847823360
1322060763243122689
1540049959151702016
36529101
1537225604554031104
4405356737
1591612358425731074
1005882189752557573
1534741885079756801
1412945612522283009
1393763420231675905
192547775
1587518299474374656
1517655068232802306
935083829672529921
1530129316901699585
63444969
1577761560394665984
1202368619549773826
927677856460787713
1566464480908828674
1085403425527996416
1521870690630221824
91970053
1458135838898937866
1207446936250400774
754718787237281792
562004519
1273866026
1574855660914679808
975174928277430272
1575682700731568131
1475070971187015687
1457765044612042756
720249568504492032
1231777653859876865
21614780
1317568613189062656
1492970145513279490
1551725959534895104
1453726315492700160
1570749041293791238
1364059003634991104
1192218321149665280
97829983
23465462
110566677
16159747
22021156
1473300282595545092
2911588628
3240255237
158759731
24221173
161773002
34424156
106683494
255546070
365664320
92102607
757461998
95457175
57728931
32124168
1374028701868888068
1179116759665655808
1549177529898090496
1556273824907264001
1366049467460427783
1301699121825357824
238778473
44275769
1482224907702632449
1516450616914202631
1516538817427255298
613106053
34504354
1538034276691746817
1343074678450102273
1071792889
30698313
57682425
1537917380059201538
1366529249264345090
3754338502
806901345945026560
85581104
19379200
59199417
274091662
61243408
711014830
1520802691802406913
1521238553644224518
1034088253761220608
1128006760973963264
95973628
1428464364487643147
112694062
1421620200311459844
523907727
1510629672530366468
35782573
500704345
1226167963
1447580826426912776
153562437
603155306
1410741069797642240
1230893600948572162
37915447
44049753
108712521
37647188
1331041980550352896
1415445453735272452
130956302
792096589191852033
301739713
1493220404
1417242612222750737
849682212970803207
205622130
64643056
1326944856829272065
19199104
1009588379640528897
1327266713054941184
1497711967091535873
467661480
1469332854811377667
28482694
1428293763143815169
1134557769665798144
1183451054559490048
1390762874809761793
15896072
52293877
74085994
14221917
20060610
54920072
18339978
337940429
3221888150
81616245
29704098
2417972052
36644927
237672291
34908285
232901331
1281384941427752965
737675042281033729
21750954
140346375
107417694
46614403
2182064971
36330998
1192091225203064833
236420513
1435095770873700356
1415384176593883137
1066745388705697792
119559815
1064172606100664321
1341214583042813952
1374405687359377411
1476449188770729984
1238277918385733632
1186514928913522688
15711005
1425071305079107585
1335789898586996736
25434845
3131547083
1451534368695066654
1402785621727383554
1467931973616386052
1466827660684939264
95994080
1057114616206106625
1462155823841435658
24752038
14795451
1151947743188774912
1428187757055250441
17879692
1401920103436984329
419520517
1357433217167609859
1357058344826118147
1432845885126414337
3031576944
1224359121538965504
904917683577118720
778737051747225600
932011810235891712
27018747
1179859405430353921
1251900966770794498
182878105
859409582426251269
903228570536996865
3318392518
248888733
16180004
2728385101
1445787361686671365
1122897552649719813
1284247166618345478
1323961025344012288
1415929287497109509
1179065158410362881
743104407127089154
19358830
2724640585
29886151
44403442
48358215
172547634
892192950272356352
2439070048
1067155389169451008
1060260801930584071
18481779
424231697
3403585863
1248438583
2873958705
1063095427698962432
810842690833317889
22375441
801062741570162689
3319265189
90702654
2646280429
31047836
19043431
19034576
90380313
1168587126381744128
350822109
90552683
1060236365886091264
253615476
956162858806579200
1062346395405991939
799348782093701120
2894826527
1004816288298995721
3417717759
405605548
213407496
3845913557
54455046
46776592
234074628
291803958
332663881
1032630342962872321
3435610917
753434301509750784
45167431
141834186
1371747765932290048
1440081518332833799
1345603722378964993
1425143023336296449
4711909186
1243493746865573889
1221441944267653120
1936010971
829066588649316352
1260659514203873290
1283132826448211969
701825647
1432418862448906244
1716413036
971085907028783106
1377765764363476993
287413569
2918039334
39725086
118834295
273206418
360614910
2911813751
931346315677593600
1329891389430243330
14120461
923665572
1126219857576509442
96502351
21645304
1374742915767959556
821441418090659841
1398481667350798338
436852976
1539408684
1290411243011014656
1348838989634027520
1410054474656366597
1287205026105106437
1254789545431756805
3902180025
19931190
18856867
237299871
1353369996068483073
32422915
1194156289305333761
947984296224096257
1245828900187496454
1321618441237864450
168541923
4740215237
108471631
1195888177250062336
1406147958257688576
21003680
17349381
14862190
1186305232604549120
1313454426343051265
274567177
25083002
2649671870
1296375800300802048
1300822617499328512
197593181
1320387217785868291
1324813693754945541
1337184886139080709
1371208931645784069
312646080
1394711704014098434
91583544
1161261376846946305
478855762
923113340548784128
1299330318558789632
1154765648
30511893
1290055183972491265
3538685836
1242657619774496772
968889072008810496
1347757935338737669
14586668
2544653948
2153298295
2417586104
1167258937923518464
1028747714857586688
189404173
1352452541699776515
971213133854502913
1279825561204985857
1386795676772691970
24646702
972569324
1145702015374438401
1142064494157451267
1335296205300133889
54682125
163071725
245526752
1344356576786866176
216442829
3410843525
95092020
2181493660
1199469544131235843
1361785376747122691
1396925553744257030
2356695560
30129303
2883118643
1399011226232004610
1248023789297905664
1262562649465933825
2388042907
57338175
267885642
1963156225
1260362925044350976
1177213504627105794
1325295080505290754
893053242686550016
893075026395754498
1223813417422684160
1398094013832515586
816129593975472128
2242580173
947388787
1211851854071484416
1380284383500722179
239871673
24870433
58334567
376513599
1366546495537823744
1359154454914883590
373364557
1335386736243830784
1186707667428859904
755049773414187009
3346828913
1344681432430555136
194272236
1293765064571445250
1331330328351420419
1031717196442034176
18208354
1353266784321855493
73204975
1181747661172543488
1340191051575943168
1371559065562800128
1371437424337948676
1266326143097061377
1167880418194075648
994275661207359488
1351344303034028033
1303107621206077440
1362601555443265540
20776532
1363982227336548352
2945287090
733450396807667713
1329803277916049410
4862519531
52755564
394983373
1270994015446609920
1269339977000857600
478333148
1048983697746268160
1187837127125622784
17289855
990395183316561921
1372278133009825798
34466728
2395094540
1034816090243780608
1329307685037240321
1352357248866136064
780126064869650432
240760644
1345531730116153344
234357519
1333906855538663427
1353372695983869952
1047813738617872384
1171963197601046529
1354228711466426369
896731633704947712
1286109374855950336
1298445667568955392
775696688489099264
3018742509
216881337
58116764
1058807868
1362509606224875520
337808606
487297085
48117116
3095130883
1362301673335570433
1338016117143506944
1360273003108564993
1268688487403917313
18267548
1273299433783013378
826065164504006657
571602736
15937190
1336354049990434816
548258435
1351598521456222215
14945261
235839823
1353040053602316289
1349170292564905988
1325257937703620610
1351538366739865600
90639372
1324431759828660224
359403242
16228479
339984356
720664083767435264
56838279
2475407894
800707492346925056
115749048
1217559748557647872
1288319695658135552
15808218
91882544
939190598497644544
961445378
15515169
690823
2554131522
885149478
3018960919
26283307
4848301
714614269032198144
1322973039185825795
1151261114384171008
944759630131023872
3231657095
1931893196
142415193
1335294182789963777
1351533288813453312
1351553153452417028
884815772823977985
850507814023942144
873051724604334080
499230066
83748727
18273207
54412900
22008787
17469289
41634520
767960339547774976
918090825984364544
229141520
1291396699697618944
1212806053907185664
38495835
114388293
58579942
27000730
1201670995435646976
3981225735
235251868
1207874097251639296
875016083975135233
1041129066441584640
1123411599467995136
51241574
822215679726100480
822215673812119553
16589206
3047722897
121217779
1689053928
2916305152
759081003168112640
2847221717
823367015830323201
1259751343
1147051135179603968
935368364
2235692570
9624742
17629860
15647676
73181712
221162525
818876014390603776
818910970567344128
988573326376427520
3535152796
1297611026528182272
925540183029829637
1281228758
18604137
2352629311
2770151426
73983073
44196397
1157277186988171264
1275581797246611467
770816940025741312
312696314
82447359
15392486
33608041
110835004
9287122
1881296893
590211920
44385628
1246440482760085504
627626609
1082209549958828032
720373269803589632
1102987848741998592
149681153
1237612672373248000
1204118236918435843
1335245473905565696
2996253413
4041824789
877985300466745344
953983428696924160
704943112217608193
968204866760970240
1061347890193301505
1101155156295598083
1133781254959239168
1009049424599937024
18166778
19218053
430694565
2366119861
1108472017144201216
753195112176480256
1087380412089987077
778763106289758208
3932768472
246833307
1488170760
1275466072355999744
620571475
47437206
46671731
187680645
1048012125141196806
586707638
18708396
113137765
1294460020386603008
1269452617551212544
818927131883356161
1270531866634878977
1257792281614200834
42958829
89820928
20608910
50325797
21111896
56223278
759251
2097571
15012486
14173315
28785486
8839632
25300308
186646579
22055109
43919633
2332354080
46681100
18646108
71294756
14529929
22771961
1139029234163245056
23022687
2175836343
165039823
3063933906
960943202000883718
913233039832043521
1099343905634553856
1124437754790551552
32503010
1325532284410241024
1176229636486979584
471672239
93755660
770781940341288960
4121225056
1324730112814706690
22203756
726873022603362304
2303751216
16989178
19091173
37535548
20713061
1137905412915654657
907049108
1292227343612813312
1214604162547109888
1190856738003652608
3158234814
250414171
36935647
1278486500989165569
872148729184362497
1290696356194000896
17497628
50695931
925851505223012352
21657697
18001922
18124756
1319921
21305757
14920785
17074714
34738598
23951440
70468535
2438831503
855318254
1031747223569227776
1245631580422303745
1201985743729524736
50769180
39349894
908772630
50508101
493353561
3078101607
20064348
39344374
1086293584108752898
1267620251081928704
847288098916413441
18643437
19229951
557253118
1148711615686160384
2581241742
16664487
1920504373
736548885385056257
1064737860459421697
52506061
2832500723
2720718104
29658469
137562115
14554800
29252906
25797229
17787705
1917731
17918065
592730371
22703645
78523300
35039490
1558028102
259001548
818948638890217473
1209936918
878087280321335298
29097819
930935539989180416
213491014
248113252
3024999299
2881262153
2231109295
169686021
3267456386
902200087
52352820
2349347329
74760182
209693451
27522964
156411211
35184346
2835451658
15976697
309970677
14458643
4914384040
599817378
719024310468280320
3331049625
28383739
2238438792
554692292
1027373173409505281
40517770
1090755703717933056
2258332112
64635680
180503626
866215616
54277123
55459700
375721095
121482708
1367531
3165867999
48467888
885283199307436032
845728536
344900436
2590075158
878247600096509952
19599446
457984599
39308549
19738104
2312494016
1116345515761909760
25073877
