1688407391589593088
1708659228322537472
1680448836920045568
1586122009699753984
157140129
86024141
1531120026073280512
70648607
1708672823898882048
1618094565319229440
1707893106094256128
1706625564298088448
1649243094431289349
4739995670
127368770
3046656495
1630388366523916288
4891451439
972631922894491649
1655618244760182784
1656313448815292416
1607603673169031169
1051497238340558848
1596316458283401217
1676819768311947264
1617684538586537985
1356328465449021455
1706448161726689280
1434512322832310274
1708452088999747584
1699580862541484032
1699543240741924864
1674888609252376576
1625157696822423552
140424661
1593640770866659329
1206384726090477568
1490819171105615901
981990909494603777
1478117195645284353
1311650148729212931
496694878
1324815901208809472
1599835840666271744
1589459911569600513
9231112
1659678616815296512
43593168
1404913387734196225
1669861533499662336
1521387526904295424
1682423385119227904
1582913362228563968
846476049747607552
6751042
1675653882351853569
1634706302587863040
896537817865703425
1093724442285477889
619566811
421434162
1474411411015147529
1484673074121293824
1515944274105634817
1686220644835549184
1680131953369165825
3243814829
3290709513
1574662936445984768
892067914055991297
1703868586891390976
1588558128483913728
1691159883658465280
16408397
1650252842723078146
1665180616281686017
1481428231798804482
1698084181387939840
1684897591362764801
75362654
1698897694117285888
1626372892437929987
1032038947491336193
1611398015863898121
1708136059580608512
1705005365191127040
41378284
1708224100810809344
1692832315846672384
1616159005776248832
1485285771141541892
1592364587923505154
96222142
42570675
1676692303145054209
1690502614251921408
1617495844143472640
1693168981526409216
1705725614442119169
1654978221664874496
1500160140854673409
1698692707453972480
1624220951830228992
1601430798384644096
1682532544770654211
1704051874586882048
1186404293944991744
1706546726406901760
1693064741223280640
1670055583536279553
1385629740065771521
1178988967540219905
1081653516240932865
1681989589764829185
1571968981707227142
1687511858486616064
1704575288619798529
1519869237854056448
1112491455715700737
950443995162923008
1683655348433956864
1688832351688622080
1628788555140014083
1667565223476076548
1589599372685328390
1469285308881686532
1707974415860879360
1707958344374214656
1509589350006366212
1690431500330631168
1708152166462914560
313782690
1707103326729609216
1685847228466802689
1700004228952133632
1520700118739038208
1689564826115223552
1689504448958050305
1459375428972519424
1696535059430625281
1594137830154014723
1706042842513084416
1518790644440870912
1705350638941741056
1697731123411881984
1705331428378935296
1682524629984845825
1654998299735212033
1670345619427270657
1690972905658802177
1613551351975510018
1696896693713752064
1706937534918410240
1585581239909568512
1408898855542968329
1682283493584420864
1638800105401622528
1618561262211792898
1707063966654980096
2450663376
1705890595493806080
1679421375461638145
1704102344298749952
1705977576458493952
1675180096183848960
1665595437162831874
1706964987346911232
1476385764216737795
1618073467731034114
1685114627024121856
2261798839
1660162545284464641
1136426434807734273
1347239011941822464
1519720992628740096
1706702274557280256
1706706141781041153
1564362520982347779
1702400035231559681
1706456038940045312
1685487912563937280
1706285891314929664
757624218808836097
1706103294957965312
1702402115124199424
1706055297142276096
1585911360122232832
1619835688907579392
41843185
1674672459939737601
1705305472272674816
611959521
935517692605366272
1510670454670991369
1543785184998326274
1705901765667774464
33127572
1588648950063681537
2754342171
1549168497359572992
1586581645481709569
1688552111775064064
1562911623370911745
1655010147641737216
1385522731282743298
1647022299957325824
2235692570
1141842142115106822
1684628820547035139
1248007248787443713
1703522785622913024
1368598350564524034
1518953937000357889
1581253175394373632
1685196183357345792
1607492614776840192
1647313636031881217
1268667676907278336
1508560877297012738
1630952318
1705454402071609344
1644368914586140673
1588917838118543361
1335413568750182401
1472938785935560704
1684955578018271232
1306988153425858560
1650323889363484672
1114260351212773377
1577125129405988864
1447064697707040771
1705120708290924544
1609317849973006336
1659056436058390529
1421974128467357699
1460912082
1530406450983469056
1153679891902140421
1677026489881993217
1675373737720283136
1705247001263149056
1608834720971759617
990306702
1397301460510122001
1532534054360334341
1696378717092900864
1633351059593908224
1705521934451294208
1655003303338708993
1700491681274200064
1705133752014303232
1674416645371211778
1680625320720834561
1655000724563177472
1704911018281836545
1704649052816621568
1704641054450855936
1704638958494265344
1656318372999581704
1654975228320022529
1703020588707590144
1701062493496569856
1563000643010576384
1553846581127815168
1703663383025766400
1703551188895936512
1703547410042290176
1685789235474046976
1698862958066167809
1703259966939746304
1489586741128445953
1691301659878547456
1622692044899749888
1506112193061867524
1699016272976154624
1669239770881433600
1702562642970447872
1298298712246988800
1691615884475854848
1685484184070967296
1702352412256669696
1677009007716753409
1696587732460662784
1643436041498423296
1494993959768272896
1694547091098628096
1702149264674361344
1699104400168419328
1697793852256530432
1529897186552586240
1700033454686044160
1520753109282209792
1701594778369245184
1674490980748128276
1552422934546812930
1627439871219404801
1057295109782269953
1653135733870174237
1697955945446277120
1685915041302822912
1568111195777028097
1662641023909089281
1368605413
1670261661066821636
1022335938704355328
1701192004540026880
1155537529678061568
1572241161741565952
1697611160604884993
1697989147057950720
1693050336
1697318012011917312
361540511
1700703261940940800
1585845670254108673
1700369343085731841
1518761051961057280
1695499466403401729
1633154841068335114
1682132860478816256
1694007169815859200
1508464012878614533
1409117723704008704
1529362086417125376
1689091823015436290
1484568489536933893
1435246070511149056
1617955118896320526
1324382285102227456
1699058504529817600
1578941235271802880
1699448506467897344
1675650061039030274
1661531995216793600
1486690460961804290
1693225702915534849
1552864944034643969
1692708366303318016
1674275674184638465
3347064003
895262112
1698959315158405120
1570693541092855808
1432586043954450433
1276172177973358599
42477928
1646002133030907906
1648960607780241409
1655323731575578625
1249022797466214400
1698791917444640768
274537655
1612612739632955392
26063301
1562145635637141504
1582380135105417220
1696543084782174209
847182128487911424
1697379767983480832
1688671010520793088
1523897464834912256
1691130508854304768
1434076292
1679620433039990785
1520326131248992258
1581694157726302210
1698070420862238720
1499126018455572480
1367744570658672640
1627048423437524992
1682177315365695488
1661485929041731586
1673897037274701826
1618110252888608768
1232113417579790336
1698393518308208640
1696286358447198208
2977015003
1681102883947675650
1697997391830425600
1672984536957984768
1665413702059786242
1688329004888260609
1454479865995042820
1146509923683131398
1698279998908493824
4860560228
1697907077837193216
1667882939009454084
1585837199752278016
1690516503504769025
18767445
1696135248063696896
1595484469292679194
1585822019194540033
1660391795883139081
1495321838485917701
1698084638596513793
1507231837248274432
1698078862238769152
1635433793812066305
487422560
1390224379531911170
1697861239458713600
1667935144043335680
1610901356667101186
1441853474874875905
1549109432952541185
1583554512756809747
1062474586841927685
1694409302491209728
1519276355275403264
1697987057493192704
1683964307027947521
1520619667492323329
1663572859002970113
856716103795519488
1697794516810674176
1696847278785331200
1656904272632598528
1611369055637671936
1697681521266614272
1693370957254057984
1380012342
1506534777028943876
1519911396523319296
809895339771785216
1679507190078382081
1685180826047381504
1697058288309768192
1639959171108859904
1683222704785170434
62316185
1665230395942617092
1592658471475986438
1696984775901249536
979378377915273217
1692638198004903936
1688599587710242821
1509296051131502608
1266264362295025665
1695152118837964801
1602846411082452999
1202042621037813762
1414713255721799681
1888093214
986385193
1681113416633810945
1654321798270398466
254495732
1682345732714663937
1645125362966224906
1274076657251278848
917240386573295616
1696687618820378624
1618251526857687040
1686256665572564992
1617885824808546306
1664636142254276608
1676995163548266496
773219607935066112
870935940
1081596598990372864
1636567458487173122
1595500437792325632
19457778
1667945696614404097
1585868214713597952
1601401737197195265
1642187948153257985
1696433772722339840
1687983444544909312
1596319893779107842
1674936902653206529
1639115538516557826
1645051067317493760
1600483415836467202
1689404414954475520
1694516591084384256
1695781699521490944
1695569122380193792
1687965859363348481
1694814534954065921
1694896235335872512
1695006344397344768
1694924721698091008
1598436867757727744
1693387624096927744
1694276038853902336
1693718075705786368
1675210613042061315
1694023375792877570
1613173386288431109
1693682302491176960
1455706207386148868
1304434284908998658
1692321522642251776
1678160535534329856
1690865336529166336
1691553248245649408
1587583211995004929
717683824906346496
1498777597773238275
1601643658582843392
1571677059432300546
1490152404309917697
1651273769292382236
22443803
1692258109517975554
1692383454384553984
542175902
1548114390
1690912276948127744
1686545867904516097
1669357689145823234
1690870569061756928
1691942454080225283
1684922101558337536
1691640662779940864
1668536198405521408
1690310974748889088
1669671839075844098
1690571056556417024
1690869825470386176
1912308060
1682673586966757376
1678445254830170114
1576506741956562945
1594033582279782400
65862836
1689746095659012096
592560599
1691160138852298753
1687998308823003136
1685304039699783680
1053433710819897345
1688343474616012800
702679718
1505210166211493891
1366897957673463810
444303790
27969039
1271136049486614530
1682149995242479616
1656324035628912640
1645118601710682112
1472739899660914689
1687691027543646208
336765496
1689843912347951104
1541861587799113730
1456333572693176320
1586132665341722626
1631725013299601432
1631862598521044995
1516675108521218051
1688065158281650176
1687308681761943555
1437519701467336716
1596643956124688387
1688523346479046656
1647710383946321924
38353253
1675160886678368256
825434660507439104
1415798535602200580
1625364492140912643
1683831202938077185
2859317265
1683101990266478592
829534328
1683280834701189121
1604972036039884800
1674824133354430465
43478540
944950891756503044
4076154978
1595483960850747394
917103195301740544
1575825268958461953
1689393275818360833
362911509
1625000227756208128
1648133138802159616
1566060144374566917
1689564161636986880
1651711029741785088
1435782477294014466
1675318406092922881
1641889274781122560
1649540696708366336
1677061437988929542
1667358402618564615
1661530807880523781
1594900010487123968
1689451219914194945
1429180217449500675
1680935657940582401
4291527016
1686571163474915328
1590543421818769411
1079098506747498497
1652570612144148480
897335219082203144
1685492570699210752
1594245656331198464
1374139288913338373
295593056
1551251401887596545
1687731498911178752
1687909398583431168
1688713379811393536
1194709407545864192
78456263
1655353145202188288
1618264658372165633
1680382071066226688
1366789622148308996
1668258927555780615
1252000012332077068
1361198145208729601
1657885092251836418
1042563175827165184
1621122274941075456
1457078701699608579
1474453644384870401
1688598953430859788
1687351445371379712
1039669077495767040
1191210152696930304
1674582815567134720
1676957177184129025
1113337902
1667663224173658112
1398376660853006337
1663412658253737984
1462174857274269705
1586486669729009664
1584961703720194074
1681574848261423106
2392865434
1602827452254158848
1489607993872338945
1564042663766228993
1412822157835579396
1655130676507873281
1258200456372858885
1558976841443987456
1675659390890958854
1585888465928847361
1471567404069265412
1661870600124612609
2298174714
1094349923527491584
1482074179663015937
1518655514728562688
1551328494440808450
1607911746089410560
1651231247706865665
1257126742860447744
1687169758913810432
1585737284053340160
1646988694908198914
1518687266570477569
1659635535713804291
1664192079155826690
1519970429925875712
1559745218076938243
1683503757819015169
1667520273958985730
1553768636904456192
1687620951062560768
1671383977238691841
1679628332034404352
1649548469739061248
1685207824387678208
1506722094284947466
1687865800579751936
1436492726510489616
1687707115031244800
133105503
1679566136499662849
1688318417378373632
1267290680252076032
1588899988926595072
1537576368199720961
1431087596017422342
895237080724459520
1688306459296329728
1580709868511576064
1679701352409120768
1675898050118598657
1625177865527476227
1688159208657637376
1679244310309646336
887235743520702464
338433216
1676756575845769216
1680763632014053377
1687687260962189314
1687971682210979840
1683626116421128192
1683949011147845632
1639777878597410816
1683557675605323776
401571568
1685438648114651136
356648623
1651994653288280065
1599948630404009984
1620094966876803081
1687493398549155840
1553084353529487360
1687309133349814272
1674135316230295554
1687263347211689985
1649644395308654592
740704117580926976
1012555974144643072
1347308507998150659
1686972421578825728
48860352
1686144537822216192
1686832267929292800
1684527190501646336
1681010583645061121
1674775722815279104
1686508021957214209
1661121741232414721
1648364000768409603
1088525713655951360
1616798775561060353
1685772458656243712
1591515781938008069
1383117225729658889
1685669415235342336
1674587408141103110
1677199762259431425
1531150555556773889
1680187655596699650
1593378512391573506
1685462510906884096
1601071272871567363
1669064084430487552
1681315338351435776
1481773144427966465
1081019408430985216
1677770710893338625
1603097930436575232
1683430962762514432
1684622801020317696
1612244724286382080
1684505754907156480
1684340723347333122
1674783486274859011
939629223232155648
1683407064658325504
783303276
1519162037355622400
1674174819728781317
1684115855141994497
1598094245184806918
1265451076993646593
1496634623866114048
1662468405641854976
2301428232
1683504778679132161
1677105946596704257
1617550995902398465
895104322148728833
1682059918621421568
1682857987176644608
1676493310054088706
4515421095
957644516193783808
1682563608629182464
1682361355704365060
1676217455012720641
1147660357877534720
1670611768278941697
1681321758744367105
1179045599288664064
1437962968990318594
1680617819308949504
1627963773465001984
1399449164782706693
1505516935735304194
1570376537714597889
1681527381775851521
1678890743375511552
1446590599579197442
1594928957803360256
1639382332904816642
757286473
548743983
1681661022959017984
1672194983213023234
1681604640129810432
1681537006734655488
1518737173192712192
2573564434
1681510070100668416
1679221556302446593
1590911268021583873
1608181242276777987
1490056456103596036
4319800400
1669398193082073099
1519086962409238528
1593075987532681221
744750770952691712
1587170195864428545
1680751687068155908
1502720017808433152
1621016954377994240
1514029516297056266
1361599871824715777
1505578021960712192
1601320779756584960
1643658280479096834
812483858885058560
1591478892971249664
1681124037634949120
1465768395547328517
564130586
850414665926660096
563481327
1182124465209188353
1491510722156802051
1621756061291094016
1648763810793021448
885322266418061313
1294141896944758784
1278246117369503744
751901441921388544
1681369494826909703
1581371057054916609
572518497
1681343836784672776
1368339491534958594
1679603574660104194
1680899246344613890
1649664813193211904
1640542418700230657
723251509
1679687108942868480
1681116708004671489
1660112875136884741
1663630885772754944
1640435358352506880
1674187553073778688
1620301618007916544
1522369074432557057
1680729559451279361
1890995221
1680766152107065344
1231433867220795392
1116822276769570822
1550003213390061568
1645719122200743936
1262324255494037505
1680973803755651073
1603954602612858880
1378657046564798467
2188820214
1601533417740541952
873103540939509760
1579006147503136768
1680795823192276994
1680609901234515968
1680762105606152194
1677350684671328256
1680780873808121856
1625343246552518658
1649810231432495105
769666924657582080
1468468677876006914
1430206125006364677
2588216078
1679677948226306049
1586593374005518336
1549598314345254915
1545384115175919617
1670655302482423808
1628149485716086786
1628132761
23447253
1674826799958855681
1673849591848902656
1677906269485793282
923642583976435713
1475720450164641792
1680258202007646210
910901565694861312
1680298567511195649
1668326935842390016
1024409133473308672
1675949962658713600
1634255134774403097
1622657707042906115
1363222541356175370
1312337002516357120
2147864515
1680378219344842752
1675598233538527232
3273376171
1667208821708603395
975142355404804097
1602439706985250818
1680195786070532096
1680033840755101697
1544542209592233986
1488638184049324036
1679681807262908417
1679739997220483073
1679713062037889024
817513149993779200
947677980968468480
1573336541342171136
1618040843532701697
1679616327676198914
1016056336075841536
1677861572520099842
1597029117219717121
1679520466669559811
1675393889350320130
2927417655
1673605572078305280
1653200936314208260
1601153784192897026
1226943154714222594
1679180792042340365
1182897097567170560
1608390506710503425
1470581475254939650
3248597385
1679190518134079504
1518690130483048448
23611333
1674947671973568512
825804935862292480
1505061926358986753
1511407713439424519
1679091064228007936
1677365779388407824
1678999488734679041
1678570452166246401
1566544476197294081
1455751091988094978
15168310
906746404659515392
1675356428242939904
1662509965683171328
796417730198937600
1678878741886271489
1598287062284771328
1649995644126519296
1575674464531931138
1678835729491718148
1675990680114454534
1669093903499427840
1676292529665220611
1380339663001489408
368791859
1491873571039506432
1673168794699829248
1614461942852161536
1678554411545575425
1593217766017961985
1635810379040260097
1639803615811436546
2443180342
1599443084881891331
852531187264491521
1678347193671925760
1454182345
1612356362465337344
1444383714285428742
1676781023575814144
374942255
1677765511592001536
1657790754276937728
1675151167213694976
1431256099114606598
1674527316439969796
1657575715641135105
1440452042980352000
1677137772493127687
128685681
925507456775655424
1676760987855192066
1647102817520308224
1675836187188027393
1543880729960288262
1603181051035140097
1430187217230524424
1190349752338132992
1676869164038848512
1498228996219502593
1676595312180248577
1490461608094552064
1510784520483745797
1619941442130169856
263294168
1574818938013110272
1519410046911848448
1675030349485690882
1594979006851547136
1676634014365659137
1675620908050927618
1494838191144288256
1228029169520533506
805502502028398593
1366375334875193344
1674764840424943616
1445519469435031552
4082156954
1594901595061362689
1670930129642733568
1676444886315180032
1665550172754149376
1674959501189869568
1675083218490408960
1676199350270058496
1676148574709768192
3478623252
1496499041932357633
1675977512533340160
1592872706546057217
1580302375360892929
1627358400232189954
1675636454595129345
1467229063534329864
1411853699442528258
28234624
1397178257825484802
1563877248033345537
1470603898784149505
1675202543524167680
4866281908
1569178628977557504
1674909306456625153
1674536031310282752
1646935579244765207
1278099265387200513
1674425379472433156
763410821691109376
18349074
1076627956418707456
1655390320027156480
1674108162117337104
1590759663439679489
1606117637095923713
827310127837503488
910597304255762432
1673724235024412676
1634737601297932292
771724389071093760
1501831540245889026
1059130020990459906
1419439982440243201
1600962220979994624
1515326752838594561
1552799275037339648
714187887500242944
1614032525810188293
1516885194606743552
1347577053906956288
911306699935567873
1467546458123603977
1354873631004913668
1494725801262129160
1160894415021510658
1621382046059991040
1661745103101390851
1532081734279483395
707009427375652865
1671755165966163971
1649738699431632897
1663064110638985216
1651719050161016832
1671398837229944833
1672537022748307456
1530717146157834246
1587869866630987777
1585689610889269248
1671945221767135233
1322704871825547272
1599670251259678721
245100801
1664489993329418240
1621707011141566464
1499965008033329154
1625271607982784512
1671879180626329600
3183924890
1598035254060716040
1483992266557509633
1628564358497284096
1671412745638494208
1645065448147554307
1671056544979628033
1608596967273435137
1587240117885960192
1409981674662813698
1608282769393684480
1524837278215860224
809405002959687681
1670436065260318720
1650143759408021505
1666902725634711565
1668460343448813568
1641159464584900608
1477818670495772677
1661172709504569344
1652971439077617665
1518815025233768448
1668140061370765312
1669841823164923904
23563628
1595628340362240002
1586130708091011072
1623451568002695168
1609426299155775488
904364797030002688
1588599067185135616
274567177
1668480123907997696
1508470228686196744
1666477216367009796
1668114022518996992
1626052039393562624
1665526698987626496
1628528693827055616
1664804749198393344
1667316106774605824
1634933381099126786
1666650433857916929
1585852147702308864
1494699667132715019
1666483922031501327
1657589257790169089
1666151961953959946
1666494127226122240
1482065644761796619
1657370310079815680
1519490816045203456
1666255567411728385
1155848933480046595
1659316593883480064
1578127149822869528
1665746020221833220
1095083757026070535
1428581101174345729
1665181381759062017
1661920262294589440
1557457938125668354
1663914077830127619
1632116023028772864
1665432146822168576
1665330133522350086
4554321732
1665291837882474498
1650085077202894849
1510388126245695492
1661727306782498816
1665055583609790465
1658526012215263235
1597601454239408128
1446417350803210240
1664624406352601088
1623441417124352000
485296454
1653444296245383169
1651885272941084675
1247564805726142465
1540457459793412102
1261062542840877056
1650724305867800576
1663868368925990913
1604694070907080705
1663709976349790208
1633897716936744961
1525655402527989760
1663648102786519040
1656280704395669508
397100896
883081904
1598156961270632448
1594139034946764805
1548961078427746304
1428084321684836353
1650998375326658561
2326242625
1653189304191991813
1524572470937722880
867977889622376449
1374013916477583363
1253137288428531713
1647671733795852288
1430970979103150095
1585911835433218050
378655296
1590048776869351425
832464427429425153
19093988
1536059784528801792
1137797476101054464
1471293082331238400
1156189549904781315
1578962814156382213
710988510954545152
1602831030205153281
1587262969183879169
719030198
4854145157
1494648920
1229867212116283396
456575942
1481492343614320641
1655061962781335553
1272778851681271808
2209700817
1586939104427745280
1662432391460208648
1662425166008422400
1585532522779353089
1662296463517310976
1661973683882061824
1626663450137993217
27177047
1522051963114131456
1661534427946827777
1296012880970539010
1535064011229868032
72445899
187392431
1601303090908598273
59699238
1661426843298279426
1660317559022030850
1305018445067583488
1655720395448913920
736186239846649856
4352470153
1661146869676777472
1323838524240453632
1460825821271273476
2803859929
1532341174064799744
1648245463785648130
1631450433699954688
1594299396501524481
1561077479426740224
1512455396920905730
1656305822006165506
1646943685106343956
1626855435809755136
1518790093330608129
1594363024319684609
1397391709705695232
1268599572713967618
1660444653714276353
1633920117015732228
1585940071533772801
1345484158965977088
1585838784498671616
1265440994117517315
1585893485294616576
1604797303910539266
1470788693405413378
1640866082591309824
1658651157554757632
1658550722336641025
1521990758743814144
1611190577177178112
1564953879850225666
1058148808914337792
1660351653365653504
1649909243586199554
1658279854742163458
1650169771260821506
1659189241656774656
1430618614034468866
1655478415867166720
1659080637876170752
1651695996588441600
1607918941585944577
1403884807965184002
1652411414374391810
1556651262690660352
1638009983433338880
212867964
1480017748788842498
1640410041915260929
79805695
1549244730768179200
1164980763059806208
1310432034217775104
1658133690629718018
1576427748
1518663059706986499
694665316924821506
1653938074529812480
1654253612753883136
439373269
1657479868995493888
1155552383834787841
1643681329115189248
1467530159284760576
1595989904806318080
1648709434678321161
268496896
1656787022508609542
1657054440988262404
1520996829021675520
1180516971449917442
1656729990220611584
1004420067243712512
3013044055
1652941127769522178
1655689303811399683
1616608684838199297
1400986218695954436
1656206777916989440
1656072153073356800
1656170907369349120
1518799088388653056
1523409939124817920
1650238794254241792
876801375690272768
1599942286523219968
946135668480204800
1526430313932627970
1519294998302412800
180241540
1586549748076630016
158200449
1600057347736494087
722077885687836673
1322396912931069952
1400146851135905810
1500596501793411079
1646956405990084610
1115724182
39477063
1655747461841842176
845567385935450112
1519398658457825280
1586904150528385030
1655394616126914561
1655687279036203009
3364510073
1594195527381417985
702603072191787008
1655610007000596480
45554560
1578034956470611969
1518706073569538053
1641443936752504840
1647140271983828993
1626525629704200193
1654277489865129987
1589329991166316544
1053885787
1488440827965755392
1594709959308181505
1646966674522886158
861970288824774656
1616082030915117056
762024240
805817521
1528608368453210113
1610283860377407489
1519411001963290624
1639696431656349696
1529702410188296198
1553587770597187584
1503405207148904451
1146934121714728961
1643123044184109056
1091455695474413568
1650177807757221889
1286925678365929474
1142540378614059010
1654894699474472961
2188580912
49898007
3008630318
1482402312677060610
1519416797279125504
822587102424612868
1647318499373481984
1540076023940874240
1654632690254217218
16067890
1654272091984674816
1654768892924014592
1263006888460984321
2285713092
1488775241417445378
958795218953867264
1271491865368580097
1653382377698369536
1654154618635681794
1503091465710407689
1654005243183779840
412756370
1643055401053609988
1618071155117531136
1649237147776610304
1167640104128659456
1592931350805450759
1585480329246248960
1651390537579020290
948829885371486208
1647765973645000707
1598029956377759744
1651755708319256576
1585788926526119936
1199144933153812481
1173574226567225344
47554050
756048673033695232
1642154517411033090
1653883434719166464
1578178917617352709
1448368776383275013
1966630022
1495232240573612032
1653174751953661953
1605444313588047874
1568742433802047488
1468393918735826946
53541412
1651478287015895040
1652190025323298817
986846316750778368
1651785354788356096
1272597290809733122
1586837382694899715
1651130648239935490
93565843
1470498987547447300
1323818456286855169
1603732432196456449
1621117579833081857
1651093458055053312
1649700774656774146
1593837317617328134
1466785583221678087
1253921603265519616
1650922166378962959
1458830050736943112
1470964797453881345
386646789
900687845467328512
1640621968167952384
44415207
1539722379533975556
1014696506635571200
4790055615
1640832837396955139
1649525426883112960
911896968338616321
1520921454803570688
1094518595714015232
1482043476669833220
1631815513163681793
738812093005107200
1597735163592671232
1649947821129322498
1649732684925501442
2688346303
1613949483439591436
1631363024115097624
1568906706226413568
1649474904331534341
1649482653110771723
1647769750922043392
1649241620531888128
88837971
1608191063331676161
1487666362143191042
1134221604983123968
191496132
1286782528855007232
1429130860939431937
1533325978151399425
1273515602393489412
1380510076113461249
1298609179700207616
34045245
1585864292125085696
3004062205
1574845251889631233
1343661265567285249
1101271944970846208
1467705906318217216
3920858381
44930067
1524121177349705729
2864961935
1620532027530399744
1648046768267972608
156005263
1612906327574978584
1370198021921734658
1648117527896027141
1648115450658660353
1646991549522235395
1585699579554631689
970854308588802049
1645506944235450368
4021713373
913406138393124865
1267224919563067392
1647776833071398912
1585837951090536448
1615972021954813952
17289855
944575404152688640
1645971713073479687
1644042177951985666
1646998833442717696
1530698935693717511
1402785621727383554
2322866384
2397240481
1557961082551025664
1619795059632660484
1638560875853529088
1641158346957832210
1646690960980451330
1642539149382103043
1105893483242504193
818659129
1538577621574832129
1586087761718689792
1644883102571933696
1107006441188143104
1519658009173106688
1596209207279292417
1646149366388781062
1646184468233826306
1591310408241094657
1641493954133889024
153176805
1600883594305708033
3254996508
1450822575131607045
1528575538910138368
1646025654704414721
588703829
1366625820626870276
1453265641
1618768930780102657
1372681436092858369
1591925424011071498
1645624601823662080
1538502124941844480
1157045926785105921
1570259813346541569
1586874505531621377
1586482463223816193
1210039087681290240
700201861
1462443409541533696
811291812
1645178485604859906
1590475053992329217
1273361335410028544
1618008413824516106
2730333645
1201985743729524736
9287122
749443006315556865
1595251575232122881
971083028893061120
1642850746885451776
1104165722996043776
1641563163911938049
23273496
1371274036332888067
745075190695079940
2910455945
1506116753893568512
1639330446927429637
1524226014271913984
1643360971518271492
794862993553047553
1292282355978309632
1624858270614671361
742129966083493888
1326339369880473601
1367242905048526853
1269058193340104708
1635702623956246534
1643000656557662208
1642956745147293708
1046650817019662336
1270389025749323778
1488977912128843779
1642023847405711360
59001488
1481796977151164417
1486870649327042563
1054669807537156096
1642250121864724480
1325177782196822016
1514465941383356419
1048725651950190592
1277696893443866628
1601255953093234690
1585979251936968704
1640750394128171015
428719560
1501207325432074243
1582530161710448640
1554780563193700352
1514588678005432326
1441927442856177666
1612417448481009664
612126500
204559382
785235502815404032
214557666
1562889636317315072
295845609
1347049954276241411
2573125288
1432511238072844290
1604334092044189696
844755859846553605
1504447133335838730
1380939469201756167
1506813745183399937
1342340769840050176
1638601959073796096
1445111225692590086
1609675365714206723
1641085974393548801
1641062247328874497
714446259277406208
1617974087820738563
1639404669746249728
2293101835
1370213157218656256
1585845309598359554
1131419499339685895
1640415456161873923
1618014545976430593
3391217475
1640033335345905665
1558350899055132672
153933067
1633821070062149633
1467674785480159232
1540165053760126976
1639692801406382080
1613323500160454656
862065266879995904
1516840579308699650
1639667846690086914
792634013634682880
1520546652657897472
1586593700594872320
1444706261191245828
1638964123932192784
1586841297272377344
1639062989037883400
943488587345129472
1002599577323757568
1422444191540551680
1158856892376125446
1638603380968022017
1638950186633289733
1617977367682580489
1468080735601184770
1345934631397453827
1519003474955882496
2750679269
1630787765087477760
1503354507207778306
1067244834212200448
1478893991932268544
1523356313266409472
1638634932212776969
1626485190137720832
1616521272774590470
1600757300209369089
3051195289
1627949800644829184
1461055693688029185
1502074389923352576
1622436236953518080
1558876289330733061
1611775553475837953
1355313301044031489
1611921153353809924
1357764031960997892
1424318418958774275
2655645583
1609261258116677632
1588883404640206856
1468126534959517696
1618076784334864385
1586821222859509760
1402553255343706115
1325293592395591680
1547449830582149120
925436182540021762
767387245724729344
1395023043009859592
1635717476112531480
1117122680451416065
1006289924142915584
1635535011964424193
1469074325026205699
1144794601783529472
1319142307162169345
1626423642459447299
1483827653882920961
21150888
1637477184670666758
1312145943341551618
1592747575945625600
1243674047809908737
1621241060193099782
1468083711228870660
715577457009496064
1606086006628810753
1637784822499233793
1581637545867313153
1617932570225946625
1637902035038216194
1637749377648173057
1636795532067602439
1630313390693384194
1587280003573637121
1632562358349332480
1619814484318593026
1586060873822519301
1366592331244314625
875412475000365062
1586002145328889857
1633910741752500225
1518746384903540737
746831792221601792
1442346951685464066
1467305555689500675
1435707779436658693
891087683006717952
1461775131307610114
890350352154804224
1636851199738609664
1635740259957833758
1636585785859223553
1351301094740287497
1637001404362682369
1628832367518392321
1636851066254815233
1618785800308801536
361103236
1629589652544913409
1299515370349441026
1581322626
591882585
771616187264315392
1145217215609942016
1586386934657687552
1047611875234603008
1452504600435560449
1323760965469589505
1605711736656445440
1602083812137000960
1617863766213005312
1634003992299683840
2402650117
847546342037696516
1450263440187068416
1617192567711432704
1585812821811544074
1618105328184299520
1593940499307499521
2808126168
1592117831147061249
1585874955589373952
1712781769
1594504061319090176
1634956684794765319
772784699714379776
2948490809
1572675636644249602
4848018612
2720269980
1629611247829241857
1634538460043427841
1588507605776875520
1634025713639596034
1602515287269670913
1643921761
1634343711260778496
1632800733866213379
1504897338275512322
1607130486811279364
1568549248202948610
795342400239652864
1633604566850715650
1633141977167347713
1585906564715933701
1490536183876952067
1440732858109231109
1389343926595817475
1372562294396293120
742189818193547264
1624573457999568896
1614301038344916992
1577094022107217924
711745325350965248
1430259020468736000
1631748460339953666
1632439838875041794
1586103290198167554
721552373622026241
495487249
1632381203159425024
1611888469093109760
1240199251579113472
1601102587444760576
1514395567903936515
1630431684318629889
1617889757677207552
1582212945169235968
1587161913871458306
1518737981649039360
1127965650985586688
1436491127050407940
1598417070429020162
906563641637564416
1575550111173660673
1122030601
1596542978847277064
729301103951613952
1518737146420604930
1585844106261143552
1477771375637147652
948557739285995520
1613865487464648705
1021167317948956672
1508242856267419656
1325625823831928843
1629560701428592643
1468992500299874317
4928280045
1572697848029892608
1617889603511373828
1627884966913904640
1412416433783508995
1620477635569524736
1615864880376197123
1387909119730987010
1466044507
1590475601734942722
1518697270480416771
1519044819640795136
1566963246367756289
310035157
1618092062691450882
1258726673702440962
1618691394909904904
1449120302739308546
1384187107644608517
1606771564850061313
1630232800950652929
1207713236990275585
1628157888798531584
1429975483802820614
3300280898
1353140272620822528
1629695530832916480
1423549149220380674
1601238900621463552
1249412849404764160
2334911159
1629065795262201856
1596338736165437441
1120910983336091649
1397052430563430402
1343679051345645574
113198742
1628123976491798561
1627803954372399104
1586696637744877568
1378541651526889472
1627872253072252931
1627396643036229633
1583452743586414593
1624582129991516162
1582809206259843078
1369232772607320070
1326182064949956609
1230274618184912897
442384896
1620218205074505734
1386425701222469635
1439055279157612553
894020178
3759496034
1298445818865881088
1475797074935521287
1455372650650300419
878461208025862144
1617921467886313472
77935227
1627395386599153664
1488458759135444995
1589590942033526788
898784706354925568
236300369
1449867414972346372
1610699494613565441
1518703764252753920
1468074109364244481
2263331184
1588337730358050822
1618119470190305281
1620417068410753024
1591454478242238464
1490749755248365569
713207338568523776
1618117375685021696
1598401932862824448
746206196
1287789868135985152
1626762954325757953
1626838735038840832
1623852039209123841
1617867907815317510
1626020646512734209
1626271066057482241
1467152169937874946
1596285822466244608
1625919151704514561
1624585840880910337
1521198237780164610
1429616745837383681
1518917190761824256
1624791670087712770
803704565778497536
1624450105494437890
1282871904064270337
1376251797640187909
1497652915971973121
1622711411209109523
1608298757321375745
1601946362505007106
1597425365806465027
1465511046
1623331131344015363
762363823
1484331161816281089
1623282098365923329
1600332632268865536
1585696666106986497
1622785697756086273
4251946455
1594534595323633664
1366865105577771012
1617968183444639744
1620157513231482880
1585818251795509248
1620937794620370944
1556787824770400259
38790085
1012333676
2320245122
1620478026235645952
1586672143399817218
1590120470526906368
1589386983633190914
1589790237382742016
1102304064635756544
539454878
1620519954712854529
1519818601611595777
1545402143716577280
1586566739403460609
796167710291935233
1602012018654969858
1619754495100985344
830018067711324160
1495500153658253313
218014865
230163841
1619424233444065282
76796039
76686014
237768562
1618089024719327234
34165682
1214762081272111104
1286011565200809987
1586198062577467394
364520491
1072713905410007040
1183159759572262912
929903511252242432
1278613838217261057
1386498554747711489
1612104963336900610
1244674113966350343
1535827632746807296
1225441173679955970
3951452301
1540412440734834691
1587462592234233856
26681853
983735947
1475588504352698376
1548134728305221637
1424774105346154515
1445663808
3039163002
1618691637613305861
472657166
1341500064275996672
1378210155020439557
1117739930
1157425138113159169
1641461054
1596464799516594178
857525965198512128
1601865512371249153
1581724705320476681
1464398437538013186
1612453982135357441
2717529713
1617894330869612545
2880023871
1617895758912520192
749247145342033920
1089083170547367936
1554924397961646081
1260207060827979778
1097893322562117633
2863152736
1580304366673747975
984985991177007104
25029495
1294326095790178304
1519321324321132546
2667287720
1492106409533661185
1597015473626947585
1446622011925536768
1276289327417311232
1611723784133689344
1465500379634933763
1342479009012039681
324832429
1612683940917125120
1618428605167443972
1606332798100721665
1594895624536821761
1617891318159769600
1531761787124817920
1586372309727776773
1618224234538434560
1600383637786365952
1618515716197740546
1251938937943146496
1618401225061601283
1618088724730118146
1600720176906833920
1617899722299023362
1617902104403759108
1466102878364442626
1618146986221527040
1377288277758255107
1586569631308734465
1468148135004356609
1590527437149978624
973330026224594944
1617680016019542016
1536922323193843714
1618083512397041664
1106057400891527168
1598410472373501954
1617961128625152001
1300105948955107328
1600714467590946816
36171393
1616894216348790786
1092663429175885824
1617873388063854598
1602412337402679301
1578160502651453442
1410225006437617669
1365502587156496386
1618049423757516800
1573865876532723712
1499188938900230146
1115491198880440320
1585942157407522816
1557290429762125824
1586135364447731713
751603454217379841
1279136753308188673
1517707409686376448
1591540707679866880
746877644763971584
1587363788780670977
1483824852263837697
1617891290162634759
1097912911291392000
1617990418594930689
1140448134268669952
1617999343574831106
1552969766775787520
1469525927646437380
1516259364969005058
1617986710859665428
1588671288922423296
1614743968381636612
1590642934046679040
1613634009283629058
1596300590744600577
734168839735349248
4652829722
1512111620029227008
1595124296053305344
1593680746572652546
1617222775185309702
899367024903823361
1507923211
1617902245739200514
1588330933165461504
1617516486188486661
1617236404446142467
1616491771932086273
1569475094317264897
1589362717055410176
1144752463255392257
1616101619485102081
1606136199348879360
2811759291
1611597705050050562
1616386866261135361
1608633621161644032
767821251402342401
1615867911599423489
1615535323068653568
1278314904890605573
1615034900498743308
1522987469695852544
1321856468086382593
1615016957203607553
1613655309154754578
1541214622912503811
1606374725948768256
1611806084750249984
1467340048756613125
1251457656394375170
1590919805603053569
1613756225858199553
491420585
1557627149879840771
1129417636885012481
1607020114532073473
1428182246578540553
1613594030398373906
1602760093854040064
1593215976270712838
1613294813629263873
1610797434396893184
1578981876991082497
1613001894854823936
1612533582773485568
1611056206524854278
1596981029776117760
1612606345169063936
1579985584948494336
1612306033929592832
1547238035238146048
1610849409759350785
1540811170428354560
1604463725146439680
1609263348868063232
1610876978239864833
1339313400686522371
732647967279190017
1595758067681054722
2901047283
1609908475810684930
1591117777938546697
3290515911
921138701396213762
1607894281695657987
1242823807
1603962451179220992
1603218081081446403
1424879495295680517
1483163163633856512
29658469
2481455030
1608011146245832708
1606038685371211802
1604681858603687936
1608680648818008066
1466556994710560774
1608313915414298625
1094755914958159873
1606680285860487168
1607046834048073728
1608093395729219584
1526519354015162369
796407663277981696
704970696850436096
405823306
1606110202973270016
1607214149146214403
1596696692274798592
1324119698011754496
1585797095155433472
1594406204566278144
1529200095396347906
1519878230127300608
1318788407238197256
1467241825
1600058021245337601
1604700644228550656
1319038701268291585
1606391518608211968
1606162104989483009
1090339588839825408
1604599983893774337
1872235494
1605670538856185857
1605657500052819991
1335738259700387848
813842235355725824
1605412285031276544
1605370004236636162
1585844659502600193
1598661852015300608
214362571
1603958097478721536
1593458788467630081
1587039643383595009
1271542483491708928
1597405649377296385
993155752591265792
1603425200527343621
38836714
2613263192
2562398876
40828907
1604543517803651072
1519106447618891776
1324428596266504193
1265608714725310466
3258970313
1567675035355160578
1599126483183710208
1326339490718371841
1595987533053165570
1565116143165231104
1326127668
1569940936066760705
1585917969389031425
1129889897022676992
1535458772210094080
897675682645463040
1604652493027278849
1573817872987602944
1602053012708532224
1468664604112920594
1585965911504199680
1604599679513247749
1471312889478885379
382979287
1533604717401718784
1604574857995468805
1145558455140229120
1192211595138600966
1604485198720163841
1558455480824893440
517013865
1505326533459824642
1586566526076854272
1493154977149120516
1359011495825330177
2945287090
1491976443148095499
1602857977177849860
2416564813
1276207812213784576
1474067010464194562
1603217625437409281
1056316671105761280
1604182969819795458
1521638856990277632
1535456985964892161
1519152319094530048
1595552239426363393
1603599491470352385
1590705403406475266
748327206753959936
1483188651215536129
1595710536850751490
1410103875294666753
1603973298479632384
1380749970
1595495537964367872
1067436270308257792
1600090029266636800
1590527124968198144
1431836656223469569
1569207027305512960
1592301519747039233
1478871938441224192
1603777003567476738
1603957237205999618
1603596879710806017
1603417564473970688
1600040136728670210
930913928573603841
1561560101412020224
894421938852028420
910785736902819840
1603587763248431105
1603841948447608835
1603019575062306817
1603439586302107648
1603594180609056770
1586567761278509056
1586427674137862144
1603364414341586944
1596712865125306373
1327063736662827008
1520036276757569536
52755564
1468834389937299467
1600883623032508416
1602028715914952707
1156573178233147392
1080299095150002178
1556924219551690753
1603231633007673344
1586189781440118785
1329231299521900545
1524795115444789248
1519481649934876672
1507537353417580550
1596669135290830848
1497338354018361347
1335064025571467264
1542240672970940423
1586360760220798977
1069158312
1600478395854266368
1518721608436752384
1225755860237832192
762145790
1537404104452231168
1104735450265092097
1521610488844587009
1451015596544462851
1406259174573436936
1602823755340066818
1323435676549881861
1586145655650664448
1388137484
1585543268611170305
1600876407223209985
1602367362568785943
1602717562697129986
1544039046162264064
1487063052784652294
1587070469722742786
1186053038286495746
390174061
1468399485277839366
1581989200030744584
1586145424427155456
1600801204262551554
1195088408940621824
1481060168163115008
1037846141121916928
1595977484801122306
1479614767878733827
1058766722830868481
1601920568135237632
1595470060616925186
1599782824927793156
1598798527160885249
1602197199626305537
1586612432013004801
1518902002796875777
1485331739929108487
1518771686761537537
917859501956632576
1433162932091826187
1589399242971705344
1594519238244540416
1602110467668955136
1594930775798841344
1468484997313175556
1602088608491511808
1589391171930841088
1372410621145149445
3035977347
1601366225367564288
1557368840354500608
1600182333751058432
945698072105046016
1451354159190618120
1502672810350723073
1596110010081230850
1598879863112245248
1586573708726079489
1601662273273184256
1601795152128970759
1601753690297212928
1599931449255530496
1593809878132621312
1598403504284082176
1162823771239124993
1601637551873335296
1551930064069169153
1188162952299450368
1598420731876052992
1585912353199194118
1157950210271694853
1537512606222757890
1601009335320076290
1601284626898485248
1022227271396909056
1591515630418776064
79007386
1598502419918364673
1600708834531868672
1589539650997215234
717557857290301440
1599253152724930561
975594875247718400
1599193113947422720
1519348718285246466
1340802881352589313
1599908149007458305
1546425327534096385
1587517733025058822
1588003454953332737
1258485734312468482
1586365864596500480
1600712353464598529
1556484479031582721
1291816334012166144
1456748077658906634
1599537119894052864
4055734253
1575241693670014976
1261672701464379396
1600936216261758991
1590158089222852608
1580537366837592065
1600920746867544067
1590216380812517376
1600920411256020996
1600492476699115524
1600850473610780675
1599467997286088710
1563924238129577984
2342944562
1531660022890975233
1596185633180897291
1579438880603996164
1600865301104558080
1598064407984148480
1586657014130053120
1588790914134196225
44519396
1590621001250914305
1697761
3410843525
1118375612
3277018874
896576058459168768
1600703165975777280
585445539
949337149169549312
1344303227303571462
1585845334487564288
1597115520855248897
1438159608963497984
1332495262586183682
1393605464345260038
1598586174376796160
1588151105476853760
1596002491296251904
1600724233184845825
1219099069
1592701521631666176
1589084591914098689
1254869052239069196
1255887394286469120
1270445493437505538
1541220528689643521
1294840340541669377
1321220672912269318
1594122544692576262
751024282654900224
1473699520580046852
1600166363460521992
630797586
1273736886301974528
1475503589342670853
783486171598946305
796151032208392192
3246969653
1464701717530959874
39926868
1600424452935778304
1598060476528820237
1597247617859305476
1586003283222573057
1599822363633356801
1600431964997181446
1318503000311255041
1576944828356923392
1449603330054008834
1369347180109168645
1600565468246458379
1600548851450101781
1594122591576346624
106057430
1597633877962416128
1529684195978620928
1587569333059944449
770816940025741312
1382877945828622339
1590724548634193920
1528376155149058057
1577262224
1148062750641405953
2923254998
1033348784347066368
1518739654727581696
1525635717413609472
1135459057844740096
1559845248896880640
1276652162
2408832595
1518706081739943937
1547498897508954112
1089245414505803776
1189604521028313088
370235943
1586591559193186306
1596043515078770688
1594452741132148736
1519105629914206208
1596295044130021376
1587349726252236805
1474084952497033218
1347905410972463104
1436556366273994754
1460775206205616131
713965919052103680
1590796322323501123
1600012885085851648
1587254861145546753
1600316473481863168
1599995278873993216
1479607620281540609
1600281469519364098
3009871927
1586831742014570498
1600305972307787777
1574494604027633667
1301234946141372416
1518739647488315392
56368177
2961614181
1203930762476752897
1468273970650574848
1518916137903603712
1269445930551439361
2826677387
906496428234682368
312704772
1587469583895625729
1483100422856486920
1522009615034052608
93297122
1162174427641106437
951132965471440897
1492004481361276929
1570418662430965760
19769902
1472553683103666182
1544534225910734848
1485858118508683267
1521488031294840833
1475534856
1211264220165103618
1436178913273782278
1591859494044274693
3776396177
550573245
1267981102897074178
1267046909916721153
2751326834
39721947
233679780
1519615087694151681
194208553
1600194497895342080
2240899448
1589301702255153153
1371910192900800519
1494099824391733248
1599443976355971075
1444198189020581889
1586205394094915585
1346643496111919105
2787424682
1600131321543942144
1516806194018537473
318500110
1600141249578782721
1485371451670732800
434573147
1296879352551006208
760175146296483840
1581026944530923521
1597960924056489986
89319526
1084281800460025857
988940417499566080
1249877294513942528
1580826640191344640
1599476497617666049
1590792798650892288
1586319563330883585
1596125708253798401
883450570333450240
3301154471
1384733137117188098
1489515373363875840
1121160811374891010
1599045110041387013
18387024
877659909487181824
887443386084577285
544644168
1536445879812608004
1511743429667131396
715755625
19740500
827393340194725888
1599986520097783808
1053804820233154560
1599529942894747648
1599470690326876162
1518707729417736192
1513234019026194440
1598551312815325186
1563791579693068291
1532839510228213760
783278017
1245881640250982400
1498530254603886593
1226405748831244288
1200542180135391233
1466959482596986880
1479560491223633925
779887317959925760
1347730095541157891
1599996877457457152
1089001514922848257
1425237399337062405
1467511257636950018
2304872762
1210400329
1590497934323367936
1015091410834345984
1467647879795941383
1490536621929897984
329449595
1514344438373531650
1598897205833879553
1531669804800671744
542252673
1526958444338610177
1589411483384881153
1596009369421852672
1467358205000958600
1586003720252567552
1595242276862705664
1247343562771042308
1594746161486774274
997398619425857538
1352398569559347201
1561715162284949504
39691102
1590153266750529543
1598716899407417345
1599563920393445376
1490889768498049025
274825235
1172289543262887936
1468015795133300739
1598671343909801984
1585870727521226754
1594079562375516161
4004075598
1416949629271240704
1585967832591892481
1593627984145137665
2243035448
2898051650
1468115097889300482
1114304111875317761
1049398863235141632
1595572037082402823
756932875061080065
1527233993724383232
72793235
1586155900833710080
1598893922767540225
1250329049211138049
754021168990916608
237157197
1599947679378833408
828260622429257729
1426918431627042827
52176666
1347382598272692225
1558167119803604992
370040261
1525185203710443525
28067911
1104488051315740672
30292523
1050524471168249856
1131187770033152000
53514920
1287956432852197376
20288416
2847499691
776969275156209664
65747086
1468065623863599111
1585844700711424000
2309348234
1535344096423944198
1496944925602111493
1506278623006937105
1559553189241933825
4349283073
1092946229913255936
130254817
1474839194451124225
392580002
3278911273
1591826287424856064
801308356816281600
63033594
1298474764382744576
1225155743629836289
867406554013806592
1547034118524993537
569482666
1556361684943605760
1051910909138997249
1378284380335054850
1579206238558195713
1346106424452124672
52097836
56677301
1307343316623609857
1599817826763784194
1594158761534541828
1518718458556522496
1422333302166466573
1589378811925127168
1424428908464726023
1468701711942488064
743956015
1517732210224386048
1578642403430486018
1599669053718761472
1587249923531022336
1496691868247150596
1598392731591737351
1190266559291375617
82359093
1597397942322823168
1599206804092854273
1563619235024146433
1587952876923416577
1375335218
1052373008873127936
1173822334177689601
1585798055667929088
1599586303313690625
1150399881447661568
1518677309628325888
1589685420266119168
612591880
1486765931179167744
845415791814168576
14555900
1482451453209976837
1599140824821813248
1522459719473979395
1515738182607937543
1575212068445179904
1598793165162651662
1558276223436029958
1574487525200216079
1388211538817921025
1599025241581359106
1511504876802519044
1599068165677383682
1598936658975502336
756063894
1258140259193425921
1538275241448902658
1594291053720473600
1591336827960627202
1598447278527680512
2782773502
1507420938048274434
1429739328549261313
1458628803538866176
1598809236355497984
1435892302711382016
1496712085648121858
1597379828654968832
1585121987462107138
1468206100965203970
537100752
78892041
1598698764142780418
1322454106045214721
1064703568832356354
19431787
1372405727587893249
1595987303276707841
546191682
1598850742705684482
1597351810108428290
1312729889305317379
1466773883797876737
1585729773481103360
1598608119587753984
604742369
1108024393941184514
1594462965448994817
775519388493500416
1598349663718998017
1598794044049694734
1209532216188891136
1510754714085777409
1591732891809189889
1260026418739638272
1598772404880228352
1355418243473657856
1299477655822106624
1598141134370492416
1459232375032983555
1281023018207076352
2608654448
494712154
3189636997
1598498945986076674
1527313667162681344
1006175230715457536
1452151098685288450
1308083835507290114
1586062913260982274
1597639190107373573
1596890963753975808
1598709818839117824
1505645644320440321
1392332546118066179
1529599422434316289
1586635987068780550
203624305
945370717469757440
3011670129
1596939507747766275
3532802183
1571613241272565760
1597637856343871488
1497724169143951364
1442108763989680134
1519332687324061696
1273762692
1499051128574869505
1598621574604767232
1884609594
1468069686026076163
1069607683718815744
1496675316885962752
808213391798075392
1269783966179082240
1586192451823345665
1221642211521155072
2493929893
887361512603627521
1496339745433169932
1082832521665150976
1596688403969499137
1290117756315037696
1598536469274050561
1593962765332389888
1597956405939552256
1589127292340633601
1598528889495625731
1585683731234291728
1537617271773872129
1589640073305202689
1480739500229906432
1598179053496053760
1356243236
1432458484898017282
1438534902098452480
1590429410095763456
1462549851829383177
1596382369283715072
751132417017217024
1380010369050161153
188411919
1568612171176714241
1267719299470221312
1519005650021502976
1589987184907636739
1190378416849203204
391798950
1519057432143667202
20714339
1289026518438617088
259499890
1597454994801770496
1592406005521997824
1339067556959752192
1594116077801377792
1349383622898417669
1589611791046287360
23128481
1017735930516516865
1597465647390380032
1490128377776201728
1519243116749991936
1598157158805569538
1527596650000265218
295964910
1543425844835540992
1598120847612461056
1586254532966723585
1515687912377094150
1551715014163271680
1598083921509498880
1597964122724909057
1534042866049335296
1518740920329555968
1026544406558588928
948861001402896384
1598029149288931330
1462538373218942985
1586622399264563202
2540743192
1394090317226418185
172169670
1594171831816257540
1126493340097114112
1575606118360834051
1151534251864723457
354927113
1273275461133615106
1518687182667587584
1153549426297733120
1594531897660481536
1597688498861088773
1558000409817804800
2182421065
1480048583172755457
386776508
1586401455094861826
1587458344897466368
1597922876782280704
1597922058268299264
1518769200206131200
524623069
1519338715012902916
1348922182144032769
1596131588697358340
1594626009764069378
1319207131195887616
1584955172983283713
1583303323
1597451555137097728
866138873918660609
103661319
1427718430799585294
2381028061
3913045096
1596101149840797697
1317321965376401408
1597773558515732480
1589704688416481280
2850394203
1013497948531904512
891021229909585922
1324223208778813440
4746449018
1448204750248239111
1389552351275536388
1597430320705437697
1597181915681153024
1594160153787514882
1597745257759768576
1590581883661860864
1597324158513205248
339399814
1589873270165307393
1027061588967096320
1588164393937895426
1574902188022927361
2249848610
1414107324
1658893915
49271179
1386067400727007232
1567292207434010625
576245202
1520185433724002305
1585929128317960194
1597704751092846593
1597701989789483009
1597695354597687296
977153626518032386
1590142379192877056
2987074678
24724138
1495599671900835853
1586800366036959232
1596920054192406535
1592567701557346315
1597369968504578048
1504965524374974467
1597668588021751812
898235613458989056
949058903135879168
1573880395459960832
1007376683295543301
1564786257552629760
1257360545096830978
599456526
1498109201486434312
377066746
1590641302537965572
3591987254
848402972
1267784774287896581
820166657394012164
763540535470649345
1468086012203077634
318750025
1426668222892298244
14911991
1472788374624907267
1597457570821701633
1592632773357015040
1431823017152290818
1395745898861367296
1585984264344068096
1433623024830455812
1548982457793499137
1497421310170914819
1586828153573580800
1424509949472817153
1594266296094543873
1445224176151842819
745072058598465536
1285416254346534912
1087976118
1394628123992469504
1597421986044473344
1518995169131089926
1286415466412613632
1523032900622503938
959339849504366592
1543321001634799617
1595461563195924481
1094322184053448704
323648210
1585757912584044544
3668700561
950530119013191680
1519330783646949378
1597363536161816577
1597240289663541248
1596341998226751488
1584566291985211394
1514569197543563265
1595444772050698249
1472684218891190277
1468059910449422336
771033403282063360
1518787086555369477
2332318780
1595512162918797334
1532470340005208064
1477386440011132928
1012743048873365504
1585814449256013826
1517887478870519811
1591135152989736983
1340268067637571586
765909323545513984
1586257264867876864
1334316766269468677
1252945641485074432
1595506754888114176
983854411377139712
1579256576220741639
1473728239973670912
1327713193326743558
1596982618586767360
1518720121661014016
1596350230135558145
1374434029819158547
1480301523569721356
1532117366355656714
1518665087669739520
960793590397095936
729422559259852801
1521788261437513735
1586613785833476097
1378601403904630784
1591238906351075333
1516332619364929539
1529202848163958784
2885225217
783842160374321152
1549797358849761280
1026534131541467138
1507441879209725952
1334974038
927270566217650176
1596999057221726208
1518809596634095616
1589381019832123394
737653771
1518420306960003072
997556338531225600
22283969
1392272067408633867
1597058071792128002
1154146406665469952
1586645332624130052
975057526730448896
391140143
210405113
749770281871298560
1031266421874012161
1415165880296624131
1438837385291239424
1591972104358006785
1597037375951360000
1593374948613054469
1595546147380142095
2615949556
1468118137354821634
1596146203095351297
1441760825933320192
1594228879249530881
1586792829426307074
1595682647296167936
1590570335337910272
1113686180942503937
1595353753489735680
1509753190367080495
1586062213982330880
1594439910374588416
1596998605436604417
14153459
1470637374971555842
957152745231929345
1524876840111706112
1554945905974992897
3158221173
1170294278
1575974108419960833
1404560997176778752
1554042517104238593
1596411307674128384
1504494879510044677
1586004239733510145
1586412398394630144
1586592718884638720
1468119886912126980
1372408736568999937
1478502709523271681
4190603853
1488883505555820549
1586432481112236032
1596843071735566336
1426242619240243202
1264256390442385410
1586027399673745409
1128028561590370305
1468100413471744004
1499937371038625794
1595075960558215169
1442578865889562624
1518715278980534272
1560720769985937409
1288283588694364160
1467225797052166146
881768214467813376
1468420669310640128
1183383818763419649
446282869
1491687639694544897
789915430655782912
1519526655383031809
1587880452282585088
1470954852779892740
1023951331
1543634535740473350
1518388322502156289
2332693464
1494515935817912341
1536340577821786114
2469887137
1596742289090641920
52990523
1596580111712657409
1596728215715864582
1594054052022784003
1596352028338540544
1589587032732475395
1596736231634771968
1394847663640567808
1288524297800003585
1372332197328285698
1268614752827293697
1595991767181979650
1550983519987347456
1549926330841518080
1367262011315396609
1468422802063691778
1167166672828076032
1554938424842412034
1461470044475605002
21364792
1517289992292388864
1325911189021478913
1596683770177806336
1366376120128589827
778214276712497152
1576330541393223680
144747082
1556324135512465408
1395493677141618688
1364254405621673987
1150868435590635525
917106577
1523936716259831808
1591587035390873600
1429593798712176642
704079735597494272
168301887
1593605775070486535
1338030894
1586754920207753217
431785296
1283121008912879618
1424568059424088073
1595999099937079297
1309651875483058183
1091872041404370946
1585401097099018241
1595851875919749120
1243821374973644800
2793081841
3405095398
1540526109665656838
1523186035991236609
1468231074136403984
1519016253154803712
1419012402738352132
1419398171516604416
1468712275313844229
1596320413080064000
1958266045
1585686611810873344
1596254435445022721
1525955669676806144
1596347931640168450
1423869148426379269
1595986927815122945
711312995494723584
1587124078632132608
1595812396689489921
821490699749228546
1590983308766105602
1588646288949755904
36583086
1585859368343539713
1202710740462903302
1273479211584544768
1463046498074038276
1528959323937730560
1595684373805731840
794439168701018112
1585575975013736448
1400566788635701258
1034577896935895040
2912978715
1595984435891027969
1574995496011112454
1595633096761696256
1588350531965276160
1596243198560686080
1525962649304956930
1593795856402194435
1410662366
1594843245640503296
1205182997143515139
1400826138704977926
1595815260983812098
1352247830501617667
1079113556057079810
894765373299372032
1591326765951098880
1595678192110534662
1022197634138656768
1053815301035372545
1676338981
2420925066
1587942567324295168
1596235049074057217
1262798555972096000
1592130753063800832
1590187882056228864
1332757436869042178
1494036732727152646
1518006128646500353
1594719436698689538
1095024327542620163
1586183271993450496
87055066
1483979422009024516
1596176338817163264
1285728936702484481
407785136
3376931249
1594306389614202882
3061135734
1190838613677936640
1190146133768622080
1528189196372004865
1567340712550694912
1545455934184558599
1594675501095915521
1587643432293507075
375136645
1593348981081374720
3826450996
1594785182267150359
25596959
1518725663284469762
919015538038398976
1250254897
1595986244990820353
1218916198144004097
1596019442957225984
1417311433742716928
1590010357132759043
1586610849803915264
1586601626936098817
1256107703421657088
781156999
1541521748557971457
1337616793330978818
927298473015369729
1595981737758269442
1501981340383977472
2902182799
1596001863731658756
1513897925985800202
1469077640787152902
890657236237864960
1238238148380880896
1530658099018625024
213144333
3152964923
1595541695445311488
1398301613937229826
1595980920850456583
1587073808044695552
996566734512578560
1372193752442413062
1276942305862221825
87761551
1529148431859855360
2845297494
1595982266685165568
1595484143558836224
1482363346397675528
1468286697276325901
1052648706435108864
1390835731019538432
1595982290089304064
1436056432852471809
1595980804038983680
1576235370081140738
1562742419199627264
1390440395734126596
2942240203
3687716485
2842120127
1595420934113853441
1576988501589069839
1585469056257208320
2649454842
1586879487265865729
389828496
1594195632557801474
1468050958521307138
1595953837935820801
1590168486558724096
1344970979726876672
1503774054704205829
1595904217813843969
1595907257601912833
1433952231817101312
1504317121186074636
1595853455482097671
31499865
1560266103476998144
1209528406607564803
1540108905241612288
1585845462296297472
1595805541015527424
1586699373378928642
1395117728541859843
1503512933283909638
1389781187627950080
1594150214784282626
1515821916002607111
13561082
1468335757047877638
1453458718784475137
1415256278142705664
1595671921693233152
1590141316087717888
1471734876944666625
1150730270708027392
1595322352899964929
1581440563597148161
1595519197861273613
435289507
1595618095191576577
1557627270034071552
2752807211
18626664
1592286156254756866
1595618323491962884
1586803053474086912
27601161
404392992
1115411940162056193
2214412559
1588964705128906752
1593607908155162624
1538519840759111680
1554793481205420033
870453535653076992
1239254718419001345
1530475606961422337
1483647523315019776
1463341947104362496
1595476986557759490
1579116731771019265
1593455007994560512
1246173420808736769
1567402811335254017
1594787384838725635
1346821207371476993
1499980882224238597
762021248574435328
1505976655839432707
1579000721445617664
1370144350827581444
1487168048985485317
2924825891
1243641769700417537
1589009409870647303
1560861325047111680
4586937621
1490304004907483136
1544445713114963969
1319400309022707713
1378117370594557952
1595154079218556930
1587130749894942721
1594796532066385921
1455379287868153856
1594826437206212609
1585913672660041733
1349188997462044673
1153700126692696064
16634922
1594783793331798016
2198993678
1259963869625233410
1594401084218527747
1468357760849170439
1317121280286593024
4889567778
1246779481660014597
3625259656
1594466896199708672
1594422884864167936
1594388716298113024
1594037782166401024
1551956216238280704
1219289027788132357
1594165371367571456
1594156683454021632
1585686765255680001
1594069120374300673
1592081332993200129
1557280590134710273
1593970176327811072
1593792322646396928
1589992343830142976
972335241581883392
1468756365996957701
1589666931946176512
1593675484834848768
1483150124264136705
2989441184
1591506914449448961
1503294795669811201
2958229945
1418656021527007232
1538080546684805120
1440244179074838536
1592945249437077510
1592428730605047808
1580166286503743489
1408778941171650564
1099755078142095370
1422587852286611461
79350157
1530564497819283456
1591587170032173058
1456638374106832896
1585957997066461184
1315318716335185920
1591318961806786562
1571731157687103490
1591214322432221185
1530371582140596224
1587544676734836737
1591195803024072714
2250237086
1588359535672049664
1590452156003385346
793180025168068608
1588577556437016576
1468259808658792449
1378832959877304322
1589397441777836032
1587675175226642432
1347338092819017729
1342146677365325825
1587196638853988353
1586571411363086337
1142335383411335168
1585365215104929792
1586630882483351553
1587537587299909636
1453744725551366149
1511363468322082816
1591062930589732864
1423867034706882562
779469591659491328
1560999491708530690
1586562328186818564
1586656772877848576
2425140276
1586568068800466944
1590445790836756481
1562216454597931008
1393769585308954628
1520566798877609984
1518742856466411520
1216569268453756928
1590072838802665472
1536522833517498368
1535060158245576704
2209834420
1585869282571083776
1588383804078673920
1465750262635769861
348059156
246232894
1526453594093920258
1554439973599846400
1445162442179235842
787391306385481728
1299608153739460609
1129205684405321728
1424245369790103556
852246289
1497451023270658049
1518840261773647878
979606619557261312
2829126378
1585804684979326976
914250063395860480
414492668
1544891533824069634
1566616474395054082
1451208665059389446
893348197040566272
1586795619678552064
1250980689253670915
1590527217632776197
131002632
1153376191367266304
1507860518710698000
1375142066536112139
2875805688
1472230421131935754
1589788896442945537
1446560778031562753
1586018271718940672
1587210572751323136
1586561538877526021
1586069765386391553
1233088045311610880
1587289921785667586
1523105310042427398
1553133466933309441
1510428834998353929
1574860417335427073
558070893
1576202125889212416
1588321801289043974
1587265545044303872
1578515582638596096
1587109049442521088
1587668725041229824
1587090275037487104
1503140580024627202
1477785851417571334
1486996392438804480
1304501860779397124
1586850679091404800
1589384158157017089
1586008301116002306
1535261177118433282
1589371082443837440
1586861084190834688
1560680910600765441
1161525992
1303115891152949249
1585845748645642241
1449919438677897218
1586567143973437441
1585740002641731584
1556696589955203075
1589625619998019585
1586272559531687937
1590115034436354049
1587625058729500673
1069274329161052161
1270428905338519553
1573699260356464641
1009366190916030464
1589770294767407104
1047713399071752192
1481443120738885637
1580428011647762433
1587151191712071681
1590082660398948354
1586842622890582019
1586756158454472710
1579229422581792770
1518680424691556352
4500576194
1586383796471054342
1515842705657585668
1582156592597782528
1586768077403918339
1586575228477603841
1587524967188439040
1322060763243122689
1589860775925014528
1588073336608792577
1335040633313128449
4493529322
1589837362997207042
1582801798057934854
1468112847813197826
1476433118655614980
1586822270735073282
1586836946319466501
1496710322815524866
1518734946713567232
1589624589683785728
1588269386565144578
1586745784334098432
1468270691304849408
1502223304496750596
1468268961569640451
1469697815341268998
2828748125
1519507789873303557
1586323025573576706
1585844014728855552
1586658373335932930
1589327542770614272
1588576918533709830
1588955753485717504
1478784544706756612
259730140
2290515841
1589073057137713154
1588898107433132032
1587130798616059904
1587471372887932930
116375949
1524030706204262400
1566469795817848832
916356477639548928
1576948796642451459
1586760000973819905
1586932279988953089
1587544783156912128
1587270334268465152
1587209702533906435
1431780403485020163
1587129436520022021
1483668115972313092
1586931598569754625
1586642489447919616
3963686795
3811747755
1490547341308272650
1568983499486466049
20832710
1483627595707129856
1509186836559798280
1465065270058184704
1585677004803690497
1563319202429095936
1585853927009968128
27929472
1585968539038621698
24783821
1567064408702033921
1585865190238822400
1585832649871962112
1327487450332221440
1585833486212120578
748575801797275648
1514966314615455750
1523853236511383552
2214558306
1496978284025896968
775154494782992385
1446681722079354880
1567041524642234368
1465087401244733440
755453728900063232
1351675350783295495
1573967745607237632
732916237462831104
1580718891927539714
319490086
1084153615097479168
1263096334048886784
1548094973861498881
1269746646402785280
1468262055056748547
2897597716
1413284254394589188
719196385
1470466862555226112
1145536953468760074
1274114730072760321
1502141509956775937
1370103258736435200
149545708
1916933268
3710622079
1519379797503361026
1259740555921305601
753045173551112192
1364971239417249795
1580348356055834624
1419739889969598467
3033490255
953824025578491909
1277774249080639488
1223657597162676225
3315030411
1468217977648603136
1555601532476723200
64294794
3113295868
1390339845990535168
783222784457527296
709737238842777602
1548531321336741889
1172183769702436864
237365333
1249525878037434368
1017461280674852864
1160537265770156033
4600958415
1180730305071779840
739013222569807872
751954389321998336
1420900284721680391
526523658
1404605302348169217
1308561658248220672
1947367950
1578136847359827970
822155623794167808
1468054294096396294
1270804073915322371
1492629967338983427
3033182024
1433070123514949649
1025893555
1246083556872511488
1382325329214181383
1494357170766422016
1579981659943870465
1514888128112336899
1342575594563796992
709410110854934529
1036850688549171200
1136922713690447872
1237751908934258689
1566160562165370880
465184953
750004784950804480
1013011123
1492756835853557763
24541197
1408053259701395464
1277391846503841792
1121905056138371072
1493633341479919617
1571239984425832448
1159868509180051456
826127906493591552
1329624350392139780
1569800791481012225
1566800196998086657
599836640
1174517985396043777
1497956089765281796
1326516668261146626
1324443639150358528
933379984810487808
1145017338284138496
18568980
3386619826
1008153157
1589742631
1503799842904195079
1129337373425262594
1530982946454130688
1497082264752115745
1199919794813730816
1538728775877136384
1512153446031380492
1264268628360400896
1420900535855718414
1362752347219382273
1575469035914862595
1101621399628730370
1435240427251290115
1314048750231318528
1290780949500829698
1551955463343947778
958780925256654849
1375289769031241728
1282719613864878082
1504676819789828117
1212091090083307520
867639769794101248
1324583566647402501
1046433565339262977
1561769148107177985
1541887013229662208
1517707369509113857
1468073797425106944
1560703882447273989
1531513242245275649
1150468066905677824
1555039442
1530061179120279552
1380555678197104644
1468672739095592961
1468228134776578056
98561869
1164007977642266624
736935927281528832
1273130933923860481
1528351659436408832
1345301835565842432
1511754925142953998
1076877018862702593
1034822079453908993
1500614841177972737
1556404972773941249
1529252048142729218
1522687965587247104
1531829490086825984
417136061
1268034237946646528
1563661534068236288
4646971538
1468256918422441984
414117686
1283555751613562889
1452176787845357570
1476250401389350912
1553040111880880131
1109885798101512192
1552454486068793351
4417918212
1308540787823607808
1423442172263665664
816415878145339396
202755322
1474604557795840002
36612159
1537325495557275648
1537722791700533248
16572719
1519269990578458625
1386801811005247488
1489137464639995912
1303485055390580736
2777174557
1553189943131906048
1489360972984766471
1316776620636753920
1552591288087855106
1351784175456555009
1100669112433426432
1544340426382929920
1549114087145197573
746158854212198402
1300608138765381632
3161760900
1537454217878724608
2986533810
1164185015753818112
1230018084389343238
1525854196427239424
1508190491896033287
1468068237762252802
1513587877464190976
1510828547174281224
1485422305333309442
1396708174644776960
1500001948782661632
1253355189538631681
