704315730632822784
1076789110382215169
1537906987064709120
1303693177363324932
1642950550194106369
142645394
21626308
1663538613143969793
1521591449284136960
1644462490464444416
1450999006620835846
1586211253806137344
1444561636837056518
1695136181015465984
757273818054340608
1638827734548766720
1594012115643338752
2432310906
1682212814407041025
1673784417234440192
1586121795551301634
887464524
1656099722468159488
1657964874184507392
27012070
1657090834175610881
534437153
1519142705389092864
1640871705781600256
1595960459638833155
1206369097639976963
1427367234926694514
1164742557001232384
1587488371076636672
632475061
1614034599327240194
1229584195992850433
108465379
1586750869483167744
17823790
1236459590746767360
1608273003560964098
1020045752393871360
1249652760099852288
425193622
94336415
1599447821953933312
1602700602986962946
1170328362939822080
51656334
1331392369745408009
1245551618365337603
1598169026907328512
1461754984769507337
34082620
1312614445496119296
1553909928
1545584400989052928
1532394216
872706290929283072
1403356678700032003
1240443692726566913
2872041247
143927745
47256078
1408526870694350850
1450130876751360000
1393255370940878851
1007470804416778240
928656417988288512
1284660946229747714
1427330507054796800
1294663151129178117
20998647
407179694
1283619451771006976
3396155981
828253251535511552
2158616996
1500934439131656194
1408228756821622785
1009588379640528897
1531965571612282881
4885613402
931681289614385158
102917292
2918039334
1567475063292567553
1490073692289839109
1005729871
1555655174630285314
1259435143355342850
163071725
17631356
3231657095
1476962939236200451
1161092556505174016
254120931
47751366
31140449
20055358
706646642
1361786258150809607
1498448087551037440
1544068325101142017
1341594226946142209
1483517404806324235
1309073278871506945
1239586036843524096
4418414504
918448245034102785
1326229737551912960
820310538366451713
433365936
976557068730675200
70529694
1093669797760585733
1344356576786866176
58579942
1058807868
487297085
1149088920
90651198
1024323540
1276715545551831041
1498840309
1366529249264345090
16869718
1383784729590190081
1428187757055250441
1347351197917831169
1467931973616386052
1014217741690077185
1306463930550685698
1456902527933456391
133232224
517137292
57937608
547966819
1343074678450102273
1456790761639403523
936398159256924162
767388219054755840
511084543
2850963928
1280118657142722562
803420516438724608
1419301969416568836
503544573
58120509
1302278544417058816
838622414
1322147473855549441
2996253413
1954645734
20800915
2646901122
3296093552
1315020302783582210
1147948761387274241
7177512
1287018449118658560
1162899685670965248
1267973798625775616
3404732146
1279898928041865220
1226167963
1043185714437992449
22677397
1223017792435380224
63769373
384507803
1606029594
1299158554222432256
976059844808663041
1089115791398785026
1095735806197710851
1051565990826467330
776384191739072512
617093858
1082416697380913152
732307153315368960
36875270
1908204763
46705002
818905354205622276
381072282
1062395654696128513
156233898
1140246564339949568
1102987848741998592
129019194
1189490564347113475
467620549
1900293397
1232005095841304579
2417586104
2381246233
1230634261176356865
47828228
1595708840
1274441426357694465
631781675
1098091506886471680
855318254
1271111825887813632
208623235
43919633
21613794
854034174721871872
563810869
17629860
1034065926
939677877330677761
4878811191
1045443221567016960
2835451658
878087280321335298
986781648
27966935
1732064144
993047890586193920
599817378
838457598303223808
878247600096509952
52352820
22243973
1211141215556521984
839459916062556160
1244083799274766342
3289262909
1242874335435665409
1141429511407460352
884105554553180161
68758400
3238448948
134360868
4185054979
27713996
64643056
4970411
16462068
24432463
18736950
43661233
1174413050113404930
216881337
1048856598666518528
158769098
1146509923683131398
325876117
35490978
216739115
312696314
1125287020501147648
140930076
78523300
270412323
1676481282
701290430
961512853567164421
2551048190
50769180
18643437
468646961
402181258
2349347329
18479337
27522964
53979469
3420421481
15976697
22703645
19599446
196168350
14862190
243666972
1139311864532340737
1184921657993027584
1155660595590549505
956179910686597126
970884857126506496
1091003763710672896
917456722469572608
1115449041825992710
