1104165722996043776
818905354205622276
1237715091904245760
184818482
1021807348132794368
3044860637
1240310688926613504
1224429763743420417
1246410787977146368
3187410527
28119564
2733966036
186567121
961472911805636608
1150464431949852672
891098592869404673
1217929616666562562
313207028
1960625647
148079347
465718977
2274646646
940124009798209536
2985479932
3036368423
1136236737326395393
1213928075857031169
61944577
2816466267
948303184019193863
1155242000553304065
1095510059465859072
795737664049807360
987288415858319360
2288646894
2442466385
1218910156282613760
189870199
1201608199
3418210767
1192370202211696640
818821543010648064
891694430431973377
776384191739072512
2170907991
1206377236921749504
1107732377256648704
3813306443
791672814017347584
1118941682
68740712
199805985
996321868226420736
717416609527279616
2230467262
260788584
176031977
305839468
80245971
4703390322
1132309175470567426
3244914473
1325304138
1143751745295867905
2391046990
1115725873926234112
1166378502372900866
986544332617347073
799362330672984064
1303139125
1392956425
1148938355943661569
826525977228541953
1167508359085547521
3221011798
776560422619054080
1153692472196943874
1053280174781939712
1012636248341647360
1161261546003210240
20941765
4212197895
4627236323
18020612
1127632947912351746
772787009198981120
831984906896961536
442898693
873644670424895488
3003529463
1046749650596896768
350887805
1144999422700527617
845237686608769024
1078460701176463361
856932863404638218
1050343857685172224
994261122277695488
1146509923683131398
960631725230616576
956167365330272257
22703645
457984599
790781142857199617
2601662544
832319306541178881
1050053727854444545
752749220952625157
898952564292636677
402181258
898083770087206912
110835004
2349347329
734121122082529280
971157641912229888
52352820
477864155
25073877
730693248147030016
3302486951
33665720
426171392
117655609
887503053632548865
20722476
823446593240231936
1135987028611350528
355752178
848850503723298816
48066947
765832932674134016
2917531714
14862190
499230066
186215424
1041826549337649154
1128950490719490049
529746441
94336415
519299513
2316039775
722789019386392576
799949976403136513
2809256199
2500416143
3074098423
778164937541779456
2880161836
312696314
866069141576441857
1063355975351107585
784399151891095552
912989771663859713
3283242398
768402435215884288
1099436986522169344
837555557804339202
703216352140533760
962714807983071232
1132042363784839168
1112423229665226752
817707182179418113
1276652162
3214466631
3293909825
43328576
51432275
55962977
984712252015218688
914225507205558272
833510865949200384
733768994252021764
791643461560655876
19899606
856162158845059073
895605672129069056
194741425
2358174217
1136532903972823041
120269894
1108889682887086081
832042114422800384
4866142955
388158374
1089239909905379328
908472159571517440
293579338
1070176264135135232
277844631
1110911949498449922
3248297142
1066187390178525185
274567177
822299610018365440
1116345515761909760
