1049265018280263680
16055683
2523637615
1237922536467374083
818245871796125697
232780049
1556995661408735233
183361483
756914082523979776
21613794
1703920201589268480
24277551
1108050829393707008
1683719641238237185
1616905867223527424
916734521374072832
1613604222708088870
1453091784762998789
1301750516930801665
139542465
17585653
333357345
16106584
33440039
1288319695658135552
1244778658977415169
962650783182331904
1553599855544524800
752168788204916736
80233893
1298593149191958530
1522400517330280448
1551978342752067585
1444183545379917827
1631483496165412864
1624547406518927360
50171349
113137765
163071725
1669239404291051520
1641969261450231808
1176921626023276544
1431266509251170306
1669063298199986176
1638550241585537027
1454049960354361345
1334208911549710336
1661085406769602560
1625493998
1633242126875074561
861653611150848000
1464322912979144712
1530004011264376843
1544745125561176066
1643032163464679424
1645228421176340483
33665720
1620203520799506432
2227817384
1468251051312627713
402181258
1613305177892704256
912101715490504705
1092346141998370816
1056600959370100737
1178773799287885825
1432134887184781316
1554812789822312450
1155343131501633538
1523832300458450945
1628453121876971520
1043340439
1356514488451817472
1516118014785114119
1624791215462838280
751901441921388544
846949171680739328
3256068152
1579314486137458695
53789862
4826563611
1370512194035679232
1278363893568376837
1468139512610050052
746877644763971584
2904870923
1187808818522030080
881920920885112832
1541024245412683776
994352010068668416
1328744376
1619852272988557312
1552795969959636992
76351820
711773241874849792
1614910216805425156
843965625177399296
1529711258580070400
1043939776791867392
1446932149148344320
2398674906
53979469
872683897
3214466631
15401398
1598701883325046784
1021461090671030272
323494714
1475192756494643207
1342174584594960384
42786325
1188280458221674499
1518666402588209156
1280241715987660801
1402012882133413888
1366148208334938120
1515142382123208711
854746255431315456
1261270683285204994
1522852077667561472
1519133489597014016
1517709585838190592
1520580457775001600
130956302
37863826
1603871601988100097
1523298709681106945
3255290759
2886592462
1603858991762665472
1522610089378557953
1478779876794671104
77246906
1364420696919576588
217856375
2925793055
1600058021245337601
1468131897234505729
1586821265326841856
947984296224096257
1368517291256602629
1441916605567356928
1161261376846946305
1521870690630221824
1286804802471522305
1371581088586420229
1546871625773105157
900662551
1470240646346809345
467661480
17469289
895410561659396098
375721095
1305792305539026948
808080314
1353040053602316289
4686170306
1151261114384171008
44196397
586849722
15392486
1317568613189062656
1147926084115210240
574032254
714614269032198144
826065164504006657
20800915
1089308757035794432
487297085
1290635110149169152
729676086632656900
840776321194184704
2339240989
187680645
856991644134068224
869259764768927745
72783659
739013222569807872
17918281
63485337
10671602
28955739
434458299
1145804205795528704
18856867
2568108282
1252037814272831496
16870352
867639769794101248
1028131698469363713
772966352114094081
859409582426251269
50772918
7831092
973576766651592704
169686021
986781648
3283482342
2480268229
1112362610727378944
606400487
899401541177622528
1040629068264366080
1500129642
1356030014
1174708184126300160
739937259131174912
878087280321335298
25395727
4639413136
1029094268542099457
1174517985396043777
1229337264272134144
770619360062898176
4432916014
548258435
1106698965947432960
1153042794375712770
1102987848741998592
831470472
3314554831
22642788
74760182
1164176887712796672
1276652162
775696688489099264
902200087
948402681927774208
885208683352817664
3932768472
2181493660
844434316943904768
178999981
326756275
95480831
23818581
305211380
850036892
838457598303223808
397526755
2918039334
1145702015374438401
847563392306917376
976569885009485824
64643056
1226167963
58579942
2979361895
51241574
800707492346925056
818948638890217473
3958327401
499230066
27522964
1058807868
717381804236386305
791789846985515008
39308549
855318254
1917731
43199322
43906698
872148729184362497
19599446
240760644
1031747223569227776
3267456386
599817378
83748727
138203134
15976697
247374262
2874102076
917133597563219968
226194552
358545917
875856268056969216
18643437
1080188377801150464
37575922
4040287515
534023
844281463
843597027032424448
31047836
39344374
193160214
1047214654450294791
196168350
4081106480
3676932858
878247600096509952
792611222155726848
348091358
292929271
3422474392
812135885328236551
592730371
44914646
233000889
3229068001
491719838
17995040
19091173
25073877
35039490
22703645
1599608046
161418822
