16585184
1655226459345256448
1703793449626136576
1206554630
1698939273817255936
1387219918597328897
3218677655
1698349021155192832
1456976541909504008
39344374
1682417661316149248
1255572441570717697
1695569979205144576
22394822
1031630504599212032
1409974820557701137
1597397942322823168
1690749052726411265
1488335447143370752
1342174584594960384
1593792322646396928
1649915223141400576
1309371737851809792
1407586493489553410
1145866561271554048
2916305152
1689825113665855488
1535108163766259718
1525485283336237059
1633539073095655436
575460845
1571347805486338048
1601250453039235073
1598525466633469952
1473844779364413442
1662679617382277125
1686856609992003584
1671700255505629184
1457332979144040448
1618750467302891521
1067796638
1612201260018442242
1185215867505786880
1387366965703061506
1646367111944749056
1661429312052969472
1040629068264366080
1659724192835858432
1589606692995620867
1622148570538299393
1655275939566342144
431742890
839099628951900161
1598048451983511553
128587008
46302096
190449066
37575922
1656391036212756484
1518612748011196423
612591880
1450677379521785861
85230212
2315698776
163071725
127212444
1450709276855619589
1638043057491787777
1267194719970291712
63578758
824655817542623232
1642616649382543360
1352795578141437953
73707388
24471951
981323096752828417
973299954843312128
829534328
988433413303603201
3035959587
1594912935322583040
1337764217726922753
1195735856
1627766359382695938
1145139132085276673
3372785141
400525494
1350191868362051586
1586000702660235264
1580173633649082368
1288319695658135552
1319272677517840387
1598359737996828678
555208639
96642704
575938239
820586344351232000
1348114254445088769
2822477120
17824071
4914384040
1586758023132991495
31439580
1873426783
25506954
1610174360790388736
156313008
96906231
130956302
1021461090671030272
1545250112909090816
1593171104134303744
1268106159719804930
1470195750038552576
1554082145261367297
67667103
1309248521074245638
346781925
1369271170634252294
1471698368430678017
1124328094335037440
3047722897
1303839149825327110
995821385191636993
1585817785220800512
1607766411115372544
875856268056969216
19222164
880602945632575488
1021596229510291456
1587823722915831813
232901331
1120628008879034369
1109145312227217408
1585931455636676609
1481155662
1489759514056224771
1043185714437992449
35039490
1601633586821464064
826065164504006657
1368172983777456139
1598178502733434881
1606559154646274050
1338945708129398784
1540532753283833857
1591314108778848258
278717673
1344725881
2492039959
1338965052066566150
1213318928245510144
1360769400182341641
867525126560112640
3762969555
1480150582232899584
2977496915
1334453406598041607
1433183720073306114
1430709625742139394
541934478
1385020973057933313
1166793829309042688
1587247016152891392
113137765
1521870690630221824
1493994606568030215
76666745
1553525397605711872
1305048367
27000730
3252448199
1593729648399388673
16869718
1255901725459984384
1467931973616386052
1577761560394665984
263471180
782620709977661440
1591859494044274693
1176614567188684802
1595610495989465088
1205967691825238016
17376893
1586979364717068290
1592431170255470595
1275331032213073921
1373689296247386114
1524676089049612288
2891090553
413312369
1495745698553290763
1534984718332182528
1587932066137755654
199805985
1577393682545725440
1562189647438311432
873628196591325186
1537604860870279168
1172153976713863171
74144815
1448639481960144902
741622032
3072131779
1180523369785106433
1585092623005458433
1352492865348268033
1518278003926708226
2426423666
34743251
1329891389430243330
1351525075812556800
1517655068232802306
3108351
8865592
1137350140350685184
705188283131797504
1590040437934665728
4389738159
1586196565185683457
1585867950069665793
1164201613264924673
796151032208392192
1451478217592918050
350822109
1692639260
1516829881190944768
1587191967645048833
1586164443834195976
1547356220620693507
1550179065226739712
770441775630516224
1584566291985211394
1584689221280972800
15976697
1082197856
1472923551103660032
1329977236527607809
20776505
878247600096509952
158241085
1509479442934026245
1455994826265092108
1577454216351690752
2913992376
1420550124179116034
1508259117860802571
1529227687662784512
1273748146242412546
169686021
956694055
1533091496659918853
1224398636378771456
1463884291755159575
1428258372621459456
1519475226144215040
885544294081331201
920139799033466880
3396412632
98686011
1497075096766271503
1422303138384596997
1288237910223970304
3044773696
1546919822122008577
844732519966801921
1308733026306723842
273226856
1061414165770915840
1443174900299145217
1568066581900701697
949828030305918976
1568547879567884288
1297689848577429504
110573669
1544068325101142017
489759395
1463641904583778308
1517989188750266369
1237099216809480192
1519805978094587906
1135549182284931073
117338050
968204866760970240
1463626455858962442
1562584000752783361
86024141
2460123559
1531866757484486656
1464322912979144712
2352629311
15207668
33608041
18166778
1531348347478581249
872148729184362497
240760644
1551632538774429698
1309073278871506945
17757146
2862577383
2975091705
1180124969621168128
1343656635907125250
1339006078688825344
1257667158
1082790600292925440
22055226
1029094268542099457
1039879658400112640
1081312310059253763
1357017361568694274
1345536897838436353
1342989756611907584
1201670995435646976
975200486
960962340
818948638890217473
58579942
816652616625168388
981675752759484427
1356577565050351616
1531425385342062592
4757276539
1344356576786866176
110835004
1312302974002135040
1431693886116741121
375721095
1246957748350119936
798571544054218752
1413002894002036738
1317435099697348608
1500129642
2835451658
43035478
3396493030
1530658946146570243
1461817561767718916
357785420
43661233
1086942666862915586
19625147
1523463079979274241
1254857421891284995
1353507143513632768
1527760875939147776
1520301942664142849
2228657044
19956739
634115429
1416212479865196545
1519832102241325057
1466593172369428481
1520259155176865792
1520153140296888321
1518779638717181952
1238851604650082304
459733420
1457835340610379782
1515139765208862720
1417924647983751169
566652845
25540525
1463610985684549632
1497300304462811144
44196397
1326229737551912960
1239059128355622912
1360161820523200519
580398317
3741875717
1220629654412939264
1412582528381337605
1427404622424014848
777338169209462786
1165431090548477952
1465148333555687424
240779308
899401541177622528
1463708041572802563
1431271693792600069
1280241715987660801
20800915
1000902464932139009
370506800
1143675946802614272
1661263351
3267456386
1409895744610476034
1355138998772101122
114605310
1390994565583233025
463276040
33748038
1440364964900835344
1157031801707212801
980516212059856901
142522715
1380754363447140352
1416657451164651520
1020186186587942912
186567121
756544737645957120
1307810687381463041
1378687400738762753
1092606785108803584
1272253043761909760
1365950928273235968
1325334722688421889
1365413473
756313899524325376
1000912761013133313
16426782
1370475039766765573
842613002092265472
1159960047918538752
2853566099
1361038028
403103922
1317239145715142658
1366197301778124803
1283839559323844609
1302562808945676288
2568108282
388017651
843468732508856320
1040666772901425153
1346467032083009537
759463304209264640
1887556386
1347367712058695682
1291819445195804672
404290123
826025269378969603
1155242000553304065
1337646866033483778
825257934443651072
1300605603283234819
1314007190181687297
1327358244734590976
1216971367314116608
1204654875201531905
773534525615931392
1973475774
43263433
786704913447395328
93755227
704785435751481344
1317796946229198849
15074862
1154079991858159617
1311549339165048834
1232084788728795137
1311806042335055872
1306636545982595077
1270053366773592064
992376127904677888
730141801881853952
1280852842862034950
79809731
1180864070465052672
1225955403562987521
1310397396640321537
755063448690495488
1307182325923344384
1281013055086891009
943574095689650176
21369586
2236807992
1006901199633674240
986846316750778368
919914043
799392706883633152
1299439870172114944
1234569882848628744
1088463519194836993
848902280929783808
1268539492463456262
745499661335560194
874221618700185601
1293408722627244032
1162899685670965248
792128411124715521
3260056047
946582325856493569
1046913591268581383
1248474590625456129
21407470
706153838969880577
3149302120
1199437543759941632
15975717
967907253121703941
1257677127723466753
18817675
990309404779208704
1177688778271592454
1292041566249537537
885149590047141888
1274363489671417856
1268600045051543566
935843606690254848
2802221676
1589774467
1355840730
3963432556
3410843525
1202543449850798080
965304443142107141
1139591436872159236
780186826233577473
1272226131828228098
706971040421974017
954047833
28353266
1274411775912484864
777309219938791424
1036563014005268480
1231950470152966145
1250818322590871558
1249695630156496902
1917117878
16485074
1107569015030013952
472994053
3761941697
1020079327168278529
2835668177
3082737801
1118213184622596098
1055565912928083968
1267263316314988553
513735848
136684159
2290447621
404874210
2607421675
1578685362
922858666021326848
1280433725805912066
738676753569193988
1063146518746746883
898553073517248512
1180184045508075520
968001656037236737
934443084263448577
797254387387269120
880257497554067456
742115813298032640
290324812
1115413376685838337
95137312
3255421831
865466490929070080
1052492105963077632
1649080346
1184142058656862214
244877137
1082887801404903425
1271085281932988417
1888093214
931226784644943872
726737599
99718651
979494909395730437
1689338184
1223143814593945600
2874887164
1194966241879851008
1025820450545455104
2436567951
1274142890302857224
1069902577645559808
863121304492408837
1160614013270732800
993449670
1069361054835245056
1200147203311824896
1135622516536500229
1125308228617818118
1268145338478727168
327823484
410576496
1945477621
1274411619267874818
3071002125
870086881089859590
1231934949583880196
857458950568103936
4209464057
361579862
2262100542
273350749
883726874576289793
47094621
735677827220013059
1227679054616285191
216628395
1270016842300559361
1274239551989362688
1191881645248278528
1035253626430808065
1266825456168337417
24947452
718980556583780352
1272017027759128582
1242586414954536961
363039718
756664547457507329
1272326583039201280
1253803044673925121
900243506203172864
1091777516057055239
161078483
810582531389194240
1272737745601871875
312300729
26172869
873580168467578882
1248658409051820033
3303741705
4707684934
1265880846130503680
1008397264128225281
51828039
3720879315
284569849
2255713284
1219088793254408192
1271510341080547329
710223901
1167121129561083904
959488628333383687
200273154
867020094790152193
1237673677161930752
47457013
1195081760293478405
1124449604722995200
860959953036730370
3677129063
1197824289287917568
1251023513730899968
1125245053608374275
2856146074
1267512711203696642
921897151944421376
1185147243696918530
1180730305071779840
62630006
1465344140
1269680238004338688
3377338395
23673933
1197282949143642112
2927544635
835908866953084928
1074313908758986758
1136601619913760769
277547904
1167028576937480192
822475816088895489
4238777052
1035579515949473792
34735606
718855997914279937
1081386081327763459
1218899519057858561
1230948208781778945
21374227
1231591561206456321
828423898693779458
345825709
1182428399412875264
984883015909281793
1068948679527141382
1187017860335505408
43204370
1074042022447714304
1000761474317520898
282577289
857906139173924869
1144740243364634625
3813306443
1095483694159200256
96413039
2313142795
1033014788
550222026
3107615393
86604823
1251569902982516737
1258457287120818182
436145019
1234592261398319104
1263838572924284928
2571905372
728219249081094145
816257953615454209
1216861775053950982
1111161944256512000
1193798133374955521
1230161285930799105
959129138895446017
19213273
1036385071220105217
1145996321200979969
1229933779977936898
354535727
1253745358770974724
1163486864982126592
1208186731066998786
1178236718836637696
1249510541699104768
1233324722433249281
1227235324788645888
2579697254
1221177479408357377
1011694198276476928
1158140278391418880
981313265337683968
880010168339095552
55828510
1225871047112699905
30061712
1254751634216882296
1243295011036368903
515653431
1137286083148861440
1100789720592932865
1127547875301494784
28788030
168624772
759397084822896640
1249497275144912896
1262915436531912712
623489248
933900750807166976
844022028508258309
971157641912229888
1234928941586112512
377046066
1229945180364496896
1229810438994583555
1236065871963009025
982063277956984832
3141681922
1253878657006940162
1259574466490892289
143541563
1224067444857364480
1097555527951736832
1112707987376926720
1243931965197135874
819982756864135168
1561479637
1205747804557234176
408584647
1322043728
970780715141992448
1235213875903111170
1230858450063810561
14770412
307435960
14462919
818146291859525632
874372513328803840
2413138794
1058063368806838273
918090271207886848
1257492871785197568
2191070611
924372389575712768
1227292100531761152
2825251942
733284244487823360
1140027128500674560
762117680
1252594883635879936
1223399464200822786
882937659336863744
490900538
1173897105372585984
1257034851963809793
2303114864
1216838050782883840
2802811137
1112446050575544320
1071789826666627073
4493612367
1205358506020397056
200474293
3240819887
585436880
1473562262
411886764
24783821
4419658655
1346343482
1258051525370359808
1251510910390337536
1258739003416883201
742467990
732429253610872832
1247223748949880839
4800014798
981023893321322496
1254505946900041728
1256300303101681666
2248147020
2550048570
988218971613777920
1021104570154528768
1108106853815386112
1112540732
1257662498112708608
1257409609482080256
1234923914725380099
1247947479078694912
227245275
1240795203201650688
1251029819405582337
1167470574282727424
1256539976214425600
128685681
1256513837551038464
2367209376
941336172118323200
1000432550
263817009
3577028055
871365272938196992
2982677931
239055790
2357644793
1249769327475060743
1069340703405350912
1234694912572035072
713442433716002816
1205556882796163073
1248947128627585027
1246399008311930881
1088932079210037248
357615017
1201767456181608448
1114681272419278848
708437064392577025
1239586337675784193
1238243512791044098
1254194560768577536
1248354606465331202
1237850885708906498
1249315862059909122
1175912025907716101
1146029029423812608
1252782094436237318
873887145869672448
158324705
2729765454
1233113216156413954
1072221078762729472
1022117365536968704
1250227480117391362
1101125396647559169
829734249855123456
3284534083
3002457954
398163343
1252702340093636608
2741072065
1253035792777306118
938534482382123008
1247931316248686592
788879917635112961
1250911827652939783
1252116466826186758
1252178989550092288
1234629469983444992
20844337
36653560
763879430485897216
860024314783043585
917456722469572608
1125042608101896192
3021663385
717888498246815744
1192935544214425601
3127969094
421958572
885936732
837729848172892160
841957624593694721
915164199520792576
43317841
1250542750744940549
1136412198710980611
30161345
119137286
748156878476161025
1439562115
1133171984144175105
1133865317824962562
1167089031978659841
1076825843383578626
1216407437500129282
702050139393888257
1224014814692986881
160892550
2872041247
4331152333
1203350069518450689
1085177500341362689
1015091410834345984
1126623729616936960
1247622216449028096
2177265776
1224413982817226752
1241231135868239873
602611613
1083217609821044736
1247711465055887360
797779756104224769
1151960847759106049
1242232407484510209
786581864517513216
803749114118860804
1247988930923782144
1574219780
1241793178065424384
2826668124
1245565069322121216
370254529
1240763620197306370
1216018194294607877
1244220498197839872
1191923436693663744
1194509795178549248
1245698449321926656
1109052984049188864
959678407884730368
745670006424338432
1245039669492035584
851140948352479232
1052330349789769729
1066187390178525185
810342093637857281
1211878705770811392
1137901050130784257
985125233408512000
1194116373661782016
1038419847548481536
1242874226463432704
1242874335435665409
15228731
1234602271222239232
838217829606391809
937444825934237696
1152206165368901634
1239633546261733376
1242862122121310210
2354393577
1207807582443917312
1184975508930519040
4457404695
1242449770360328193
703414848613388288
731666141165309952
1242294300601270272
895528619501645825
1142211423881310208
2365682910
1165644349310418946
1239707173799649280
129629925
75282791
1241885202135343104
161267027
1376175572
1234000168153944064
1234106699876880384
16207323
1210719423990026243
346353732
252729058
1001933241778139136
833338483
1241123916959096839
777009908285702144
1081637403444551680
115598350
2984888034
974403456080470016
1241194947891482624
1241173315500290049
1240722607344926721
1175923309453676544
1240782070135177217
1240678056869707776
48164468
344361096
467484777
743239121905160192
1240440873772556288
126702472
1238826073560961025
33526088
780582940753301505
1240310688926613504
1240134448890462209
345090481
949753506193223680
702213344
2296933453
1239605766325239808
1187818487500161027
590769856
240743398
537549430
569203466
4331414174
115142697
617062703
1090301137159368706
1169013681126105088
1206008691440472064
122319512
2487219747
1206944582371565570
159953262
1078378655728861184
787445779975671809
1237715091904245760
1159540664109023233
907426245209677825
981398878527291393
40799922
1228989076658937857
14512842
1237156492685578241
1232806314121756677
2960091960
1054475020192440320
1236426927377801221
1215404223170600960
1236113006267858944
1235794350816321538
363510768
1168094123879993344
634990472
1229540072455843843
311701246
353001669
1143238486335664128
863330062329839616
1185557560079929345
1235431956436799488
1119967699281563651
142372738
1116137198540263424
337705875
827318448262877184
1207457008175198208
767378227702730752
1228795450347536384
243791846
706257469262069760
784048948357005312
1204324487715606528
1123425652336676864
1552632954
936011103527677953
1234234500583952385
1208553636197875713
1031298253109817344
1049861175910047744
1112306163855564801
3393791626
3165121248
860060228
963128695081730048
1230189273149779968
1229082176249106434
3190863603
1231092324782034944
50905639
273407673
1215406612346630144
1232389155902062603
1015242474078588930
207612822
4270476015
529345131
925116062575849473
1109570769154129921
1087219613555814400
910883562311835648
1231782253010681856
568725906
1200788771840700416
991643885477793794
1199603333134053377
1202292355539329024
46167248
3038969391
1001544451620302850
102822715
4420225815
3741032655
732122557
869949217938321410
389982275
739832737624915969
42287619
1229864638201942020
793336300308922368
1213517724996886529
1228315356
1230067169905512448
746471226630103041
1432285513
1132033298975399939
984428881334624257
4773460505
1228957582334795777
2430199825
1110872351216947202
784738950388867072
1027516470585184257
1592512987
802238817411289088
1185977202569076736
1185261411905048577
862723711107043329
1191782619379306498
1165770597089120257
1097098065679400960
776595612594614276
1378702999
2287250233
1150483266241212417
380217800
470326725
883514172473982976
2233434103
1226928493507829760
1113814816492269568
318435660
1145429843401695233
739599982718685185
1226257928728010753
1225642747714928641
137455853
1224809034768883719
1190074953594363904
1224920209447964672
1129348937448603648
1633465850
818186928
1225117928393248768
2890635478
33470896
4127733070
350380069
966469831007535109
380167722
890744795160825856
1225724163417157632
1225755860237832192
1225852975282716672
2938687931
1226061276742217728
592316562
890420837127467008
873051724604334080
1224429763743420417
1221848570107715586
1142593193956892672
57522725
1223340384140636161
893458146
1172548977528659969
3290281112
1223975231469117440
45975114
970338067943866369
727521370234458112
1217180953627459584
1549671956
959069171848904704
940521730916970496
1202042621037813762
1027456394482438144
1197125611237474304
1217268015932354560
1214649921787219968
1213065309415821313
1065469740355854338
3608255656
1182272325498146817
2367279846
1915213218
962411586358038528
488706003
1221104022586830848
828288871075086336
1221768402911387652
1221569344821518346
76351820
1218336944335347712
1097053339815215104
933434618300289024
873283715627184128
24961566
44994391
1220379814630232065
1220742854789734400
1214253225156595713
1220418236249989121
1216685099292536833
46217240
1220032157973909504
1166532699093229568
1183166375168217088
12949142
1088134971594805254
1366550190
1198636072500113414
1203477367156592641
993866337108873216
369321168
1204388570787528704
29467707
1219372115364909056
1334647963
1007501817482285061
810050502671089664
1216582368871493632
14326631
4405613007
1190952186211115009
1211459958484504577
1208187744469573632
873464628
1026143135624249346
921680331308224512
4556604695
2391046990
906837970656915456
1217812501942980610
1085938727279575040
1217609034708213761
3012538157
3488345716
1215767543312527360
900402576998400000
2508773563
4886680186
896074081019277313
21222677
267909853
1196802688446599170
866752414245953538
1216510540194906112
807403836302356480
944707050466103296
1214024822964928512
1216390817755148290
987888270192230401
2222089139
1058315071695343617
818193427921862658
303345617
1215997618783866881
1182042757709406209
1215487252891078656
1161428571379916800
1215749548984893440
867394569587093504
1145854979074404352
1195096734721949696
4160146696
997450952
813108943773978624
37260838
1210894310259838979
1214990919218405376
839338162812043267
1047906165097725952
65535908
1187858100708990977
1197887413667926016
938786761018187777
4902037162
203123116
730099932
1214020277148930048
1194993488116494338
33127591
1141703716338163712
1213928075857031169
1017714711641624576
27290924
1323373969
2743077318
17084697
2996610676
1208091869143535616
1211966145319714817
1208789236964560896
1213042445346230273
1049417383390003201
546981986
797410928350334976
1164261788596232194
1081862644343234560
1189566101501501441
1091338734249918469
1179391805550399489
829771703182036995
436571000
121068839
1156260235444666369
2266542944
1121412291415674881
3176362787
1212118405639065601
1165425104852901888
1212139582109569024
790681628179857408
2848273882
1163688165753798656
1211778467940859904
825445747
1144371267891539971
1022905585
766009494673522688
1719022614
1180563959960739845
4221598572
901970609663483904
1137769931380944896
2633885004
1211401039007453184
1211450465524699136
954021639687229440
1211234119813754881
929369242159415297
1209624469196738560
940354694207168514
1178744714331181057
1109053901955887104
1210240433877667841
1949024616
1188996447947149313
14945719
21413921
1207015200978800642
1093297314830135296
3049492894
1065304157270302720
2294983794
523085134
188411919
1205304261413941249
167542793
388819139
973937423221653504
759354489769951232
194232496
942551084
1065040113372139521
701818008583413760
4911324614
786222857080668160
972587516
746625293125771264
1191457940814749696
193917732
1009072198307500038
1198277711216689152
979622305583321088
1096189997370298368
1205502894402871298
1068265250271588358
3063981052
885376968459472896
891694430431973377
1208132970546118656
1106487832632324096
2937949498
1188118821158211586
918025176
227463767
1207762917539618816
1116226112286126081
151043988
926611664065011712
444056010
811304393865891840
214562681
1055847088116903937
1207471945232605184
1036822158826123264
747097087033118720
2225391848
1136752417834487812
308574325
1145043754656632832
26933188
2317879807
958686514678026241
1192370202211696640
316786498
57949883
1189594419873353733
2802808279
3342935266
1206984516004388864
308701309
293136425
1171846818558304257
90312879
2185879788
203952699
905551149171740672
1206217471042228225
3128894637
532649420
1206377236921749504
941457640810524677
1162290693773152256
460592674
1205331000571682816
1091358020049821699
1517964894
978237292631511040
1005060803421200384
1030504377247850496
14812398
1143751745295867905
212110966
961368965980348418
465874458
788787688736382977
2476030651
1203279797167755264
1518402325
999687433674461184
486317683
1184312235830763522
781103773175406592
1203881193273511939
761363750196772864
1204504990624231426
2322866275
281851419
1072913054709485568
1145702015374438401
161685142
1151092953823227906
45233651
472197438
103746113
1160360250781904896
2843327567
34806056
794600713091432448
1203272096408690688
1178166871616557056
3160319484
795193683012448256
163491404
901708133214691328
804055305483128832
893630046098792448
18093616
1201935772158439425
1139699811555393541
1197698528115613697
1153650880065036288
1185435891776524288
1197824181133598723
1200991893305192453
1200887744454709250
1186342618772447234
947935988310872064
1130883365245267971
1197186629292703751
1189650790165700608
3847092695
1200231406384898049
834204026141032448
1126941492965253120
1199426695419301890
1199084408382382081
771057033348911104
363659022
1108567404861407233
1120161717856739328
743018714170335232
2301905315
1159411483253661697
1018641569572970496
1084649480564166656
917805406247899136
1196051812022919168
18196423
431187881
3353765518
4805716222
1013458695294996480
835908072
804040362893393920
973494767081459714
198547044
4175363902
1194404041918308352
847946368073297920
906326108
1196000059386683392
1195794121950031873
845663663902130178
812714536570617857
807685160372228096
43017417
1146112603074248705
940696735038525445
3221172655
354170353
752035207860158464
749915836459184129
897763320383635456
4502426357
3092076227
55159417
793127938287894528
2796325911
1194747304072372227
4091789427
1179434994474860544
1194715988710842369
1194137044383158274
1189565818281086978
2853741989
1189358336250130439
60318995
1191205571229290497
1093574610120048640
924540710249938944
963218125549383682
32829691
1075763398493855744
47362464
1180030221786984448
1137073218622238727
1190638242338615296
56445603
1144647472180060160
1102453518898618368
1193031246965813248
2843713972
913373925861666816
559030568
712334829388484608
1107011984342409216
1192023791611916288
1142201430520061952
897532408144175105
3253885297
915312636560101378
727985427248865280
1163503083059593216
1189164249517572101
1191674594836598784
1191898667965435904
1055225965679427584
1149112010526711808
1191972977035948033
1013438433216335872
331417062
2300869279
842072569
1147660357877534720
189355737
2913923425
3081517919
1190904666558812161
921685215084498944
1190696346455433216
1027853035190595584
1187416239724998657
1045762113573130240
1110679885876482049
1151203370264334341
1126222498255781888
814282091571642368
1190298669683134464
969291977786236928
1013429684300865537
900644194850664448
539919275
2435866714
1187446567634198528
194616783
1154767667418394630
4524998062
1174891244318863361
1164185015753818112
1130134921635336192
933932876
1025952521234264064
1060125623404949504
1187004672399335424
1179172272248180736
769637121925582849
838438590124187648
1041693938451509248
1099730131948654592
1158872758656425985
4906111386
1037372973185937409
1049208946643423233
1181973019037720576
949176410328969217
29986370
1115725873926234112
34556649
223481064
867517876152000512
84337252
3353971750
1133677871233470465
281987685
882348123032604674
1173180553039949826
1172292100035174400
1160818598975176705
1116070844588077057
917632225
1112008488761344000
1071508614588846080
966457246560464896
1150938692816650241
1183854798275317760
846139881915125760
4529971048
1173156735558848512
223484182
4440418588
1099719127491579904
1185008928276414464
1017799331120902144
406629764
935282672976453632
1112417717670346753
832793144085262336
1185580065758896128
1091818713857220608
22080943
1144786957136027648
858380297553027072
1151905482875068419
1038944394534166528
538787226
897852520487366656
1605969032
1492991539
2458476536
909694881425063941
1412034379
2303110187
936461649891880961
926072042637504512
824264210205077504
424516390
98549214
2279145393
1182889057501663232
1184570418511917057
823288021260836866
1015991780775522305
24807171
3666664101
993992087908446209
3316269755
55962977
1184212255627468804
1184571050929074176
843611299816886272
1175714800476852224
896940806124294144
1181329908691296256
1177137189098008577
1058059148405993473
1184106843846496260
1106985241414119424
1056740805723877376
1020753951988338688
1151839701952802817
1183865576344735744
582110240
1177624180747128832
35097803
1151119379959934977
2432310906
2382437845
1121156936391626752
611303048
29003960
3430967987
22137285
1178988967540219905
1063079997366304769
965451112395415552
924825093389381632
3042185193
4203258370
932349813009666048
528991036
969501181109141504
787966461847363584
2469763531
168389827
1165299482231267328
1104107349466324993
1557873864
1070822008051634176
3740309894
1162764403542020097
794288876361613314
982049008024805377
261879278
43808474
902885235125358594
1003659808979890183
2586123608
869650721372856320
124560213
828036716749414401
1142042085484310528
137474474
1121375276670308354
420225313
1161065919034134530
133773057
877897617883230209
2535317405
1175954221809770497
67039479
2819882936
4831256475
2572724743
1040997560
3641375595
261993852
1106408927632207872
1172334449926627332
143927745
1181307806164627457
1180711214462070784
1131210072267415552
1143057878468591616
1167960440204398592
20973159
1181060232555970560
147982719
907644886622535683
1012776873925992450
1164321968742490112
1154085387163357185
239597336
1118711947296485377
1138956830065868800
369184678
1176913809946099712
1054933382700904449
475191365
700786690718191616
238143302
1178050406917853186
1096222622642290688
202629418
62630259
1177478752751644673
994949630222712840
373266120
992317227079753728
1179979666200899585
34365030
1158123148333576193
755266896
289423264
1172965620398379008
1134269768
1179925368423243777
2290123645
922153640458096641
1162570290020442112
1159844138163961858
969616264300769281
1012736104888487937
952821008184020992
937158826704490502
169016951
819312223768154118
1178605961961000960
1003797957697818626
109441206
1146477654801076224
810607830030020608
832667646764032000
1150385015928369152
804472528936824832
950289894089347072
373675038
2270083340
778594630401191936
2534342832
213970535
918655832392437760
45713653
998194792436727809
1163882548147175424
1177906410975354885
366801500
1303139125
821348621450903552
1149137160504774658
1085874622497579010
1001722138884300800
779413113154207744
980754361017024512
779209579
38790085
3102537224
941487270
722636039983075328
849353837165129728
814144081785999369
2597697199
3005203860
3289376535
40625585
276286457
814174961464201216
1169611681174978560
1154992243696160769
724769842524524545
1175490133908496384
3592827076
721984915
1082472961079152640
217834632
1142075525722202112
1162168561206538240
733668996
771812925380169728
822036257970778112
3372765581
1142205549678931969
2767608269
1176223346079539200
1145543942999609345
504428666
1165835196299710464
3049460688
1522508088
1175344507245748224
1020374023308496904
810731499725221888
1498574293
1175049333407985666
761408394653753345
1165105129550467074
55109714
125864626
197552720
1174927660813676544
970069750167547904
1060621651367395336
707629339
964534313013391360
2530913162
2493204512
1071920911022997506
20722476
724560431210225664
803058291177902080
275766357
853436741709176832
212843855
1173258506339831808
1162891648835162113
251052944
4787545161
1146103011673923585
981519166200074240
942674868692172800
1173348081951289344
1171289188077133824
1173402306949386240
1117163661334929408
481009474
1160238776997691392
2197686497
1145394367189798912
388649992
1119027102857220097
1161298693523419138
1140514091213176832
838515728185688065
1136768774953037825
1172958820475129857
1150367226542923776
886810743127060480
839292602981756928
1160240330907815936
1121829519449579520
447901259
1124365382528036864
1172663976670502912
935710762647064578
102725112
856125085
1026717073899171840
916369857679167491
873644670424895488
1030725698460246018
4560018380
1158511695947587584
1005097326220922880
1616294354
1171887189959106560
1171443534278225922
1165831597318397952
1508469224
1171310374064447488
1028139875655135232
1171022779023577089
1171138557337096192
994432329023045632
373938136
1167685822981824513
805987830505869313
1016968924531916800
1124091736056320005
2358174217
1163892718600409088
82352539
732402660180152320
2213795851
202979681
1156925600042553344
1159778205001289728
28288827
1163112891505172481
4853185607
1101972603512614912
40410822
1079073768214069248
812473643473182724
706295336470351872
826525977228541953
3043597836
1058472210002796545
1137606235040206849
1431135534
391556948
1169120694237618181
1168671873732874241
151586257
2307314419
1107732377256648704
1107466603
1083873690469621760
1168180237538123777
821600897386115072
1041826549337649154
1165948459897241600
232793848
1114718169560690688
2153933946
1143324892525260800
186215424
921802088186896385
1113326978403164160
2991909932
770833604674985985
296023582
14455623
1167451818479280130
1167463851085967360
1155831931180933120
1121493960449458176
1038805441793454081
1015189197978775554
4428180735
96163928
799949976403136513
1127158321482489856
1296513601
588452130
736625714
2978960225
844537744575598592
45599954
788585788158205952
836277620639682562
1105875383071596544
810261527269777408
1155504836965797888
3343226111
66959905
1147517263932776449
909245227755556864
1521414392
1164259959795851264
177489071
913605500
1091718864952541186
1161261546003210240
1010001334685163520
942660351702601728
1095510059465859072
3144029830
468640410
3400338603
51149234
887443386084577285
976628666309533696
1147926282954584064
1135100195912527872
2965735467
779864983358144512
844930045789523969
1131591484229193729
1060506597510799360
723254416678223873
60272598
859714160992669696
1053280174781939712
1160584369528086530
1082026015403077632
843133482414960641
22545453
378803038
1475317609
947727727095713792
2239362155
1163973323837059072
1094983450317283329
1157054722164965376
1057665610220531713
1130624330
277314811
61609770
1163454667130626059
1158304025764356096
1161212690993438722
1154481699318878213
1065775800719474694
1136833505034264577
1150218554605625344
942807080922206208
1095735806197710851
772787009198981120
846170841477992450
1116236881409089536
1162087693213425665
1162084776498618368
50738644
752718633961287680
1131537896484331520
720026030186975232
1161056829272539136
1161098416266588160
880547584795955200
504228747
1140442434708615169
22576307
1160334575295520768
1058385097248825344
1160573562425610240
353803149
1160537265770156033
548053523
424439252
1076245812538032128
1141090148526034944
3949769440
788794717806919682
3156827737
905484867915223041
438013425
189770284
1094734564172464128
1036551914853462016
1158275759959678981
1093960118360834049
1120134498958684160
4058142620
1111714498270973953
1151335320622964737
970215304398884864
1154523195267063808
749688843297755136
851574708797571072
956997651177852928
2610286794
1158056666765467648
907616035863515136
964647262352805888
935577405992898561
1108495540495372288
1132117771091828736
1158200811614351360
967982194097643520
1087445293002412032
935559585074700288
4849247297
2801577920
1100404917896790016
183017088
4885525736
1157706045101420549
1155957641216167936
1050735939255844871
1027838617396240384
3247726346
898952564292636677
715993776515317764
1086917954204184579
935234742613626882
1096283169899380738
3053720755
1082718683242344450
960493427551907845
1088947829710643202
2669562421
1075465972667084800
821285761496600576
1149014298905260032
766979546713169920
876626277238796289
1116766980596543488
1103104139209334785
1134830768583258112
1155501047785435138
4439232376
1147894246952845314
957895561339863041
1131438437075116032
1155226701695201280
3034700337
3335498679
4703454253
146666161
1123353057096605697
1475978850
1563592711
4229803093
1150066439002513414
42022064
933693476
2784120457
814722753538457600
763143593242529792
970853918958899200
203322591
915085129847996416
1145063468095221760
826243563075858432
1134191141929099264
1151965736484659203
1082978627938066432
1065229573539938305
1152477001904775168
1149309962017021952
277151507
1136669924934336522
1125287020501147648
184696262
1063750539605876736
1525768122
989567033430986752
1022073093517438976
1104998842557255680
1684411928
3483430823
836055936
1963527768
1109221691245424640
1021173134790193153
1042309610458292225
1147550094067150848
952124060946829312
4705970922
736887462
879737457893363713
1097891240182497280
1145081234424418305
1130932262839697408
1034065926
1150104456383664129
4330569813
842158809707626496
947224219623997440
975857993404289024
988660047633944576
1249695446
3290256479
329842910
239570572
1050606888646144002
555648745
966351758770495488
565959125
777880571137626112
986135255571722246
1087520967641972737
768402435215884288
1131983878447456256
1146878840985178112
1142270067188609025
2335764668
894949705779740672
442898693
1148690932281303042
2351783978
1149143217453117440
4203076153
956167365330272257
1059693581592551425
3341940237
897374037143433217
1118609845798805505
786258664046727168
22746775
1146509923683131398
949705925635518464
1148020104921305088
1128367110168686597
1147762199282061312
1146417844621586432
1147274464113152001
1144025570877067265
1147138948696875008
1147199102339485696
1146819922762326016
1050343857685172224
713906011850084352
2400862634
1048204887614521344
389894112
29024224
2576369718
962046335187787776
968155068687056897
2300302440
2661453643
29921247
1144797974192623616
1014109355464159233
917469161152016385
702962840877936640
707550402
1143371322791288832
331105597
758723418971709441
3379541332
1139961344835244032
808886173
911327701776130052
20861858
288892639
1142790430750326789
1142592547610595334
1564453280
730693248147030016
907619507828609024
361628602
1139311864532340737
817707182179418113
1055852220233777152
31274677
1140133160035991553
1139564012880969733
1139920125060997121
876987395748614145
4905839565
1139294941455122433
1006694174417137665
1135963574092935169
339399715
1128677931062980608
2432264118
226892086
1561306278
783824029123829761
476562608
877925188687593472
1107343549060825090
893046901112799232
1048432978731327488
776384191739072512
1072224028356694018
997398619425857538
1132042363784839168
1127137036228538369
1110250989074948100
178555145
437142970
1135239267272339457
1135236529939505152
1116028233764474886
947955652479111168
770001076582019072
1027513106010923008
1097319199502938112
992855408845967361
1072049554772631553
731732329572376576
821795813676515328
4532953272
969547132238794752
1134169758146994178
1117414717562216455
909563282075394060
1133886017281245184
1128296472372400128
1088302901745704960
1118548653055139842
861272191735869440
718303168875139072
200268145
1087720686515306498
1124579503207006208
1131747739832864769
1090912240100880384
1081631826152706048
966851507281973248
1130197778024587264
19717233
1104556940
1124238200153825280
283324428
1130736849461403648
1005981996374482944
1061082559847825409
1083074469265055746
1130272658837385216
824045958250037248
703216352140533760
776560422619054080
1126864691865817089
843987301663432704
4821513089
355992599
1179749336
1125430715540287490
1026160934232969217
1106058782080000002
138524127
1107272297017163777
1128037840485584897
857874682057543680
2296488261
1109532876310302721
951187262661853185
3693042734
1045716229972008960
1110911949498449922
56733855
1679717808
1362814699
585793071
1126502478667640832
289762786
785221249
908486335630946304
954741394605772806
1087646143394316288
1112764004248641538
1055479014817759232
778631461834489856
1407746743
810435588843335685
1125112459189080064
354049475
828482173392953344
1080341452071284737
2249848610
1123967542547054592
1123801387807199234
882837076944629760
1046976594
1113685023662792704
3389906644
1002000550995443713
375287919
1045819951876067328
334511002
1098018107002638337
1122632758361305089
329439615
865719312342024192
2710099995
829399232
970640204573872128
2668455300
924884192026079232
962738290628710400
987385404516192257
4678826977
4784699415
1118082811813158917
757337866892632064
970217414171377665
2457180217
1089520240965373955
882627624094355458
2159639971
551085046
1071127788734820353
83189866
1110722076715962369
979395630597632002
71075484
1040537718797721600
785483227859419137
1071227430851887105
423079168
297882984
967218839032184833
41154964
258349041
1172355895
396717841
246667921
2742111148
587311184
1046060178595074049
1092067189945917441
715001241865228288
766838334802960384
1117246924791451648
91372751
967264395968598016
284595501
720916915
815175779730489346
2861888720
1115403797986045952
704102666255859712
1116746994788159489
782068938804961280
3286921321
1109379084780331010
869233353194586113
1103551820092203008
959876749424250880
1114217530703400963
989880355883769857
398415132
1114185503891439617
1108889682887086081
833368249031131137
314522187
220779036
949832406999224321
860486570
1115683481999122432
523746779
1051930639811923969
1114625414817828864
817556812467605504
3249913970
850194160518823937
109610838
1070691283037908998
3804609261
2391897518
1064068836922658816
1107765695289397248
848932503486377986
394891239
32835009
748566163081334785
1112894563881029633
711191658776268800
459032398
67071520
31273520
835486151519645696
248232279
213055184
757249856175878144
441330704
3165038153
32933298
262382569
1112026769366966280
1110766469661388800
713391837487185921
1003686746448646144
989319618937393152
1111328599360135173
992233151580790790
202658229
973030829617287168
219235667
1104457836946427904
4876114601
1080200353
1110602856715993088
818712078
2732015393
501866719
1023608333574590464
1578472650
1000605364809818112
854036253561548800
937075868
919813059979415552
720670716509552641
14443412
1111093447979470848
1106244088486133761
1108524006175633412
19786121
2484505992
3066002249
1105925717626368000
1109508416681246720
1088203004774252544
1034044246754578432
944668112674226184
990976968052133890
1110547701001842688
1029468890429091840
4700137995
3344797813
1100597038633418752
69377737
1053445192542490630
1104906541830934528
2807439203
382302516
112900548
1058542993420935168
1101132159128137729
954462654
31015961
39524149
1006995287783755776
2338609704
2823536171
1036001567252652033
951132965471440897
3609762852
968648028402860032
873660742951731204
1270778522
2566031840
782624583316758528
948406440917483520
745109855489265664
811468059827269632
1401978799
1109689051144085509
298733082
1018687634737127424
1564175305
1050549486173466624
894431867428057088
1031870375179763713
1098452617376587776
2294558449
1968614058
1092399961453547521
114595266
397596985
1071452227523538945
1015123727967752192
707423869838163968
796103341
757990161217101824
1109227885879918593
33736468
795706089060896769
1093098350814117888
1107418171143647232
854548219467935748
197186940
214001392
2382733897
1084308504406421510
1090232119165517824
1084520701384671233
2748931660
785449001352966144
931332902150795264
940887668182921216
1044192847233253376
1087022330818281472
916078850127175680
31579226
1024746313995317248
1097046330034278400
1105829799447220224
1108081891511554055
896396707612827649
95091863
110685462
1106580885695070215
78225868
1027378392642056192
1063266870969753600
705123307650158592
2827425690
2752029255
1104165722996043776
58041562
801739212928249856
2948535520
1105858055684718597
1516089062
733768994252021764
45014140
889223624045060096
880782723618672640
41631181
515451557
750399018
21778166
878780461
123998487
1095751853130829825
1084577943987384321
860332264781213696
1009162822520004608
1010956704513708033
905996684701917184
1049458666007613440
1000039196982218752
857779386010882050
985150133351395328
1040241106133364736
1035477565962694657
1099331270625120256
1098267073409703937
1099827291646029824
1096952562228609024
49485394
1100810961647271939
1076934700793544710
1103812236399779842
1086310645459550208
822946296399011841
781176931030970368
1071875283509231616
751837474779987969
1069430745595285509
1104357561220956163
1476078522
882565627210235904
2439136098
758650563307470850
943183169532186625
432571253
951305459000008704
311914255
1069300388942233603
1034882481869279237
4272988225
1052041440891686912
985013248293421056
987345432052412416
4827677906
897616707040288768
190049848
1078460701176463361
22122985
7701252
2191803465
34857889
2558068357
854740652445315073
1047405141253603328
1022803227094470658
1102370013162496000
2911212242
1040868524
1102758110010081281
702247731524317184
1101576702453534726
59177483
1092662911846121472
945280480965951488
266722897
1083884925135347712
2876805107
1534962612
1037438720847355914
1081136798116601858
124452565
387147367
1043920204005355520
755001323460894724
3349572312
766512782607015936
3135095179
922623907189833728
1089214046170173441
858354092
302877784
772581793446912000
875794427725234176
1060381278409842688
979691354665177089
554446395
912853184024076288
848199253
918680837679284229
1100541304126226432
312211140
896505038700281857
19205952
2405216660
1060297512446246915
833625522982813698
1071418778955759616
724094212749201408
558095241
1098828514424320001
1023702705125113856
1054567835085692928
741652063503953921
1018144154445144064
1100185918651142144
1065367864549523456
3335413093
968855764281561089
1057733309999054851
1100171814876180482
394725061
1095980675356868609
1036622509653798912
725121719539736578
776430344841101312
897276257234165764
2967114333
20812660
972654691434692609
57411369
1039385586803458049
1075761546649755648
565018290
1056045770854424576
1077435233190981632
1090098689027305472
3219461544
19164958
1097695211466248192
894190837185224704
2953970389
1095068152357179392
4208784194
1093492286665736194
868069088106598401
63826026
823456179401596928
1098018411978936320
1036020425153601536
1097890532221583360
1098153280490872833
3081026023
1072502067690909704
799362330672984064
973668869700243457
874565239
29965357
1061460555326767112
721085364677525504
1097035230450511878
1093663717818945536
1066018874603331585
1052679324808167429
3236878119
1095680959360499713
1096439282481414144
1063801496544911361
267421543
584134974
1016188813
29362681
1083026985255870465
1078837716207382529
2602239103
700753804325625856
1004755275746856963
947440824610164736
1096058908446203905
3423530777
1065461244
992523469215612928
91498780
3372972808
2888085803
4460100382
968943133949091840
844637307214987264
799111347111751680
553440611
945145880549707781
718464392149528576
973943225215016960
338434313
2746400458
984175662339690496
2372888671
1964470356
1001115815582744576
2415672998
2759983588
3172235114
1092065031687233536
845761404032421889
1015016528771600385
51594589
905131066700247040
1072511188825726977
1009109859873280000
47395667
2314784761
1081618237463412736
25721806
794043657456230403
914166210262192131
1071213733911977984
885208683352817664
3574361056
1030247979536416768
48048466
15321895
1090101348513673216
366008526
1052240289539207168
37976081
16067908
768082692009299968
1082435915585327106
822393635714961409
2467844166
1011228550781956097
1060077255836266496
1161546762
191538750
115473284
1085698801241751552
131952828
820678335424565253
1062241438933479424
4890087124
899323715225178112
302791479
1646308484
746707887083266048
832070187121651712
466627216
956593590842601472
402322977
1007121509020848129
1007800885244817408
962218329824952320
824184697991397376
60116205
797375203080814592
752700896858017792
95115251
912133757293006849
1082606413506117632
856339612712566789
771223171181588481
1016203122
2233833176
852091473344573440
468756028
2236648082
40940702
1054946877374951425
713117115704745984
1003467193445539840
879077964830265344
2269418875
3313028954
55599228
807422823199363072
2324015280
753098853725958145
367216251
967233900354433026
280000083
769473947645587456
1363569630
908573161054076928
1045551054694346752
2652807043
889196321885876230
350050715
1086368871479529472
375454618
1075433842855469057
712003957732802561
990027941345099777
2407544636
2337008125
1022581975503097856
978707251430088706
875030293333372929
93146330
824350662
2295387722
808632745140293632
1089864918600376320
933569811023581184
436949130
1004070871097593861
952164002557243392
924120619951841280
739649833208680448
54898195
4167364259
19754973
1085420095332061184
825872560017567744
27123283
1058516549869363200
2967299151
907993157098340354
1080180945003728898
945237496572588032
825640323275694080
1089296987445518342
1089331799761870854
4180763655
1089932170083397633
981791478765817856
403794271
577741324
341228627
3916819752
851065987130699776
906568247943757829
927553662087520262
365233457
2901810468
2316039775
943343420
1055540861155639297
1022224921076805632
32435044
1089611806249750533
1014606759921500160
1905823212
553027990
311322860
999067312618659840
957489156745121792
921476756145614848
902476398576721924
1041702448795013121
2863937925
924142728
2401969524
2475623330
245641059
1023403284877508610
879412542745006083
763752372753489921
3239672146
2956940206
620116710
1085487018841464833
995851864578052096
1088443268805873666
922354027257405440
857947968665681921
1028456894728351744
830943535432159232
861716201055145984
1085605118857359362
943573230064828416
1088102246309642241
187024171
163495385
28542003
1087079515287928832
961066714401161216
1075609786702548993
328888495
1074178276892000256
891323283211268096
618098805
1087432497460273154
1078159033
1087797379900817408
714477340525506560
314839640
801707976520253440
715119725341061120
861809174
1075357387052077056
22299835
865162936129650688
870805136733491200
1087406061580107777
954399180209913856
4838561272
916045278142238720
1059883746118303745
967259313684312064
2486698507
971509219995262976
1067023027081289728
1014624624
1546172389
3368733712
1069707012156604417
3319368097
736366222485360640
919253589671010304
984712252015218688
768516522818015232
216451248
1900293397
867100233699913728
1025554722973995008
1033467026541445121
792286843
2428359552
874658640774414336
1171797932
1056307733710991360
3397547171
309469779
213253856
1013927961966280706
824354561095847938
961792232939556864
3815485407
2355684058
804001723589263360
909590339379269633
1026142277033492480
326584594
2808957630
3152464503
132003382
228596531
30760324
1035486308565766144
980851608794824706
965600773
955916718848790529
815298292284264452
829779356
738347870600998912
1081787689886773248
2780827567
436385776
1053965296904609792
1019256135981944832
462744231
2153739518
617412267
2873304423
427527975
826035745659944960
43712465
873829601671127040
729459233838669827
825823841431732224
779981036067299329
19887840
835182489618391040
780102959644291072
88993735
982537640493776897
875773396029644801
825728106405183489
195002946
987525715099766784
1080924154340220930
47256078
918436827664547842
2976477196
1053096840231448576
360028980
1078366339507531776
1085578420208119808
1080247008655560706
1057242004285882368
1085222210833399813
3269735503
980876552534740997
1080259648215793665
879690241329823749
4905903799
1083682216159383552
2958091627
3041854208
1370226720
846950374380634112
4635078983
1082802682111426560
223782598
1070042926506500099
103493798
1023237049044873216
3009871927
3248975046
504747629
1053786795035541505
711960412334526464
1082846252679741440
962860018965114880
1021807348132794368
1080241959128711168
97483082
302628581
1069720356552916996
182109292
1082265188529831939
1060038622882091008
737862347616858114
888585290369126400
1081735764042547200
1074579449134247936
753815138528964609
953966019223179265
1068936653329321985
1061154167400460288
2935039314
1081358002534473728
567151585
3297090039
1064650195131076608
1047561774835281920
4452198495
756452080219455488
941829558965334019
880181051083173888
23480318
1917123181
1008423225284616194
904658451737051136
1000528298626056192
983284452381155328
74244533
1040085744633700352
1049506130223882240
820428931887202304
854975402577731585
828716125152276480
2266662432
62304775
1080213944738955264
353027727
1027419352394432513
1032396975210156032
20124356
41378284
372612572
4878811191
873219228383322113
2661160986
1051918855675805697
1028682134846926848
631781675
1039702432312385537
1013189148419809281
16634922
908863517050028034
1078455736932450311
2832229243
2256058692
1078120727461543936
790781142857199617
76217543
1946024424
3211523842
220478007
1888896956
831092703978979329
955443519862210560
877270381748379649
193015501
974218748218388480
2443390358
2872539789
937162865491902464
1055230520173436930
935970398096670720
1076768049401876481
471723829
2885691232
1137453487
1073307670512312320
185508695
1606029594
1075953511123189760
1049423258343415809
2168348689
74245749
16029910
1075455741786513408
17008816
929330286609002501
2688740807
833786927048298496
28457417
242310841
908472159571517440
1063023151766892544
904714659160358912
1073607602276352000
1072967998875557888
1858286059
1494648920
803353746
807285974199898113
3382008621
361098428
876454847561814018
415905634
14281777
901852202276442112
1048332403318513664
850361696103354368
282686727
961702414561828865
940750918215069696
909968437333684225
12726792
1053855558330208257
113022733
1004404817266135047
183027739
966902626624323588
3106787658
119815139
1063585376038674432
751568520
2151418952
938232813500993536
988463808644513793
213787961
526000287
858305261022437376
1071678227171618816
1002315855982518272
483288555
1068034600839065600
1022543148915073029
2218606508
923396355351044097
1069491072219430915
102024184
1070449002909458432
259614643
867380208554442755
26853182
1059479838002679808
965873992010678274
764058455653097476
1067620777359372288
1069602273876209666
1036866947282096128
828253251535511552
767390240092717056
3097242767
16667912
833510865949200384
20478542
361334467
3156877862
727554290626109440
1059742737853890560
1066207689494200320
64229716
3269434189
908734560590028800
743573484282994689
2578394465
883689913534865408
1063355975351107585
1012996749202345985
1028959241745391617
1064825969184309249
4881025918
996475198424666112
3342991953
757240653302599680
713221570295173122
779208371484430336
861840789416095744
1336277768
4866774821
823782825241374721
1060299305737629696
1052839395907305475
2993864582
44114927
747902572212584448
2882474866
1055877718401794049
2482854690
751463688339611649
100023916
248293840
99808390
787847062213713920
835876650764156929
1057964148917710854
1513374212
1013958950465744897
1057062630966341632
377219965
815814213537034240
875412475000365062
1056759632717172737
19204438
781001334
792906569310670848
95092020
899417437434785792
767960339547774976
989908297150058497
4829675178
815728164722774016
342161731
4569991359
1054400195117539329
730848576541212672
883433773894737920
1010161668742098945
4085288662
596352921
923414775295610880
2298323274
1871926728
1050146264321613825
926196579169529856
770318880678043648
897079877836341249
277953537
308153385
1039651024095666177
1033074111340314624
984819250903814144
1051237008356597761
492689214
2809680389
1091853968
254312341
3040987959
918448245034102785
1027309422903738369
1048602250107658240
990780772993982464
2360515424
849075021381337089
965545631589851136
293579338
3310972141
855035725162700801
1009657602848903168
833632584143822848
49641651
1021757699313291264
88168692
1048856598666518528
1004567360597000192
1034796766095265792
981692110373097473
2787277133
777026637581856769
1237173733
4113024195
736314798485295104
1013421075559002113
800733253531357184
84129927
16862256
1046796064559452160
839917628
922093706924175361
901044932244385792
1005159812282376192
1046750691660902400
14895030
701685216444858368
832442842110898180
817142299
4905357615
245296421
225932851
1047259017045848064
1341967386
37961076
1046034597774012416
927469429360820225
938115297382412288
943273399513575424
958503956371648512
350887805
877089579446276096
1043021317941784581
879201070047789056
4083072315
1046510593165922306
948303184019193863
780440012332466177
823446593240231936
1045658590751731713
875117807993860097
3761046317
1028029836403437568
2819364904
1034572875204718597
994261122277695488
74533796
926034431910952960
2651695278
791398411
988849342990692353
182778011
940124009798209536
325716763
355752178
386028702
1031189391392354305
418028539
962650783182331904
4463144714
172373546
296150557
855021301773340673
27121313
772019509871931392
894394778363867138
1008508863254056962
203265023
999769848719822855
858899997626118144
944022723776471040
2967289828
4288777696
3622251449
624210678
48117116
809634353391271936
714755500152340481
4921349554
917426473
1033167837848846336
784399151891095552
861389753563959296
1008803612364103680
1291454695
871650706381561856
4835896833
1038477180857208833
1034036623196020736
1035208933240008704
1021156388935032833
1037377916466855937
1036361407439065088
18649451
1033269162859266048
356776549
998528950992359424
380898161
1126259592
1008025116452761601
4684695571
1024804703983550467
923638116757450752
805517942897180672
853593085602869248
305211380
883382034638540803
923275132071800832
1029734641429823488
3159161939
3230033035
116540062
984353483263479808
620339539
1013285590358519808
9287122
3781643233
1029092531626237954
796910319591428096
1038885840
1009200321774514176
1022964437169463302
1029098049623220224
989544231231541248
960299183004626951
162399891
55579243
778366444002119680
706362246683734016
3295347892
26520948
803251521827770368
896183347155804161
1013171848543170564
1025658994562621441
222476103
798681172519899136
818905354205622276
375348231
3019870638
171653428
1010209400651419649
933273504341901312
709235619940143105
791922919752470528
754823995728343040
1002909203323916288
896984334678212609
312605474
2876128636
32626129
836282689938313216
51567868
969594197870292997
887270980242087936
122148395
81475201
4311840815
718874479
4352470153
896841783711289344
1014889929950814208
1445663808
1023447330438225920
1014852384948879361
1006874839137816576
839854034303483904
839319879970848768
1377946922
1004340239173935109
1021408373474983936
762261403919085568
2457207374
404815629
942457648208928768
20529352
32337880
74366145
3006943505
970393253467033600
807784040
1020105708988174336
924369656
1020372542425477120
833732522546696192
891424811095920643
496586260
108430402
20150788
777483478891802624
964193617945546752
754628184600092672
1008746884004040704
3341586946
1454564288
878144305226973184
65368061
1931191164
2767174879
3309969395
846204140384587776
863358947461390336
1016914660526829568
843862911516917760
852748531114754049
1148804970
827087309128478720
866457762603163648
844841866449211392
762116400106180609
1015541038985990144
3304499628
1014861358104567808
956304828845690880
2329219443
279872903
711233809338011648
1581322626
15012642
832259012422987776
828230865142562816
2775549518
795381069709266945
951179880833650688
1497105828
817903335403585536
847278842
2865964389
606403456
1014230727079219200
833033505374347265
825219715186331648
1877793240
1310728363
945662464208781312
935654063076757504
2864244868
1952745222
72362712
1012563315481088001
4149372213
1011450368046387200
765271558864633858
850453233084583937
1009830200274817024
4891426522
827899589717946369
839260521190678529
4832478149
1402031310
19168672
833964154415374336
947917050185269248
951886655836819458
717381232271593472
2875438591
4851440002
1443404130
2466524598
522646590
972039881605156869
3611156655
948635352394321921
449255788
992543468940677121
701931160297938944
823158093672484864
3432851884
885059931103277056
2762069780
286174690
962714807983071232
228448596
1002019803446611968
799098725742346245
17702252
843868171740372992
2943489080
965407243993788416
17104603
160594322
2470463042
2592288341
880533162794921984
820315208480649221
869273210520555520
787932999631376384
896807313260126211
1007034482355068934
1480727611
3427962981
328651258
826528133650190337
3739627349
414577452
931815105439789057
990803813840949248
1004590840453345282
1005007371159068673
792995800737538048
988966798845464576
1000224066718990336
1006648884192407552
937370671100956678
4893615497
1609527824
985271581353095169
23174381
964013011445858305
983796552799006723
462981700
2408008634
990349526677577728
988491460902309890
355665241
884809907672932352
617928240
163923681
2999909453
450038170
629974701
983065490015883264
982401479926472704
831984906896961536
18883115
507516242
957672674137923593
1000787064332455936
931518233764683776
235904332
992904683638452225
472132412
2888820635
919712173089271808
4842714461
89682453
36699408
803742840874536960
2516387257
2788533749
785988472259485696
962892770376470529
923341498975997952
2659668279
756957148207321092
734036627266371584
3366434147
921251923956604929
969109324583796737
939692161750233089
832733391082565633
31310232
140930076
204935620
3146311
995282588372688896
996114936836362241
991787838189506560
600211003
976026523647053824
75297669
998873377208070149
849438623468597249
3830287034
946439096620199936
960117226815750144
2242821682
913150503411961856
832042114422800384
997641050910052352
925862256490971136
2772436602
908148518350737408
917441717208604672
706304058886324224
2453263154
997442233153531905
887503053632548865
327299379
23937286
514976728
58861344
984012127294885888
854717446648987648
1514988385
4127701349
994318122164240384
344510923
766571526917197824
908324706046042114
2697757255
747554274666758144
799548703010856960
2407332835
1732603394
2790845054
4550892749
621202387
702257758960295936
1125937411
23607693
742454539
390276708
880874229197099008
945260774435332097
798598261426814976
981301861369094144
1376536760
376869150
977780354265243648
977787531612868608
977710796439543808
977543956610170880
945150954726404096
954383432209006593
710552583174266881
972302808790728710
966150527523450881
968978580322603009
967666218026110976
952647675824017408
958003741721899008
3072815488
870826269662990337
2996104844
891098592869404673
746720850649415680
965469785730383872
624080188
754941912348372992
963355045814243328
289901063
961616363071549441
3288238953
960631725230616576
955753302557302785
945711120857419778
957677433175539712
953593482035286017
910590242524196866
955684482803154944
4431382545
950709451073441792
4883351884
2921347427
948018250037776384
752064661839904768
234826394
810895268971479040
790250149465423873
3040204889
3092549854
918705415440891905
870923669182328832
3246804111
941520171486851073
865685025009811456
378936766
854320578450386945
813473312533725185
941088872611569665
3028639947
835078520246173696
4144668982
938520765296730112
856583058
929571101113335809
1170819090
738740575202103296
2544287654
846274195499630592
2386648014
918238462557458432
733029275352346624
904059021052837888
4836724839
1169210689
378027642
4635226817
711764029413269504
2847192501
811054863039758336
1352756424
900214919592906752
896764602847035393
3991067368
2191380171
3083636675
1858970827
29222658
898010526541905924
892139989324238849
164096139
866028344634200064
738916801065717762
714777010665562113
253773734
734465997512560640
90234423
828169603062886407
895718305071325185
874279624867549184
3123127432
636352283
2943504513
4917144456
718600146619990017
871736204521295872
737395897043128320
3946458353
378500727
979650997130809344
896469374504243200
582230554
776752709953257472
2339855311
913164343692345344
977322215052951552
905140518505545728
986385283187953664
186197243
987054687777116162
985903153924067329
990032426620485632
95053385
900900656629862401
992593352179814401
850857233504186368
750450206135681024
4266456915
993933174693613569
994267375955398656
762002329201762309
940476900341927936
741201901501489152
972680363704242176
2953819517
960937679117418496
791643461560655876
71303273
985596480374431744
2398126605
237786487
795832924537032704
868164161716531200
4670902697
525668748
4717892303
383366679
932446546947223552
854777337832984576
905859490045681664
890062692840611841
922185407571390465
988519137688289281
989529510856024064
16363462
2405537916
538234002
914395629144682496
824834350868934657
3018742509
991534572662816768
934807689238020100
3214466631
903476710477185025
17918281
74760182
867858949567131649
72859930
1018957536
751484246372540416
914225507205558272
941753248620449793
1596234775
986692161407156225
951140620046950400
953467893802418176
586009610
76135658
162924629
2361473029
851116446881116162
877169420518514690
418777242
3101985905
4498776677
915119964448858113
1386642474
620001816
184191007
750836714302607360
787714451113902081
845070010720542720
1509363152
4736829527
949268734140649472
802289844
981759379912323072
700800823
33332251
23544979
785276534877663233
1276652162
830563037123850241
832397935568642049
120269894
906746404659515392
561654065
934654549775745024
260347851
394815568
153210866
34434801
4848238043
975183933825540097
977019563266146304
952665105904340992
922640618232442881
94336415
951100280107651072
802005234830757888
2583678126
370954484
969037949064003584
186471595
2937701728
905585546805764096
772163109880418304
166751745
735024071843426304
2532160183
809118636732547072
727693543951749120
3092583401
277844631
3127162511
955910135834185729
2809256199
58348452
764564964795355136
40755803
3030520504
236599045
2321127874
1388111749
967220668960919553
852486915525922817
3063990535
831995481278529537
751059576259239936
3124726301
889442261242712064
830387187246055425
359587187
41905954
743520386919325696
50626802
4814195774
792225664325812224
827630287265812480
3002486700
138203402
3060473583
869292953151328256
333894268
962887513454141440
60144582
706959926879334400
940593984103120896
951644393525694465
247837994
959631129237180416
3413276129
306914608
924630900788281344
741068948905578500
27752212
2808599464
843983986523324421
4573187296
956681459804360704
2715665504
867156027296423936
701233899137949700
705936824280043520
2971948769
2442747731
758071076232503296
37863826
59736485
752749220952625157
865912596087554048
22759390
904688555439656960
21956127
309634011
874290979846725633
813967372704944128
939836443500855301
874419002818400256
929418550321786880
731939211129970688
948110947637379072
1368478189
792069467878588416
240142944
854446688
823240350240305153
117409322
937285445074919425
3418851852
1246945100
856162158845059073
2882705464
406368932
2848529518
274946036
946172592087498753
787820615176564736
738722580543111169
36688161
829587313403559937
884664352904806401
861759409
320522775
764974452857774080
799998708
47677902
917486115640274944
458592002
944734281376653312
787695943
823290879909707776
370291114
1628752124
501451820
713834510941622273
930362929047883776
823197875450605569
2991660165
901597121874452480
360153986
262994158
49097621
418258099
753781917007351808
830194055745269760
825002830964494337
721571639142391808
2835299687
1220444293
1888704427
783117961431220224
868256926215393280
785626775808188416
921167527098556416
779138331846250499
534149507
892709184084426753
89176154
793421948319522816
3225592369
879885561657348096
778952146117165056
753779635691855872
942157867737419776
838270068274380802
3280853911
830400594032619520
934262870845677568
274567177
833813288949518336
832319306541178881
248686533
711623702853656576
353157574
914296939692294145
137369487
832970178128404480
4884645485
796626155952570368
856569902139920386
3418210767
739905789511471104
741377469765156864
936406114475892736
283549956
845237686608769024
711273343396278272
521167914
786814056757731329
4316769252
770619360062898176
848125879
931257110129729536
757731953281904640
916212472037638144
847563392306917376
702630677318082561
931286316
548136534
558182738
837555557804339202
32031949
1430508206
820516959351689216
2409440058
2998934660
898744501837090816
376453771
838051773881413632
261749735
4835333710
842070142246891525
3957788915
2895804783
2780538444
873689635590950912
95290490
704991261896351744
3293909825
21124657
870467511396966400
812562771715981312
2982956602
134891802
19091173
830465879745953792
834917426806431744
877798659722694656
2442466385
795319243147448320
803420516438724608
726847243983052800
16989178
47253057
592730371
807812802761158656
15362651
537709549
247723476
2323018748
23970102
789556300938117120
1852550209
14458643
27522964
2472399354
902200087
358545917
842598914700337152
1662709308
22703645
821183046086959104
83748727
180107694
332677793
739804789651963904
312696314
42825230
2368624716
853847268
837842442758066176
711535251835629568
4810512147
4105765714
29210791
3419210573
1849938847
2463171746
2791589299
746437174736879616
715603871951753216
3412642223
818876014390603776
28628850
814365134403633152
48459553
4627236323
18379614
2853461537
468646961
27187343
196168350
164070785
118245138
802940428764913664
10774652
43969372
402181258
53979469
2167525794
75561107
3235222537
194663746
2363203740
2231109295
2349347329
457984599
18643437
313038011
108465379
14669951
8799142
25073877
52352820
