1616975606104879106
1509342101330300931
1851981398
1698822096598790144
1610717530280149004
1663105839144599552
1483459146339000323
1469849122333204483
871650706381561856
1335386736243830784
1617114249268019201
1654056640927379457
1648176442491179010
922442178659577857
1343140363469344768
1647453129989042177
1620203520799506432
1272961221151600640
1146509923683131398
1359840628650164224
966821224595804160
856162158845059073
1591760265158094849
1483893386817986574
1603208231131963392
1489987177031376905
1146466287746539520
2352629311
1605090380298555392
1201670995435646976
63578758
1395439793132146691
1395431510614937601
491530957
1571425250134597633
833510865949200384
850036892
1622385303708205056
30935020
3166416078
1427580973328257026
1440797967514959882
1338777811868405764
1385963487474733056
1573074338542133250
1535605820037152774
1343376814065000448
1586750869483167744
777159380294782976
873051724604334080
1613106759161241600
548258435
1549461766983360512
92679498
1527760875939147776
1537225604554031104
1372278133009825798
1351906066519490562
2521469449
4865550959
845237686608769024
1463708041572802563
1552262829113221123
1497527869
1125221277810085889
2469875528
1544408838308171776
822100111400566784
913157735327436802
1094742534348251136
954124423
848784339483721728
1285913559122227200
1382167586520059904
429095091
1578356198470045698
1552795969959636992
44196397
894284937221857281
966902626624323588
1465148333555687424
809614172
42786325
1171839899890311173
1518957249078644736
2607421675
2913992376
1078460701176463361
1433997706981253124
929330286609002501
1500129642
1533857787486388226
1326229737551912960
1225547902748987392
948303184019193863
965451112395415552
1266793456590036996
2916305152
25073877
1201935772158439425
125128723
1812055789
1214659202402148352
1290696356194000896
19211550
27000730
586707638
1270531866634878977
1290635110149169152
1183570949192536066
1209936918
729676086632656900
35039490
770781940341288960
454232867
792225664325812224
562255311
83748727
16989178
967164447063191554
4808740295
707386000767471617
191213034
53979469
1093297314830135296
345227401
1202463967773437952
402181258
18643437
934443084263448577
27522964
22657914
902200087
1166799265806503936
892130360888352773
1267973798625775616
110835004
592730371
1145560535498285056
16106584
75561107
1249115196699770880
114836724
1239406792456585218
2363203740
30061712
990317363915579392
802787680446808064
2835451658
78523300
822299610018365440
3105470573
865516973567778819
52352820
1216223744181460992
1253121524
2231109295
43906698
1076628910786306048
749767814366441472
3231559374
971509219995262976
1251029819405582337
994432329023045632
1193514101500252160
1268699392690749442
3378376333
1273707647259328512
14862190
2856146074
2349347329
914296939692294145
902450589522591744
1261270683285204994
1167508359085547521
