1655618244760182784
1705725063289290752
1706329938691784704
1572853761898422274
17585653
1108809847
1332972174
1630787765087477760
805502502028398593
1697321393627738112
1699202373082906624
1699199721670348800
1622588070246641666
1689091823015436290
1046650817019662336
1692258109517975554
1656904272632598528
380749300
1595981737758269442
1617230933186285568
820775799754199040
169686021
3282859598
2551481784
1680609901234515968
76050550
1653444296245383169
1674978401411825664
1227331745407733761
1442524786521870337
76766018
1664092413437018112
1655353145202188288
87532773
1553145383861248002
1092346141998370816
2828212668
767960339547774976
446282869
1587869098632937476
64565898
1646149366388781062
1049269002579664898
59001488
1146509923683131398
913308968809672705
891469259452194817
1639355757517758481
1599510806680535042
591882585
1638303459274260486
1637352763511250944
25073877
1463757437664645123
1627949800644829184
1533325978151399425
1599206804092854273
1596618068767264771
1322060763243122689
548258435
588703829
765909323545513984
92844900
537709549
1595983949108457472
1610797434396893184
1188162952299450368
1201985743729524736
29658469
