1550207950026833921
1217224105835073543
1429861634076516356
1903372854
4121071047
730329614443270144
1704135065612206080
1529763962094596097
621533
1692638198004903936
1600127941547024385
81371986
1521847997310681088
1851981398
1631638971343142913
1355589268094279683
1530804462968782848
1589083577504890882
1652433010166251520
873051724604334080
1453426877385826308
1688961398993301504
1599753147861422087
22933654
1328679820344123393
189870199
19899606
1646851194495680512
1654795802533933057
1677308728272465921
19017675
1339166129110065152
3187365803
1576541248923615232
309587728
1429488059284865024
1606266616324530177
305359739
4203258370
880153016065826820
1595194787321241605
1685175475058909185
1206522749553917953
1393853545099694080
1146509923683131398
1191843903458205696
14791251
1308666120585572352
1305554460320686083
3097242767
1567472717749788674
1625935641283293184
20052899
707231479047315456
1679529192747319296
1648176442491179010
1654056640927379457
1633423171096387585
2463171746
1269761200436449280
1665658139297959939
863849562695487489
1583452400110665728
1673686482714783745
1653483757129613312
47094621
1609194130965422086
1124059276685840384
1125144456141914115
22657914
1596939507747766275
1582693136165388289
44114927
1644462490464444416
618633729
2199020853
1573051689103511557
1441136447688376327
1284195214287163394
1549835667819171841
1605626028356927488
1104524508709441536
4888484500
1209431105067241477
884791418845360135
1274507939462742016
795737664049807360
1054669807537156096
1217426005973000192
1669417582447738891
1516484374673473539
820299227917991937
734703626099232768
71880277
924541717944131584
78914650
1467931973616386052
76004287
1429400366819512323
148506801
1589591757154656264
455264233
1133071616714432517
1058807868
934443084263448577
1609116266052161538
2886307114
112684779
59590288
1463884291755159575
1308549999165407233
1586277068739862528
22703645
789088733672931329
1416212479865196545
1638831566309695490
1595545945499901970
1159540664109023233
1593299583312039936
1402890605932343298
1648689054769111040
1586149207660019714
2155437262
1274321138676572160
4734883762
1552795969959636992
1593271340773117953
966681366
1063353208280469504
3419114890
3377134732
870547985221988352
1362647733455048706
1551204260318257152
236916199
2365896248
1483893386817986574
1464265345976479749
160979516
1500129642
1446231057259433988
1567225564020330496
1619612662521905153
2741072065
1145702015374438401
1496418146
568143078
1353053161817329665
350887805
77821953
1523072537093152769
989164711936749568
1416384128
3435610917
412396512
2475834799
1616877332773625858
1094978708371374085
833338483
571079059
1122365328
988433413303603201
3287911091
2303114864
50348761
274567177
1043152627230490624
365037094
28862149
1614953065768968192
1131230661971513344
1245437723500056578
1598359737996828678
1509926771369648177
1365092947230937092
1326090016578277379
1450401844191240193
1509342101330300931
1541418497670094848
1205967691825238016
1605609587054370821
1322144239195664384
1292041566249537537
1581762005647740929
1446932149148344320
3418210767
1055877718401794049
369583954
55962977
1589549093294166016
1567957724276695046
1410318881500110853
1485298518222946308
1281227213149556742
1598232763345547264
973568246262661125
1162494449735426048
1271776358201466880
1587194959668678657
1524420990255706113
1410642940423196673
1100789720592932865
1590133632836030464
1585931455636676609
2659668279
1198589607866249216
1355905419462508544
1134410125328838656
733678863591559168
1037438720847355914
1587145752811298816
1586759524337197061
1570870279806517251
186567121
920035475037048838
200474293
1246410787977146368
1421483851256373256
1510709608117116940
1353103221099794434
1284905393571979265
1384933637985079299
1518989317791793155
789182627760648192
1960224522
4439941936
1486416236636483588
1444977667342753796
1398705086692474883
1481347846435704833
1553271322058190848
952958803586273282
1518930206253363200
1133677871233470465
1296936921785159683
58861344
1523814875599970305
1518672136050782212
1386642474
53739323
906959181873369088
1288099265953366017
965545631589851136
1215672160469078016
1326229737551912960
1063058052901953536
538078599
946671587872395264
1268571648199966720
1490409021026844672
743574020428341248
355752178
3341660961
3326770761
1186441026103336962
1469445232374784004
1439599834311405575
1270416043572375557
3218868310
1398576491424780289
1414942603318005773
1081637403444551680
1068954250951168000
765885876
3344564308
1492197405852372995
1071875283509231616
1312851175599996929
1376595286924099591
49641432
1123425652336676864
1171727394744483840
