900669223122472960
1312516821430362112
49103785
1517655068232802306
395175556
19419370
1509342101330300931
537709549
1673534081668370433
2979830607
1516493709566742534
1058374174694096896
364214133
273542042
965451112395415552
1489987177031376905
23847960
854936386994020352
934443084263448577
1640863905739157505
2359971372
1357717304931479552
61283362
590367171
300398951
1589591757154656264
1341766117
1140378082710360074
742735530287304704
1438228289848479749
1541180721297068034
1496572115297968133
1650805009922027520
1645201209937076224
4296903437
1621088199345856513
777159380294782976
1524176909755510785
1432200636557250561
1112724144427139072
1280298812314128393
1257792281614200834
1387219918597328897
1384674991728381956
1041044330092195840
1519832102241325057
1041042565267697666
767156881391493121
350822109
1121807798826930177
1644340354106245125
16395120
1024255581136322561
1576104206531960832
1237668233550979072
1532468526446960654
1499078613114699782
1272961221151600640
1371651462153994242
1477499947360702475
1025151908
30364919
1543535465323810817
1192959904757243909
1392103288309420034
241223036
856465990913282048
1063202045950418944
1355225690027806720
1489607993872338945
779230600943243264
1575169382539460608
1619288935179423745
737020800067375109
1452987513623228416
901290812
1112417454880251909
1297702236068253698
56443453
1636760085539045379
1218108131647074305
1279898928041865220
1599835840666271744
1611907485765435392
1219334475080982528
1524226014271913984
1460467516246052865
1015295486612291585
1550663399650074625
810895268971479040
1628016217674989570
1558561668204052485
1637169684570095616
732612795078844416
1573074338542133250
1657562869658009604
36749572
1340046910992748546
1138396700
4782549661
1001802978431520768
12647412
846445588501741568
1371581088586420229
903228570536996865
1500129642
1466939135357337605
29912070
726750375101886464
1469074531465711620
1167819195377209346
2199020853
1633423171096387585
704032010348699648
4330569813
1571261226247659523
1129532119192096768
1632386496467460099
951302891708583936
3390430893
1172583879691112455
1586145655650664448
1594887800327110657
846949171680739328
191167764
1636134853040132099
16079641
1213784024721715200
1591964800216612866
1326015627727933440
54716387
1524781208663691264
383903024
1446231057259433988
1197293978
1462512822252941324
1308433994887856130
1231923078835458054
1306011158860754945
2853461537
1500597439321026565
43424420
245473418
945698072105046016
2871659160
1572370938875854848
1501772314722983936
1602430701651087361
82800729
434251349
1602093020756819968
1589367037243031553
1416162307126833155
1496594279975768068
1521870690630221824
1609717162486423554
1595118503769640962
1220629654412939264
337611162
1595194787321241605
18929234
1566964198550405120
332421022
1276715545551831041
1116548763168858112
1463708041572802563
1431012407284060164
500273723
34927577
204967872
20076659
1355721251180961792
1586750869483167744
3242027683
1595637449220411397
1054528135620743168
1596701940796096513
1513947534015799301
1549461766983360512
1537225604554031104
1590040437934665728
1525155552220831745
1347091733432078338
1518278003926708226
1588268284146769921
1598448431646785537
1526045996509106176
1571639237727948801
1570179977571704833
1451941051334283264
855481986290524160
861606598514536454
36996328
1253630270026080256
1125687693826871298
1389833864122613761
70281681
1200616796295847936
838438099520716801
1219008378187526145
1575136476173684736
1519353445349740550
568670274
1486756034697904136
3652115181
1125909997
357785420
169686021
1552782021638094848
1547356220620693507
1552795969959636992
1277116863411937281
987288415858319360
317090312
1366529249264345090
1166420035667210241
1446932149148344320
1486182950286749696
60104479
1104524508709441536
2990851689
1455423918
4336869974
1352308908321333248
904630459539312640
808080314
1492313437761900547
1413002894002036738
1518981310529871872
2607421675
163071725
1309073278871506945
15328881
1298705760428400641
1541309078361751552
1438485525678096387
1433828968545800197
64753536
2438695721
1429400366819512323
50701881
1366565625401909249
1372583311638470663
823766058909761536
72940176
1523658772287262727
516400360
1474539539905409024
1152269098849570816
1103100665952432129
1268106159719804930
891323283211268096
2306099193
817880247777435648
1448282602687901696
900662551
1383126468339896323
1231280178875125761
1465148333555687424
21222677
240760644
1308063646874992641
28021635
1043185714437992449
1121910947617091584
150494615
860686123663675392
822443989915881472
1480926325091323913
371967650
1468565403240890368
1498210217116459008
1161261376846946305
35762998
1678273014
1408600853930385414
1400007925
1419211306876514306
2815850443
1247223374717296647
1327266713054941184
1497711967091535873
20941765
1352128737475768321
136476524
1450281227454500868
1483893386817986574
1272017027759128582
716256825621004288
1329693545221931008
1417977061528903680
264948270
1274686893230260224
1447890873493204993
13922042
538399586
20736511
152998974
125128723
45033456
4865550959
1836415555
1109532876310302721
1268855002984001543
462658052
1433997706981253124
1273639475340554240
130956302
1146954758579580928
935083829672529921
871187681899724800
1404485927527911426
1446135696692060164
896731633704947712
14067467
236300369
976569885009485824
1465347964252180493
1217398872445739009
740724798
2306617530
1214786565089591297
1414947302318481423
3779929180
897134091849666560
365319424
1174254240337977345
1455225580421484546
1120471017787281409
201066140
85136737
20675681
1687389523
1241884295247134725
1447721619967799303
201428338
100380798
1318753929543315460
1294735408346038272
26163517
1195873536650301440
940409602155282432
1319648531863506949
1037748565664321537
1359325218918068225
847522023073091585
172202711
1055641334063751169
823255657902129153
37491797
1369736410958282757
1367092300627771402
4086538637
39844876
2521469449
1679362640
1255176009764294656
2163723997
1390762874809761793
3544710734
305856022
879311275519610881
2974040363
18961404
3065301110
426838321
499144832
1251642753584422912
1009716150895341568
1351950329009614850
338426064
1272341650963148800
250333454
1260356233
486862847
263822801
2557491638
1542228578
44067298
3358485004
1265376264224899072
4849786505
23925278
419084104
1335159980207579136
1391065120051064839
1077820076
18809812
825833483373248512
1288096506986278915
1251900966770794498
2456289749
1083217609821044736
1344992274887925762
1390122173952626689
3246391399
2829466229
1216853527018057729
1266971506644586497
946990190693842944
1245368225896050688
1366197301778124803
866457762603163648
4018147636
1335237183234519040
79350157
1290635110149169152
1109145312227217408
717371394657554433
806344552718045184
1102762900446277633
879160421579722753
1636082761
1000528298626056192
1172324726074560514
1326229737551912960
4200639435
1271143368488345605
3666664101
24438725
1248039779683512324
996925212934500353
8980312
2740108585
1132655727347097600
76004287
1018144154445144064
1265740704791310337
495925427
820232180311982081
45979528
1125695096
1302278544417058816
41266395
734941651395870724
704943112217608193
1194107610003333120
1164487286
1081860866
1275398040044613636
1005249848
17642330
993449670
873428526359355392
1141267297560158210
1045476867602608128
1115373250018570244
1360416632560996352
759881703632605184
1313722406578655237
454007547
1365805464500514818
790681628179857408
1301266385822085120
34327520
917632225
1106890204294627328
277844631
1229427349185273856
1328394459680268308
930918122
1003392522410954753
17612079
15701942
1349299459
587477017
20655301
472412809
1342174584594960384
4239551
1360273003108564993
1335290259651899395
1247629688106881026
1273299433783013378
3156877862
91202632
8904392
43775786
872148729184362497
359403242
1112838833370914816
1162399561735987201
125709367
20374262
1469603575
1236484079475802112
35051304
18089606
266493985
1209872015680770049
594026078
123607950
1215292903880347649
31064165
111655196
243791846
1249122802919264256
10446482
1188996447947149313
236527728
2809551332
1236832602742546435
868578294916145152
2263430953
406290234
1272253043761909760
2862577383
1159091352
799362330672984064
1657421934
1226902070705491968
1174364768695660545
39334221
2157793813
307785397
736759336488173569
3005733012
2740426550
1150625255968268288
1327202032546099207
212541177
814815973664522240
2436425300
1267290680252076032
420061083
763511214966124544
1276956778782248961
1264663304573763590
345227401
2296472342
1022693675250249729
590211920
4822094443
707543909149245440
739599982718685185
64423855
586707638
1120505568265940994
23682667
1029094268542099457
3415037892
1019082963349368832
224803925
759081003168112640
1231634797530796032
1280241715987660801
1217559748557647872
20545835
757832485
61417559
39769510
462945549
19563355
1194770389634895873
969664911046426624
1201935772158439425
878668712009768960
1268688487403917313
85964000
129434729
1183000195
1315563182325284869
1093297314830135296
1091651033565196288
1005770663125233665
827639549488533504
771750226029907969
1280852842862034950
1350030492
248751666
3018182409
1279684653247594496
784497782811873280
21160989
1246399008311930881
1159540664109023233
411197522
1281388124938149888
1017280993
92292805
199152706
1272538112636391425
25235151
446661986
1269060710522388481
2687775878
1166694575077056512
2594453161
1312086187444776960
801855535595274240
550436101
1146509923683131398
1275359680513150982
1021807348132794368
1204214253953191937
1235671
19213273
1311394923778764800
19878055
1244602357935222786
859409582426251269
1197688846231785474
809567324529446921
2230902829
1111918037941116929
2872539789
1084835068638568448
1086483388289241088
27012070
861874100603674624
992233151580790790
1396164306
63150856
1138844783609286656
1251510910390337536
1051268927056039936
1021461090671030272
1003286097336590336
1094116267076677633
821811827059331073
34367582
45190383
3869246068
1240310688926613504
1185977202569076736
142839300
306610942
375721095
1214622906749198337
39191362
1034816090243780608
2894185801
618481754
387089747
1221809516305666048
4341486614
983796552799006723
1055983572216102912
1887186379
991067232951291905
1204002460395806720
989207023916077061
22286602
26694723
793801530570780672
423178047
233000889
887918290173079553
2815661158
3970701
3353299619
36528126
775696688489099264
250980843
2966659847
1346233549
2938794194
61266596
537491987
994728316501446656
749016639287414784
986642034822791168
1157848416279396352
187680645
29921247
1157694950655561728
1276562048571203585
17918281
1267973798625775616
2716396488
305874770
1230634261176356865
1028540906037764096
36053632
884791418845360135
55329156
18664573
975513597358100482
889592826136338432
1192471267779260416
782018153207431168
1100776937004457984
326584594
779294742441971714
30061712
813166933151457280
96658998
20020846
973684455725350915
1275450908629860363
1039385586803458049
75927392
2835451658
2189667499
1201720391200395265
816037407015378944
301171589
23323939
1013211560314064896
705191011
2618307813
1259554431126904833
65503312
4834040633
317992609
539512337
973646991099121665
812350849414557697
1131986331620454400
2517938443
900489513579012100
1492945639
1271601716622954496
2865772883
900402576998400000
1270531866634878977
1000447554478329857
1154481699318878213
952147207326543872
816528129862692868
728774768980189185
601006642
1258829292311654402
1062395654696128513
1251301383392964608
1092037021432897537
16740433
1162783494910595072
1144014625479938050
355752178
32503010
844434316943904768
14669951
701651067512160256
228581274
2753302650
1232410598736048130
189870199
27605010
135189186
4564461831
1261270683285204994
345090481
1156212176404865024
1258858151652311041
373144861
18643437
1268596976226111488
712980280794038272
1098840018691506177
968584645167099904
1191782619379306498
908856245414531072
937475241131085825
1263901864518713346
126441379
1248474590625456129
950558867099824128
53979469
2973648761
833625522982813698
1263120737553924097
925210519505637376
1200537642825396226
1235526455087505408
553246138
1104906541830934528
933516915326283781
1019322666296242176
4208784194
1222836673
1110997969439023104
1180494017940860928
855318254
19292704
2173143861
54065567
790372114452910080
3177515983
1249497275144912896
803058291177902080
797982673
1379418918
337808606
2816466267
1196051812022919168
969109324583796737
1251638956359385089
1194010389186527233
379372530
1135987028611350528
93097317
1931893196
1216223744181460992
1233152010301526018
4074051493
227518030
869259764768927745
1102987848741998592
2939237375
1054124381360832512
804472528936824832
546731540
1246062430066630656
2932344645
2466386563
21951518
740900894007537664
162304030
326094758
2255450048
1211401039007453184
1153890398307266561
485233908
1396624674
255471924
1186856598066663424
1192370202211696640
1233052695637975040
4766008341
1059871261092929537
1140905489401667584
16862256
257245904
1066975145024266240
833100331
121374117
94336415
935710762647064578
2808957630
2322866275
251145362
1546467223
145668063
15143478
826998919217319937
1214466915634237441
20927432
1211406086005067776
1033176694050279424
904525544892514304
73690849
243561193
1136770786713329667
982341
825445747
1140643248219840512
1260777271
960631725230616576
1222773302441148416
4894231615
2568108282
15781456
1174708184126300160
736303
1102402381805830144
1053084375263281152
719293082877825024
327034642
1025274127383494656
3601415601
1044928850
987385404516192257
15040988
260053908
1041573343
1144647472180060160
1145232808811618306
183739654
1085572304241913859
824354561095847938
56733855
1335397489
1189566101501501441
948391038242164737
1166532699093229568
776384191739072512
80571323
19228075
1120953847940124673
3108666882
765909323545513984
1153042794375712770
827107247603982336
2457199196
192547775
988463808644513793
13737002
1219088793254408192
1190977838377254912
1050486999759683585
1178791942135701504
1092082079381315587
1029546572403494914
752718633961287680
1004941619655737348
141854901
2802808279
92680363
778953916604121088
1136532903972823041
1060452602633183232
1212139582109569024
1177669927660113920
1018216846523236352
54909576
3024559964
40410822
621816317
1109152011348557824
955468345473716224
902200087
1164176887712796672
746471521
1022009676341424130
788132915590762496
821406730064187392
261743089
767388219054755840
193917732
1078460701176463361
1095510059465859072
3066800573
713221570295173122
425193622
2218703688
816609107943845888
71706534
1198791250499055616
1195699837133623299
229338913
826025269378969603
2508068568
774005585801048065
980516212059856901
1085539758334509056
91068994
1178885056884039680
1015123727967752192
701322706495602688
2589087043
939895773633839104
109460443
1191881645248278528
3847092695
1162899685670965248
706153838969880577
2863324024
2662976017
2971149125
1171934210875121665
1197186629292703751
974093683938258946
624308178
1095000154049007617
18891076
1175154076767707136
1560484214
732052439902326785
467661480
419520517
305211380
90552683
226194552
1863587016
147982719
163423981
2181493660
248311383
33280581
29658469
24870433
866005696428384256
21207445
3218677655
824834350868934657
36519114
736016951332372481
1038065815164268544
955878400572477441
937075868
935282672976453632
818905354205622276
955396190216089601
1091818713857220608
877169420518514690
2511701310
1059682396600197120
305245773
2683391701
1116766980596543488
266191100
1070370082759589890
392944691
732349176000864256
1192890402023575552
4418414504
970716252179136514
711526490
980907551846957056
32128592
1151261114384171008
1100551153635405824
881276118854193155
952124060946829312
3410843525
455764741
1536600704
1175850499041452032
2387519028
194232496
1894989822
17644912
22991773
1172530602458918912
985569962
217929536
1015991780775522305
799949976403136513
790476955237974016
2448185208
880602945632575488
319490086
922946072669954048
1142064494157451267
2760080145
459032398
2382733897
3420235840
23222257
1079385866970296320
1089568487335292930
908364949361217536
943249213286240256
1078292904878190593
1036756046
825399407315017728
84129927
968855764281561089
899323715225178112
1107805505844641792
4736829527
755208809333882881
943273399513575424
186106150
891591792772218880
3546108915
18964256
1009200321774514176
906496428234682368
1355840730
1019226800315084800
998194792436727809
718152880239296512
861389753563959296
325594003
2233833176
261993852
695703636379353088
1117331836038995968
708437064392577025
238143302
832319306541178881
3248140409
27069877
2988949910
277314811
2358947075
600415314
1108495540495372288
42435931
2847877531
58280294
290654084
23563628
937370671100956678
936699831363473409
1063801496544911361
1143169722340519937
63354194
1098197906585255938
856932863404638218
3193954386
873585463
361628602
1059270853974724609
302730365
1160240330907815936
261749735
962463217808179200
74244533
560459880
369594967
603321294
112902058
346574044
814623984155295744
44114927
3044272683
3219017217
961601681283674112
1005007371159068673
1135641049009917952
749661266302558208
889927042485170179
1159960047918538752
2439136098
732697138124206084
1039330378174087168
1040666772901425153
433806457
1068265250271588358
956167365330272257
1013429684300865537
810607830030020608
1128747365735604224
2735669277
1007324837445021697
1162069360560738304
269076906
1080692287
999494136809082880
3181140627
88042869
327823484
1176175173537533953
3192991961
567151585
1034645744907677696
183638676
1003156630001811457
1170495643795808258
44557318
31015961
1145702015374438401
902476398576721924
943496304
4911324614
967515905298112512
1155242000553304065
1033514776352178176
915662409305600000
1123337571872980996
1069783283116974080
907351472219709440
2294983794
2301905315
1053535902348206081
1091718864952541186
1047189712706920448
937824984436637696
518074227
700786690718191616
935654063076757504
1050238963904999424
4464581428
1166007755259428864
1033209549384237056
15976697
973494767081459714
1169611681174978560
252398355
1010226696665075712
749348659
821348621450903552
1163534988358238214
350887805
18839785
1065775800719474694
1167120863512158209
833510865949200384
1123847711835471875
19695929
4835333710
990686200682950657
1011953433153343489
865305601
1066187390178525185
1168753201417318400
37596647
1084649480564166656
55962977
1163892718600409088
831210798173286400
990675374311989250
1025952521234264064
424439252
1105193159720460288
1088947829710643202
1069720356552916996
1078366339507531776
19670226
1076825843383578626
952364011
1102332614344613888
1142670086068527104
1111093447979470848
874565239
1050875642739351552
1149137160504774658
714130747741904896
1107732377256648704
1595171401
2327592480
1050053727854444545
941109866202091521
83932539
2163908557
61008839
890617262327070720
1009588379640528897
1328744376
1087797379900817408
770318880678043648
1057733309999054851
1038730793500241921
199805985
833398209053605888
1150702537655365633
77130240
961349377355694080
3874797617
1626294277
390682767
44898608
784665469403877376
469960224
856991644134068224
1147621861246869504
354044968
110631215
2592153931
1064960579075493891
4914384040
1050660204788862977
5820642
258283931
24222556
282695161
158246980
2909903733
2683511317
1145504810529153024
9287122
66019768
94132483
205622130
2901810468
147537458
1128740613518692352
939677877330677761
1096243585291354112
1055877718401794049
2904870923
191802041
44196397
176758255
1028769380186902528
15199658
129019194
926729971858595841
10810102
4862238712
605127594
222917987
867391303423852544
31981508
3290046383
1103065033225969664
151936663
1356030014
2462029770
1047405141253603328
830907126306463746
116745546
454232867
331178969
1010161668742098945
1483299649
949797285034110976
1079155044182716416
962714807983071232
3131144855
2148731538
880583946169335808
18956212
3105470573
1047842156029861888
3900871457
1123609824745357312
3446309415
1116345515761909760
78523300
1380911874
749878942358573056
854993716624449536
19725105
946660021043187712
742460815207366656
2226136147
957114354
18266688
126433539
3315540486
873375089726816257
18883115
31047836
1095735806197710851
3158234814
2791988124
50152441
2809256199
40302336
1042161669844152321
971157641912229888
189355737
864533195311730688
3186299889
1107085914721918977
896911537968992256
949502250
999274189688274947
3775360879
46623193
931185181838446593
111349900
22211969
3066052457
2285311688
1034975469446352898
727068284
1209936918
367703310
1105483158647197698
1083749575536594945
816205261757173760
971498870772584448
1104165722996043776
957024008091955202
79905932
236600800
3400737969
842429336573628418
28614262
16190478
990317363915579392
3235901261
1031747223569227776
2819841203
37344334
1092606785108803584
1060297512446246915
747594543021719552
2222280771
4816
19015287
1096952562228609024
17469289
1092086671989002241
195271137
729440131208327168
387277021
33107988
203226736
1051129297514172416
851985789072408576
3267456386
16076032
2312494016
1646308484
811468059827269632
291923759
66933353
2996253413
804449376
908472159571517440
167622426
95860369
952262175128805377
1510815488
1561448815
898150366281433089
2168348689
966902626624323588
795867123545440256
728039605
901948632
732402660180152320
972654691434692609
717044220444278784
1058665662137200640
1070042926506500099
2899862569
1070517655919054848
176638918
191395439
787492719555964928
791082100980002816
2298323274
992593352179814401
1058036725103185922
91498780
957701378314526721
1072909224299151361
29967340
207205931
825219715186331648
130801644
866069141576441857
1013958950465744897
2449585067
940124009798209536
1453055660
805223648499859457
903021947965100033
40638800
1400129640
4064151793
29097819
143104075
835627637049450497
1058361175572922370
495909939
482005488
26487169
1034816290765066240
32939851
17558182
33665720
897276257234165764
948015937
2543869284
18247062
43153535
999769848719822855
1037002429076832256
2400780715
11695472
33440039
956304828845690880
1014624624
784738950388867072
951033754830680064
273469546
1030725698460246018
3317978241
19899980
151106990
65974890
4233671
3424559566
813725652851507200
34683246
19726613
1034983762688438274
128372940
2157350385
77046494
376267732
2339577870
2730622453
561631124
990780772993982464
826666544100999168
898744501837090816
271160889
87250503
1471232930
2835128525
308701309
1387683026
1432902236
1955132936
441389311
3214466631
3180522948
386449562
793336300308922368
876830978
1039793121050144768
736314798485295104
1029950004029353985
233539243
943776688588185602
302893547
2847689778
128650032
944022723776471040
351638843
561968042
965946209725796354
31374301
900285272298053632
4833376576
885208683352817664
1021104570154528768
506238370
3944021114
3761046317
14538949
868545674660372480
23174381
417767675
1909242403
891098592869404673
990873980310622211
785871994990563328
741068948905578500
897616707040288768
730693248147030016
1020138244153827328
846274195499630592
241695879
1586532752
3176409736
1028373286974046211
1000039196982218752
1017558437801033730
998528950992359424
358204197
2926732331
30588543
880099708802392064
1022187136416538625
193346041
95994080
539919275
1019033290009907201
16477634
1689053928
1000104976947986432
718600146619990017
962650783182331904
991328103401213952
838457598303223808
1610547307
479645115
3295347892
874658640774414336
522093
875773396029644801
1561479637
982537640493776897
964338850993598464
968978580322603009
973358560288624641
870149492603006976
803420516438724608
81082188
999401805409935361
15795607
15375384
742823052354945024
817832498973540355
2504621990
922185407571390465
848784339483721728
962086897462820864
934807689238020100
727701926544969728
1009315130335727616
606403456
3310972141
47611401
726440989989199873
3323435830
892713367575678979
793715252416352256
74682488
2875479268
986288127512690691
984030617506582529
10375852
966821224595804160
896841783711289344
955631687974752257
701931160297938944
844242857850474496
142018510
22642788
95480831
119837703
767522616
2898364452
868069088106598401
264501955
932446546947223552
620339539
713392368607567873
1463525274
864012677718429696
277355403
976853859703427078
282747242
72859930
21201150
2321127874
1276652162
948303184019193863
431742890
809614172
961387916600717318
753934193294446592
233338979
24822993
827391980778819584
865516973567778819
856923007
495277374
270839361
21413921
931257110129729536
21779975
21865846
137245465
521167914
908324706046042114
941753248620449793
3245620412
1854925736
3333298204
4287223145
712430408936214528
63183956
3386654009
16145029
2382437845
4422180672
3187283791
819303751873863681
1783771850
32304381
29180690
4528435696
955753302557302785
744537539512459265
4869058761
1370971824
139909832
160594322
287843201
872989966376239104
921035226469535745
15335709
339061487
948292935778557953
730329614443270144
486983135
2353758943
312696314
23549130
856162158845059073
711535251835629568
2777505938
2339238427
752749220952625157
2312333412
862007728956485632
877807935493033984
1920515281
3063447633
2260491445
886832413
1344951
2309637680
1927923236
91478624
275686563
707515829798182912
734688391942524928
828668619986964480
4736263474
3448833448
711030662728437760
2895317462
4053977488
831847934534746114
503238457
862675563693125632
773009781644677120
2313671966
2592325530
2478439963
961445378
3234613430
33574885
3380175118
46467636
810692738387562496
755804431602577408
7933482
274567177
867525126560112640
2343856357
42158221
764974452857774080
28875103
2338506822
1327769568
1051053836
3367334171
361289499
20692332
2236214974
40517770
2824244902
19346335
807812802761158656
934262870845677568
2260805706
777483478891802624
3292463759
2780538444
1977528128
867858949567131649
4122226696
74760182
2916305152
357312062
17091571
4970411
16153562
28785486
1652541
701725963
110396781
23818581
4107849270
800539651287060480
137756718
823043857822711808
901310951185555456
3739627349
382302516
928359364095889409
817595575562432513
752749072914591744
51661036
18149463
711244331957542912
735024071843426304
388983706
1369895352
934179096371884032
845237686608769024
41206042
28344978
38663365
26286294
62926805
934046137262198784
2248147020
767960339547774976
313038011
2705002822
898083124034158592
876570335537233922
892440728835694594
854040421638557696
879791328468631553
715603871951753216
3431101333
31886024
823688055106260992
905828472777572353
16052989
848878446923177984
880812021440229376
721096238020628481
35039490
758071076232503296
822299610018365440
237786487
802985256601186304
892285468481658881
164070785
923945858370080769
340613443
919712173089271808
758801925571645441
879903240363663363
41160276
31762001
735485993931837440
757376063764729856
916746622926835714
886978569930391553
847563392306917376
911004255884070912
3353248925
852609539245584384
861681286758490113
814293126336626688
708363527216455680
255608441
274403383
897923393500188672
974206531
1927790688
2265238254
517727444
22760252
916659483740340225
2462326794
889301844127821824
33834818
42463851
783863357279526912
73572581
258858596
94047595
892130360888352773
880269508409270273
864438308633534464
497837548
888154439135133696
801605039366213632
1613181414
220478007
7445952
499230066
471479186
2958309345
865735862335746048
600435408
3264454478
18927538
2944221547
829869028588011524
410998726
752022925570703360
85469815
1226167963
21613794
183438903
736989573201301504
14293310
2884771
2739596257
1474717591
759744626
742749379623165955
51241574
822470964416020480
71522448
4216879030
19222164
1596638413
850351441076244481
4111294024
209693451
739664390417317892
41657437
1530798872
10078
18279320
2188523324
831984906896961536
447405891
178763308
832442842110898180
16912983
837979225344835585
3380606008
4509306615
22637974
789151567710711809
1648549070
22703645
863614098260578304
43969372
745690112005046272
714461028642267136
453216841
29874079
2329219443
720007230012174336
467620549
57937608
21894880
852611876416606208
23441279
817394685400510466
2256058692
47436923
753282262897000448
851730303253172225
896258742
962221152
855138278982393856
3418210767
849338899495346181
715374924588834816
466627216
457984599
2991660165
759174858731319297
857252564986941444
853743110492475392
4498602028
851426978066575360
783222688584200192
500177616
820516959351689216
464289318
2492095741
548136534
817901064045334528
2550587869
1353802260
1726076226
22208499
556214449
26853182
1852899224
837555557804339202
25433435
111278246
2508964374
824024874771501056
739804789651963904
731317848782573568
458592002
2918039334
44054652
786225503854170112
207784631
48117116
302442439
828987460654882816
4105765714
838903112794529793
3018742509
814365134403633152
611986351
35013035
778366444002119680
21822997
817058358020702209
588753363
713070044272414720
50606840
468640410
833395723718840320
95290490
823290879909707776
834190105313153025
832259012422987776
817556812467605504
39384517
1417793336
737034937560354817
599817378
1606473660
16997512
809551181961826304
818910970567344128
744185866097025024
313307103
824257761852747776
2865078826
792065316146774020
818876014390603776
822215679726100480
786258664046727168
91372751
4850956993
795832924537032704
2368624716
93081569
22203756
4261246641
1720757281
2442466385
991330362
3412642223
762297834171359236
4780173373
4871685341
3298145299
881276407
4123868176
1662709308
997599793
810358084778524672
810363643724439553
608471241
6017542
2874959663
916084236
2886226879
1443943477
711273343396278272
17895820
803374240691081216
469708044
4916153843
279185783
360723990
802940428764913664
780565252098228226
4073155150
43661233
754773962114998272
798935030747791361
2984243591
3423649865
108471631
756904357292077058
775829751466450944
2229945534
15438913
2465207048
22384173
99128675
506257229
529848513
2301447301
792225664325812224
2868223169
2795404498
2496002186
3131468032
772289261726945280
172893705
174552069
721502167811489792
294306372
45927095
2843713972
1861842217
349587576
4210963228
42786325
113987669
1968716312
42907433
44914646
97180475
4627236323
4691622619
18481646
109640315
750477751723909120
46165288
3026089079
750851849947938816
25739551
2968824825
394350155
740353727417180160
731901356890423296
19211550
4717892303
19899606
2878181861
142646856
3590025852
241376984
4147851323
3376872507
451746511
736743954582900736
16589206
336242259
2170614600
39344374
3328676455
704973348560900096
3162459853
2290011311
2408640540
146666161
127080300
221514083
745764831345643520
113137765
1616333864
3195774341
481762918
2256217711
706959926879334400
720857189569572864
41778159
217749896
520449734
19017675
741068891913261056
1277895559
3043650945
720185507511214081
740265187110883329
18856867
740327937912639488
742677101124460544
47554436
30853874
43906698
14563516
34743251
398158438
19599446
4833664363
2894133963
217377280
709625249206173697
279157541
720002180531544064
15246549
711781886939385856
722608981793980416
707726839742124032
701192323837857796
173673231
2769513592
726521718903324672
4131171560
2958725392
587502324
704641191594369024
4316769252
259291600
152714150
2911039074
4715688041
66643970
1657026456
4539679819
4901201645
4893717520
3092625141
712746683139026944
883060393
352114179
3154508072
2926205539
711340571814707202
704510287886438400
706954386296057856
3838024648
706058284952850434
284628632
4041824789
44951059
455264233
704795486343933952
701150147049181184
2889609851
2905554237
15650882
3300843972
330317386
1246640292
4882086747
3506866154
250027109
4893599590
828853093
3747197847
366008526
28690484
2153928775
207334028
445342005
4871152575
2926270218
4784269648
4846335261
1944846498
397596985
713377898
2799289367
31135519
4779444082
24309304
3610048096
809918786
1675128804
2415484171
1900293397
487735029
2329977145
3404279194
3383166323
45951402
952599277
3026838098
15751437
4455054612
4405052727
905898240
1541861504
27121313
238056254
4724107229
3639048135
17666104
3381983668
4004623995
3952577429
1281162938
2791121294
4399065743
4804849635
15082320
322480495
549369851
4771595827
39308549
3306433080
223929840
830674884
3256699331
3413276129
525732418
255773505
2407518792
3219461544
20865466
3948889395
3534282977
2599522417
2395821553
3091348241
1528799186
3535038982
4127356047
2828238915
4303942637
469593930
3908050333
1702689662
1127286020
4703832967
52242278
25083002
3688088723
3316268159
3222676980
4502064200
574867398
3386144187
2674638409
241072354
2927110385
2814756798
138544431
350555825
2902374821
3398446398
2367610315
4635596660
288498428
351654238
569836274
243666972
3528715695
508067360
2586821739
2446512776
2371418706
819572185
4425516615
4574730916
424516390
2461139754
424412749
4670707572
247903672
361022019
110835004
4510849520
4155310816
13966562
3052144801
28133951
2340774583
1915213218
1609146835
3334733512
4550647832
3120378598
4046837218
1397702498
442331062
1401048752
477864155
142043767
4261656022
4463144714
3063239741
755266896
26156246
238003047
174364953
188974544
2440566410
3253885297
188650808
19038534
2538227347
2533537206
3435022037
2427581443
3566638694
4163022496
3536963279
64766298
4068063254
16814613
14888577
2600665502
46519992
14243432
3410248559
117655609
2450611616
547083976
366170680
4227691992
80728561
408304057
2405216660
3897626072
4183328833
2670461822
86766927
37713818
587719734
485221115
61945879
1714793274
3709302072
3258894105
4046626725
4001866818
3987507159
3195751622
4094970558
107231140
3394671405
1966197492
4100120062
3957788915
3536809696
1337419807
3383703603
2337800665
64324369
1921142294
2995989588
127538853
585210834
3403321967
90916312
4059501733
4049956815
3295694106
4011535085
83382182
2860612258
162257659
2265360857
271851676
464078954
2232299720
254078352
2151868902
3307386979
146095589
2940732694
3999234807
2729894064
2383282580
3789633495
4002215901
274025057
2796679392
3989024369
2785680441
966681366
1084962212
287871693
15843059
12524522
708888523
3184010657
2352957686
579019262
2407544636
796103341
123961043
3312766812
36208197
30736021
3191320373
354226224
21981121
2312501143
2180934732
1320528355
3414232151
194663746
48837001
2463171746
262583744
3883766200
2150722754
32250446
42750334
64643056
150158919
441330704
3004839077
1323202016
14862190
3214303941
3116214838
1610028210
64544199
3105864599
191213034
2596827180
1244645004
494758799
24800710
17563445
3395888806
485296454
3436289099
156406768
22146210
16146117
83992997
1517964894
3714420136
2654555875
3494479281
34262462
2260849986
27522964
2916021247
2954797525
196168350
2541357239
46634901
836656141
279872903
3016931142
458077039
3235222537
2432310906
280339608
358545917
2167525794
65949052
2782991882
847914907
21496427
153210866
56561950
75561107
47687609
123975474
52352820
2363203740
1551815628
2231109295
