1603301759191064577
1708574692276043776
1705977576458493952
1681422868771397632
1688266525415747584
1697997391830425600
1707974415860879360
884386608715268096
1966630022
1707958344374214656
1706042842513084416
1674758395113381891
1705305472272674816
1704933997975879680
1624129197580103680
1265773926463856642
1701936015118651393
1670345619427270657
1706706141781041153
3273376171
1704638958494265344
1594415141285761028
1706758742358814721
4076154978
1705890595493806080
1587663601690607616
1706285891314929664
929404957048082435
1698959315158405120
1705454402071609344
1310432034217775104
1705120708290924544
1694918957663203328
1705133752014303232
1705455284406079488
1681574848261423106
1520871738652954625
1704911018281836545
1697137519849099264
1703181362306469888
1694448505929056256
1619537193759903750
23563628
1701062493496569856
1698080633279438848
1685331648114491392
1703868586891390976
69056943
1703551188895936512
1703547410042290176
1582334575870607360
1678791944535769093
1504666001094455299
1699104400168419328
542175902
1698918265278369792
1520753109282209792
1701594778369245184
710988510954545152
1599206804092854273
1312729889305317379
1595435238649364481
1698095546211143682
1701014065525739520
1700931627180843009
1696786559956045824
1687696166262083584
1674811713621827584
1699749748884840448
1700369343085731841
1650248460677906432
1426872790909661186
1700117682144550912
1699646756907036672
1622035064933552129
1699200620740104192
1698049942114205696
1685994172489121792
1691130508854304768
1511883442060898306
1481722278282993674
1631011159322001408
1655323731575578625
1698085393646632960
1432696473913860098
1336353862379311104
1695006344397344768
1432954837042405381
16408397
1157078229045448707
1687713227445075968
1685879525186678784
1697606518399467520
1585494748193751040
1334171864
1444007365192212483
1520619667492323329
1453911175591350272
1663572859002970113
1696847278785331200
1656904272632598528
1697681521266614272
1693370957254057984
1697008881602338816
1602846411082452999
1696686930832838656
1558635014186668032
1587676260737720320
1461867092056018950
1696543084782174209
1696687618820378624
1687351784694571009
1627395386599153664
1688610383547039745
1651090970748891137
1661485929041731586
1640464849334411267
1695212598327697408
1695163738142154752
1694730364022132738
1594900010487123968
1694814534954065921
1691033213639299072
1647313636031881217
1691600265986949120
1453748522226835456
1662060485259214849
1694747215754125312
1694900053972815872
1181474233
1688407391589593088
1173261841952378880
1694498005611589632
917106577
1691596936673992704
1515470224211992576
1403760797629681665
1594626009764069378
1684612892384251906
38836714
15168310
1138767612131909632
1692321522642251776
1693665078195765257
1693482727184666624
1678160535534329856
1676756575845769216
1691491076912164870
1304434284908998658
1325293592395591680
1626329774095495168
1675019856301920258
1597050957392658433
1693090603423379457
1204204858078908416
1571677059432300546
422939571
1622400500883677184
1683557675605323776
1232113417579790336
1687950407103086592
1533090807288168453
1186002865883664384
1427322015267049477
1600431964997181446
1681438014352793600
1579165399761010688
1604445104462123010
3116102101
1692357306040864768
1528019001086976000
1341068860989067264
1532201975768657920
1294141896944758784
1680382071066226688
1587170195864428545
1601775938550878215
1688598953430859788
1692258109517975554
85632009
1618110252888608768
1324941167197351937
1597735163592671232
1690676514545627136
1557280329739735040
1514724377807441927
1651695996588441600
1687970854561304576
1617415733771915264
1618405053563375618
3506866154
1397178257825484802
1683503757819015169
1550003213390061568
1151839701952802817
1652113707428610050
1095954711612674049
404392992
1691942454080225283
896437476
1686144537822216192
1683352941602787328
1687909398583431168
1691861410991788032
1592720218006212608
1385629740065771521
1651273769292382236
1447648252690460672
713027986836992000
796151032208392192
1268399161935872002
1651994653288280065
1382172700144148481
1611610773393924097
1687971682210979840
1649510035146571784
1473785450393489416
870935940
1638456062037872640
891087683006717952
803704565778497536
1625177865527476227
1678445254830170114
1519044819640795136
1614041606008496129
2425140276
765980874705891328
1691160138852298753
1670197413208813568
1423307611617722378
1405240912435990531
1689746095659012096
1606713488885579778
1594160153787514882
1490070919829594112
977902231235252224
1604517064131153921
1600986113031958530
1674275674184638465
1661530982875275264
1616579487121948672
625334685
997995157793394689
1679075831572725762
2777174557
1688627652662349824
1690528952329129984
1367744570658672640
1682198239410266118
1689781196576665600
1689661533867978754
1652851049361809409
1690516503504769025
1596161052395413507
1690436106725347328
1689280972250836993
1656310018004897792
1580945471010381824
1681438430130053120
1440328523143516161
806364691069095939
1367242905048526853
1661533844506574850
1098793174313635841
1639464238681817097
1067067165663203328
1586612432013004801
962675670357807104
1434512322832310274
1598453777660629021
1600720176906833920
1400248540845121536
1684022553973764100
1668326935842390016
1364408454144786435
1689843912347951104
1689331619562401794
1587196638853988353
1468343579882176512
1495500153658253313
721552373622026241
1100634329494028288
1498034716297027590
740704117580926976
1649429117127753728
1689360793387548672
1670261661066821636
1468273970650574848
1689358799272910848
1682128528509108228
1680776562436702209
1689451219914194945
1499531795187912707
1683975999955046400
1526453594093920258
1174085106438430720
208329688
1680298567511195649
1679987548519645189
1685207824387678208
1681343836784672776
1640033335345905665
1593013240732295169
1582553497417007105
1549109432952541185
1443383895668441090
1382325329214181383
732249195667558401
1666349413848035328
3039163002
1183679474
1592436936
1472938785935560704
48536848
1497956089765281796
1629972636922179584
1464886606511366147
1307186985379885057
1137702197167239168
1668740847448526849
1688940392157253633
1684803470619013120
1618050468667686913
952892109631246336
1554793481205420033
1610901356667101186
1652050322259361793
1684195305707962368
1137797476101054464
1616192666030510081
1673724235024412676
4291527016
1645307814074810369
742189818193547264
1686571163474915328
1661530807880523781
1688999265262088197
1276612484573605889
1688306459296329728
957145462645121025
1673419520860356608
2193925043
1688318417378373632
1670611768278941697
805502502028398593
1585401097099018241
1659316593883480064
1038052165
1649548469739061248
1689010323850706944
1684972729139699715
1688697377626943488
883862450998620160
1687883307197853696
1483188651215536129
1683842204291452928
1688877217361620992
1652570612144148480
315219367
606131018
295593056
1679859460846628864
163334114
1688599587710242821
1324825071094038534
1177196779
1564155437590712321
310035157
1513202050389225475
1685669415235342336
417136061
1650610088543911938
1650423267532890113
1687169758913810432
1332437164626374656
1127730862441803777
1670579895552860162
1470141916452990981
1651767727135027200
1204465777262448644
753208970261598208
1659635535713804291
1682897691783704576
942409853242355712
1651268112401174528
1453331272001073161
432095944
3357725998
1679743997114212352
1519451953306247168
2358385466
908365179225874433
1649625638662459393
1272597290809733122
1079098506747498497
1595720490232020994
1664181722701856769
1586562328186818564
1315779565646737409
1688065158281650176
1440454970
925042770062004224
1520919983869497344
1688010345460256768
1603954602612858880
1512569192544931844
2343128647
1595633096761696256
1682129034237337600
1135264928053563392
1637370577093636096
1687710813791141888
246232894
1325932085698236427
1585812105470836736
1306859702337368065
1271491865368580097
1536059784528801792
1248262742961782785
1680762105606152194
1418656021527007232
751132417017217024
1524119685561729026
1687744840455565312
919637670481088517
1687712085931708416
1678869517420711937
1611190577177178112
1499449334361989124
1639820734053728258
1679620433039990785
1687707115031244800
1649284143883198464
1461685960387796994
1527313667162681344
1498374756457873409
1057404249909485568
1470603898784149505
1562621251528507392
72445899
1596871760917528577
1540165053760126976
1575469035914862595
1465640137673510913
1016257798504525824
1687687260962189314
1561200914244960256
1547965656687005697
28750577
1206795470603014149
2254575226
1112833349306011650
724790322
1355216563272634375
1679137748
806463570133348356
1684622801020317696
1125947439905742849
253854488
864966156506890240
1685438648114651136
1686708299729608704
1661977033658847236
2962467993
1548299970716921856
1687493398549155840
1299477655822106624
1687308681761943555
1687309133349814272
1504951280900452358
1651719050161016832
1440745380279291909
1533492220724060160
993457322629398528
1324583566647402501
1676781023575814144
1598035254060716040
1509296051131502608
1514215271392845829
1661468300243783680
36583086
1447259451262701578
1649465839312052230
1467305555689500675
1669966894080856064
1527596650000265218
1337176628796022787
1589624589683785728
2198993678
1650219344700293120
1685387368730333185
1248007248787443713
1677625401206554625
1487905356827316228
1674902798893215744
1316502036452642822
309348679
1651785354788356096
1627803954372399104
1686972421578825728
1265037576651620352
963015345660485632
1642212724552929281
1685492570699210752
1481456871718354945
1654894699474472961
1510428834998353929
1679616327676198914
1651478287015895040
1594928957803360256
1587625058729500673
1624450105494437890
1482474218554114057
1194709407545864192
1653382377698369536
1583471463859949570
1250254897
1674108162117337104
754544015245205504
1530475606961422337
1678570452166246401
1389188507172843521
3301154471
1457233823310049280
1437903962804396035
1550581806549934086
1685484184070967296
1661094156301639685
1651711029741785088
981917500031094785
913265042090491905
1123449466525310976
1517723489595240448
1058766722830868481
825504240399441921
1675175774754832385
1604840899
1587651220965146625
1347459354849669120
1648364000768409603
1501444462031126536
1570488967358812160
1596101149840797697
282872033
1683220891209965568
1576200677096841217
799241745837887488
1541903700800716800
1596506331653050371
1322060763243122689
1453453926334799872
1088525713655951360
1311650148729212931
1540412440734834691
1317517209451794433
1670234325147848704
1180398063392821253
1476681676214267904
110254892
88974323
1491902355759308801
1646690960980451330
1645296936247873536
1684616843783200782
3179074993
65659772
993380183548690432
1614297975068717056
1509500113642672129
1469702391046021128
1603954715590594562
986016409569366016
1243458883282075650
1462532585238802432
1685875260715827201
1685862064743424000
355196092
1667546371912617990
1560680910600765441
1202879961821876225
1161496725162483713
943301390780260352
2152575379
43906698
1507062635946291214
1674587408141103110
1603672882651041794
1654696152837570562
1472975514180726784
1662641023909089281
1679677948226306049
1674174819728781317
2998810026
1679004466782126081
1635717476112531480
1675990680114454534
1626663450137993217
1008041985666703360
1470788693405413378
1646555133742809107
1656809365851054082
1522044464327704576
1143138937994563584
1582380135105417220
1628149485716086786
4552728017
1414713255721799681
1669235341029695488
922959219778883584
2588216078
906746404659515392
1413291800282996740
1538598514577620994
3435117094
1651557669033967616
1684922101558337536
1243674047809908737
738812093005107200
775519388493500416
953908205922521088
1651390537579020290
1586852512623169539
1467748813725069317
1386801811005247488
1031266421874012161
1544720978579980288
1666902725634711565
768604050791301120
4822174235
1594195835071373312
756313054250430468
1684676980178837505
1471567404069265412
877837786577088512
3317487181
1315717296
1677498147524734976
110835004
1684628820547035139
1684505754907156480
1684447355666575360
1638800105401622528
1651764879596953600
1577112941769494529
1285749510552027136
1486690460961804290
1482593621731725317
29222658
1531763903948013571
2842120127
1684168944968519681
1595310645993701376
1458019637367656451
1666806318152445954
1518774754551164928
1683414118009798656
1446417350803210240
873377588
1253054581598273536
1384718710506770433
2415672998
1683430962762514432
1617972228028596224
1439421815047266306
1683779063985623040
1125424723423301633
1683504778679132161
1682841226700046336
460517397
812604411180511232
385136468
1461440318675591175
1665887876536758273
975142355404804097
1680258202007646210
1369529073483927552
1671918434450391054
345594530
1518975385203003394
1354288559486881792
1481838873344946178
1312430784180097024
1681443635936600064
702603072191787008
1680617819308949504
4515421095
1680054039856267265
4911324614
1666320394830114817
895262112
1670620029187141632
1675751943006830592
805417136927703040
1519338715012902916
1674906108421390336
1674416645371211778
1530658099018625024
1399449164782706693
1681313276314124288
1165426312217014273
3306212126
1520326131248992258
1629992608998080512
1562742419199627264
1612612739632955392
1677020978134515712
1254679001009881089
1553768636904456192
1520096957762613257
1682059918621421568
1681527381775851521
1321192259539378179
984334190941388800
1147660357877534720
1623707902421749763
1316080178913783809
1234263448537763842
1567958990633730048
1603599491470352385
1681369494826909703
1535060158245576704
1579922643347718144
1595523333818265600
1681510070100668416
1675732305959170048
911169928748728321
1618088724730118146
1679221556302446593
1518667328187211776
1668225153124429824
1337616793330978818
120817754
1681467461538050054
162091873
1490536183876952067
1303485235
1579006147503136768
1467540024757530629
255726318
1681376449310380033
862142038858276864
1141842142115106822
4184016016
3165331636
1634211320273805314
1637902035038216194
1677736209093722112
1639959171108859904
1413266725890527240
1589833881624141827
1681010583645061121
1468436947706208264
1378657046564798467
1679091064228007936
860998512254701568
1497451023270658049
1677906269485793282
1594589928062701569
1679190556113797120
1649664813193211904
1649700774656774146
1312337002516357120
1631862598521044995
1674826799958855681
883867542741291008
3400013153
1328973679078871040
1460654158000885764
1468231074136403984
1676634014365659137
1670647707814490113
1678830216955789313
1266523847601188865
1620201236434767874
1655720395448913920
1645719122200743936
2944764965
1483036298537537537
1332568558564372482
1136426434807734273
1604588462723809286
1677208290755764224
2794944865
1618049423757516800
1486996392438804480
1274756929
1630431684318629889
1640183695687696385
1675949962658713600
1680437860644835328
1674781325205864448
1586817362682007553
1585852147702308864
1598536469274050561
1586819372277825536
1466405881667592193
1522987469695852544
91254742
1457827533093842948
1178772625113407496
1518565590256222210
1680195786070532096
3189033559
1586819983581106180
1572014755954532353
4055734253
3319832584
777395430
250272465
1432060032074530827
1668458895252262914
1494400357828599809
1115411940162056193
1365819579335860227
1180570116997763077
1373322773418901507
1413052170308444161
1412498283084369934
770464354101710848
1578127149822869528
1013340833091813376
1674536031310282752
1639667846690086914
1642124440786878464
1589992343830142976
1020434130503389184
1537325495557275648
2977015003
3697927456
1596464799516594178
1674896234006343680
1019427918752014336
1467225797052166146
1518962285762416640
1036315376
1667663224173658112
1535389710406897665
1590071606327533568
1625271607982784512
1497753095622828032
1666477216367009796
1072404738530930689
1603563937005539333
1521852485257814016
1649872797424836608
2209700817
1426932445912485891
330026844
1049115051871756290
1339569100780171271
382686084
1518687182667587584
1618561262211792898
1468393918735826946
1615010981460975624
1344023144898695168
975924659496534018
1677787720658169856
1557290429762125824
998629682500243456
1578373332524666880
1392219659613589504
1435246070511149056
1646312239798927366
1253499166895992832
1664680662945927170
485296454
1669841638628155394
1722804787
1259643675006689297
14911991
191289307
1087976118
1399847664787902464
1618258832244752386
922950814699835393
1612333388991696902
1586450752771395586
1644192479363694599
1643393539349393409
1601011991078133760
1278450581422686210
1679739997220483073
1494648920
1356651797163565057
1432427907591417860
1601533417740541952
923298391077150720
1670436065260318720
1594889970166030341
1651382999231897600
1638029766795177985
2905993859
150562768
443083605
1917907339
1445132316393811977
1669123252491374594
1678878741886271489
1617942750988763137
1612296839599996929
1671295376027185157
1349383622898417669
1606930293314797569
1498131471961309188
1364254405621673987
40364611
1016056336075841536
1676692303145054209
2280280947
1649145401885483008
1658289749579235328
2393747550
1588576918533709830
1633910741752500225
1438046499255029761
1657954894907834368
1541861587799113730
1156304217545551872
1100500344533118977
1309940812982050816
1416081733242527747
734168839735349248
1518665963616587778
1535467070200094720
1178409166588846082
860339515738685442
2704627940
1633465812278296576
52755564
1624630591407763456
1635797127396818945
1564042663766228993
1311427884054085633
1591242518049406976
1528098027537326083
1367979062283632640
1463046498074038276
1518953937000357889
1679173337145131020
1561077479426740224
1580428011647762433
1595184725395738631
1611122395
1325462895472291843
1696803728
3625259656
966182076
1481452653078978564
1382822737811537924
1579256576220741639
1532341174064799744
224586480
983735947
1672537022748307456
564130586
1252671138
1633351059593908224
1601257700347858944
1675012865550598144
759070982
1437519701467336716
1086309903663271937
989479403317948416
1160894415021510658
4172471331
236298363
1193082963489148928
2426395675
1345484158965977088
1586831742014570498
1675356428242939904
3233285281
1514465941383356419
1679128085461966849
1671412745638494208
955329958112645120
860024314783043585
1640924510382612480
1257299934065221635
1233915303018418176
1561015129
1671753110908182532
1596842635200716801
2574619137
1558976841443987456
1469117754120622082
1678835729491718148
1460342642517200902
1424400028836286467
1677986778651963397
2322866384
1679180792042340365
1679190518134079504
2387184684
1641159464584900608
1155552383834787841
926852952890986496
1110602962315952128
1678666770734018560
1670055583536279553
1648115450658660353
1456392094298382336
1650415354156294146
1265440994117517315
1655353145202188288
1587262969183879169
1444383714285428742
1675652616116744194
1650678799418249217
1591619612336181248
1062474586841927685
1638115184144162820
1677061437988929542
1677990837651935233
1087739415638822912
1594267578922373122
1267869607328714754
1677861572520099842
1675670603078967296
1567405204278222849
1621867356191432705
1313912251238080512
1675393889350320130
1677729118635413504
1675598233538527232
1640074046665822208
1674959501189869568
925507456775655424
1508464012878614533
1450188377244930049
236300369
1086513402
1676334734929178624
1677039028850376712
1675836187188027393
1644340576932773889
1572853761898422274
1676148574709768192
1299141902416125953
1574818938013110272
1493023491293159424
780932084479172608
2824113095
1650913399272882177
1604750918871879680
1607911746089410560
388023259
1676012170042302465
1676417111814545409
2198639461
1446590599579197442
1589406265209397252
263644325
1676382468989911040
1327017128340434944
1556065979255427073
1675074839051218947
1182124465209188353
1674844501276499968
1565372807676043265
1662598216695832578
1519526655383031809
1674830771008290843
1675202543524167680
1675977512533340160
1566401313482629120
1676199350270058496
1675083218490408960
1633821070062149633
1074038717763997696
1557402864686858244
1549073377327038464
1651916172973973510
1499126018455572480
1581702310429921282
1419336802809237505
1368598350564524034
1585370841814077442
1267046909916721153
1263006888460984321
995907036658286592
1594219052406214656
1668143748231106562
1665436802323234818
1585689610889269248
1267290680252076032
1268288925518442497
1098649217579601920
1638964123932192784
1596186533014294529
592560599
1671755165966163971
1633920117015732228
1512646012770340874
1445111225692590086
1537576368199720961
1667640710965649418
2802274855
1538067911612321792
1294326095790178304
1627048423437524992
1671554652054204416
1600936216261758991
722215737373253633
1647216685437566976
1521400461261086721
1671945221767135233
1668760272222158852
499935453
1656110357822439426
1543651013365735425
1578941235271802880
1481060168163115008
728218784033574913
1628564358497284096
996418364909244422
1595982266685165568
1671541487249530886
1598496852349194240
1671383977238691841
1625512077312815106
1621707011141566464
1654272091984674816
1663630885772754944
1613866038646505472
1387587493663477760
1641850484955676672
920201515817504769
1670498047946522624
2829126378
1643055401053609988
1661469535336005635
1639287956941799425
1516885194606743552
1625943001859063810
1615016957203607553
1586486470126313477
1391556876467384320
1520092257759625217
1668140061370765312
1033834649137676289
1669827992778842114
1669841823164923904
1278363893568376837
1634271266910752786
1650664041507954689
1441903707851952129
1587003741932232704
1648245463785648130
1563877248033345537
1584961703720194074
1655610007000596480
1344093788222808064
1548094973861498881
1495161911977328644
1648553784660951040
1521788261437513735
366877114
1504317121186074636
1375142066536112139
1661870600124612609
1656001729517744132
1584712818716278784
1668114022518996992
2195716097
1656324035628912640
1602570859041783814
1311932193913135104
1557747646772568064
1657091224568750100
1657499279383056384
1578133048184504338
1519098738366681088
1665526698987626496
1429130860939431937
1620291898006016001
1661537586559549443
1667241769506074624
1588646288949755904
1618119470190305281
1626052039393562624
1527623242562912257
1604454941975789570
1447684536784015366
1522051963114131456
1498109201486434312
1440732858109231109
1643681329115189248
1649237147776610304
489599222
1666483922031501327
1620094966876803081
1665291837882474498
1494725801262129160
1661567092422844416
1601619378327339009
1635433793812066305
1582844512837197837
407785136
1609575802479181824
1153700126692696064
1661534427946827777
701510701
752305812417241088
1221525092670283777
1657370310079815680
1612306033929592832
1603387499631583238
1665313122050093057
1653174751953661953
1665334458453483520
319490086
1380394256657944579
1519490816045203456
1510388126245695492
1325407743210033153
1665055583609790465
1640899052492709888
1076098233485660162
1285416254346534912
1622607110
1645178485604859906
1469368286588641285
1657054440988262404
3126612946
980422287752155141
951665451599257600
3388491268
320524842
1594193758236598273
567979581
1663648102786519040
1566152365912236035
1663868368925990913
1461889542525362178
1431256099114606598
1504676819789828117
1587881492092444673
1550878052112109574
991476349305958400
1663412658253737984
1273461129621233664
1510274186
1067064111387877376
1501981340383977472
1663079520856051717
1661146869676777472
1596043515078770688
1638009983433338880
1661958621838581762
1591515630418776064
1589622795767627776
731031888404598785
1592587551285645317
1641461054
1586939104427745280
1662177320323497985
773847902942887936
896941260874842112
1646002133030907906
1657575715641135105
803689724758151172
1658356463176237056
1661539184417427456
1590969881616326656
1585803103105912833
1660351653365653504
1463127431007522816
880567026695233537
1019786995579617281
560675608
877675883313737733
809951166457151489
1590475053992329217
1421243490395049984
1586027006453587972
1633949894120468483
1519030469165301760
1000855901727809537
1657479868995493888
1568505724895985667
1092346141998370816
1566616474395054082
1397391709705695232
1659080637876170752
1658279854742163458
1570168223328358401
746158854212198402
1656729990220611584
3013044055
336765496
818659129
1469832845069893639
1656852050125410304
1491122685551722497
1658520475893366784
1424568059424088073
1380510076113461249
1262798555972096000
1641114045704196097
1423163215
1592938534121476096
895104322148728833
1588790914134196225
1498644133472317441
1486792689572102148
1517732210224386048
1564953879850225666
1596294143159984131
1522398300145700864
1564811294703865864
1332491735981764612
3297090039
1655394616126914561
928594551329230849
1617902104403759108
1655332898646392833
1212331940088410112
1630383596472004615
1321553074041745408
1650615289661341702
1585788926526119936
1488775241417445378
2285713092
1625364492140912643
1292282355978309632
1480601762511958021
1481492343614320641
2274646646
783486171598946305
1440678449954185221
1509865074357379073
1625897534626332672
1597015473626947585
48760448
1608926451050450944
1534042866049335296
448363238
1573817872987602944
1654768892924014592
1455708917686808581
1595986244990820353
1601753690297212928
1576235370081140738
1650998375326658561
1596556521348812801
1145536953468760074
1483096144817360900
1519086962409238528
1595989904806318080
153176805
192316264
1407417598602530820
1653932767196098561
1648170306819833857
1396708174644776960
1596341998226751488
1445232807022710790
1649241620531888128
1653193609288757248
1653200936314208260
4760159968
1585480329246248960
862065266879995904
1581694157726302210
1522001046637547520
1375121329997877256
1587254861145546753
1638553810313379840
1485331739929108487
1295194743580831744
1343661265567285249
917240386573295616
1234928535774646280
1470498987547447300
1451208665059389446
1617891318159769600
1585683731234291728
173460617
1271645513117507584
1609426299155775488
1253921603265519616
1456333572693176320
1645971713073479687
1650783032721256448
1648554651720237056
44415207
1648058907691044866
1646998833442717696
1650631925277523969
1650590309397438475
1600702035573317632
1541890157187436545
2945287090
1650524817215623169
4790055615
1551423218040332288
1640832837396955139
1650323889363484672
9287122
1598070648429219840
1650264129649758209
736935927281528832
973990424464502801
913406138393124865
1649947821129322498
1605670538856185857
3710622079
1578515582638596096
1311869639476080640
1468074109364244481
1627439871219404801
1269058193340104708
1200542180135391233
1530749455485509632
1642154517411033090
552839903
1560999491708530690
1540076023940874240
1591925424011071498
1516840579308699650
717683824906346496
1645562485863219203
1555039442
1161664743964336128
1617550995902398465
3004062205
1105893483242504193
1529662423380250625
1647950037438304257
1647821765731667968
1589819308795990018
1647671733795852288
1647765973645000707
1642913953679388672
1335057042160148481
1585837951090536448
1519654066657411073
17289855
1590724548634193920
1656440820
1595485442085998593
1590142379192877056
1587543674543636481
1520921454803570688
1432134887184781316
1468111950785630208
1556696589955203075
1496944925602111493
1644042177951985666
1617928657804091393
1402785621727383554
1219636710
906563641637564416
1012333676
1273361335410028544
1282719613864878082
1586145655650664448
1646943685106343956
1268667676907278336
1322704871825547272
1597922876782280704
1646988694908198914
4830286199
1595556219594457094
274537655
1589599372685328390
1645957569209597952
1628301283047120896
1645506944235450368
1410103875294666753
1645624601823662080
1614032525810188293
1196215190297227264
1610876978239864833
1516455376723488768
1591600230201380865
694665316924821506
1037487297837584384
1619359958033698816
1148062750641405953
1285600536545431558
1406259174573436936
1256789061228023809
1585997329458397186
1278099265387200513
1198258296580427777
1326339369880473601
1641096698792407042
1643360971518271492
1579006958853509120
855483994800050177
1351592859460276226
1626762954325757953
1509589350006366212
1350234656659091458
1611921153353809924
1166131424522457088
15209214
1608622885911887872
1642023847405711360
1626855435809755136
1235212371154567168
1642723772233818112
1586696637744877568
2394591710
1586610849803915264
539454878
1601847448443539456
1457491684879699971
1237323078071250944
70487487
1633502149119229954
1618164200232128512
853812941132636162
1641645006359339009
1640841047201939456
1639777878597410816
1488458759135444995
785235502815404032
1641443936752504840
1318503000311255041
848269578
1626485190137720832
1589327542770614272
1519114737841278979
1451376078631563267
542252673
1586145424427155456
1419301543795253255
1605704416555925504
1640972838994583553
1076877018862702593
1274856905643405312
1603231633007673344
3372145812
1468712275313844229
321018116
1120664210181115904
1582801798057934854
1521876536625963010
1595124296053305344
943620785352015873
295845609
1581989200030744584
778214276712497152
1600572868680630315
1640724178956349440
1624703415203799040
714446259277406208
1636795532067602439
2266231378
1465768395547328517
1047611875234603008
1640183702557716480
1470928178705096704
65955513
1381772634854191105
1639746367072370688
1594154699405393921
1634300196736708608
1639808046741299200
863839615806996480
1394669209205022723
1250171475652468736
50808564
1316540449557942272
1538288322585321472
1483802981262888962
1523512846599958528
1424509949472817153
902297315591020545
1317202883511726080
1227251684507865088
1519720992628740096
1598157158805569538
224803925
1130788211985395712
1594228879249530881
1639492059118686209
1638393914779639808
1452853346872737796
704079735597494272
2558068357
1478452569731121156
1564382120608296960
1623852039209123841
4928280045
1617894330869612545
1547449830582149120
1595987533053165570
66376085
1301085709
1275469197263409159
1468073797425106944
1429739328549261313
745286833198759936
397100896
1611056206524854278
879523254091870210
923662934034862080
1613756225858199553
296593206
1638967336018362368
1586874505531621377
1598043223569620992
1491249222288609280
1504272848457674754
295964910
1560139101709418496
1617889757677207552
1497931381862711296
1591238906351075333
1598417070429020162
1639330446927429637
1639062989037883400
362911509
1469046021137313795
1617989061641228294
1338166943111581696
409949001
1524121177349705729
751066407757045760
1469074325026205699
1631861100810493954
1586412198506569728
1585985292443553793
1475694495538847756
1526217493643132928
1586545263279235072
137804713
1589860775925014528
1560703882447273989
2683511317
1635702623956246534
1586003720252567552
1111801045276086273
1449867414972346372
1501054569995915264
1602827452254158848
36865157
1411739552755208200
847546342037696516
887235743520702464
1603571826843598848
47820932
1091872041404370946
1524226014271913984
1593924785364418560
1448147371343351811
1567340712550694912
1598029149288931330
1507078380675604489
1638603380968022017
1415256278142705664
1598349663718998017
1638950186633289733
1272778851681271808
1586837382694899715
1638849369259786241
1633436546132070401
1608286692078755841
1405848568875786245
1257975747454500865
553128939
1400566788635701258
1455001848230735873
1411055974362791940
1585741308538265600
1638662577826992129
1947367950
793411366103023616
1351726225312497666
1612819025049919488
1586074090460397575
1636851199738609664
1522369074432557057
1468068237762252802
1423549149220380674
1460604279266422787
1010972488166043648
1539242504700235783
1560496313074155521
1402553255343706115
1567790901413429248
1618073655501619206
1258200456372858885
2633303348
1638006187798175744
1617921467886313472
1566963246367756289
1208129756731977735
1483824852263837697
1618092062691450882
388822371
1479478215802507268
1595644049083482114
1607680984371052545
1498681830001758213
435139043
858085076130820097
1144794601783529472
3399067433
1495994610203574273
715577457009496064
1555378674123395072
1632562358349332480
1525248302324666368
1500658835232546818
739179744898523140
1594519238244540416
2757173134
1151899843213893632
1324875199544782850
1586707260486598659
1585418733283119105
1601662273273184256
1601865512371249153
1544338631707566081
1600883594305708033
1277696893443866628
785813533
1518953913659101190
1591478892971249664
1589790237382742016
1600724233184845825
3368579713
1637784822499233793
1590205672452390913
1478471772970401798
1310647210288312320
1603920472168484864
64234957
841861291
1637749377648173057
1567382824663265281
1307810687381463041
1009366190916030464
1291478180629536771
1363702398074712064
1636750591861960704
1452151098685288450
1468083711228870660
3040073857
1629691031317782528
1538577621574832129
1564039038998306818
1589590942033526788
1387061077599531019
3192991961
994013243197874177
764285368258600960
1088249221285859329
1582212945169235968
2416923355
1597717666348912644
1335040633313128449
1519184527045890048
839998182213984256
798314
1596382369283715072
1594158761534541828
1067850974868459522
1340803627
1082333204487405568
1586618016921718785
1532793948439203842
1293558826738884614
1596254435445022721
1624582129991516162
1324016352030502913
1634461934719213568
1532081734279483395
34045245
1372681436092858369
1270804073915322371
1394090317226418185
1424428908464726023
1429200674806456327
792462779689136128
1560165037712572417
1329624350392139780
1500596501793411079
4899239288
1514651199978577922
1475588504352698376
1590120470526906368
1424318418958774275
1571731157687103490
1552422934546812930
1501670798767050752
1544136216693469184
1296213844491218945
1431087596017422342
1449120302739308546
2986533810
1265511644
1383694911313125382
1684169904
1626991703361196034
1374013916477583363
1534531913582628866
1366789622148308996
1463757437664645123
1587129436520022021
2720269980
1349049878954074113
1519003474955882496
1461775131307610114
302783358
1585843773543952384
1021167317948956672
1626838735038840832
98022672
1269558807262310400
1628832367518392321
1625111491128053760
1586558697832071169
1067319476310413312
1562889636317315072
2817634483
3192717744
1486942528670732290
1512213983423606796
1618785800308801536
1490834974244847616
1490461608094552064
1470581475254939650
2726798577
1072191271157071872
1506116753893568512
1459231537153691649
1586062913260982274
34165682
1197169184725184513
1388509320980037641
1230274618184912897
1278613838217261057
1097912911291392000
1366897957673463810
197258281
1498031888098811910
771033403282063360
1264703265192710147
1453922349435088897
1603949466440146945
1465846962746494986
1635810379040260097
1499188938900230146
1632856851720163334
1629589652544913409
1529681542385045505
1519364572133695488
1531871578832572416
151607153
1596728215715864582
914250063395860480
1105595337140428800
904294563438747649
1596319893779107842
781156999
1580537366837592065
874482224099459073
797347029450100736
753045173551112192
1587210572751323136
1513342354094231557
1432511238072844290
1357764031960997892
1503886615512596489
2741840265
1433991027401048066
1306661967235551234
469230765
1523356313266409472
1191226293536378880
1589640073305202689
1380545754607931395
1602831030205153281
792634013634682880
1472788374624907267
858090689393037320
958780925256654849
27601161
1386690543162470401
1591326765951098880
1595322352899964929
1466527230805385218
1584039810179612672
149545708
1489312291002716161
1361816729266114560
1131650838
1519016253154803712
1634956684794765319
1439482934357106688
1628473689263013890
1592541542950092802
897335219082203144
1592117831147061249
27370805
816877841090539521
1437191284540719107
776969275156209664
1588140629456035840
1590703923337170944
1585797095155433472
1368690684501389312
1386759165708804097
1269386963414650883
1587151191712071681
1591891602670292992
1274898113300320256
1615849713307090948
4848018612
1594396411181010944
1586792829426307074
1349188997462044673
1630229860714168321
1632201881392152576
1186053038286495746
843965625177399296
1586888941046636545
1549168497359572992
1569440887033237511
1468069686026076163
1634025713639596034
2865063489
1602515287269670913
1301291062812647427
1634255134774403097
1633909527815901199
878904038586290176
1488638184049324036
1609926531488399360
1541801330829889540
1586062213982330880
1612606345169063936
79350157
435289507
1586800366036959232
1440244179074838536
13561082
1620157513231482880
1483979422009024516
1562510494413770753
1362752347219382273
846331560022310913
1543321001634799617
1385773843378180096
1569515124318420995
1619795059632660484
1632921938552320000
1632901553626423297
1328806467944804354
1366725479106048004
1596696692274798592
1629319980205604866
1468480709002412033
1139433467689820162
1255887712214646787
1632381203159425024
943856900336168960
1577797989799976960
707318333050265600
1320200162309013504
1399441831746809861
1586575228477603841
143495559
1314030440618098688
1618146986221527040
1586568068800466944
1620477635569524736
585445539
1541521748557971457
1325049071753637889
239815718
1416164594276618240
1620127543536877568
1521473966648537089
1319112360632684548
1309651875483058183
1597022048093609985
1186404293944991744
992376127904677888
1585469056257208320
1172359942675689474
1631532160111853568
1585957997066461184
1629700487917322240
1354972937867177986
1199802683277926401
1043552987438899201
2866813982
1348429575060135939
258677996
1627144101081583620
1506386119998550017
1608700061294239744
1626048212950994944
961439890989895680
1540615616222068737
226568807
1403620789
850497996215263232
1596338736165437441
1621252588866834432
1613223829463044115
1598401932862824448
2478332413
4262269034
1449860455606800384
1589837362997207042
1558876289330733061
1096887994311757824
440660885
361103236
1386425701222469635
1627963773465001984
1573104927324487680
1599025241581359106
1240199251579113472
751954389321998336
732916237462831104
1591336827960627202
1254155986631344129
46227137
1627872253072252931
799120085180764161
1586591559193186306
1316731397277581313
1158646095217643520
1890100826
44930067
329449595
1619447701308858369
1589406907302703105
1337631441283321856
1618859807372460034
1556833340086444032
1595853455482097671
748575801797275648
986385193
3051623806
1490304004907483136
3033182024
1605370004236636162
1022239423214374913
1613232853403197450
569482666
1489360972984766471
1513043817464803328
1566487508141195273
1315318716335185920
1626809194665099267
1585798055667929088
1033722049745887233
1594882522944393216
1522328557174726656
1591195803024072714
1598138091910438913
1546997188286357510
807776666
1626554440198111233
1597029117219717121
1594504061319090176
1596685251534790656
1347331705061969920
1098223578351390720
1598141134370492416
1587869866630987777
1436491127050407940
1582987022947565569
1612328947588513793
1578160502651453442
1583452743586414593
1409981674662813698
1595483960850747394
1595589534
1483668115972313092
431785296
1617968183444639744
1467546458123603977
99221475
1587249923531022336
1596060397357834240
1516259364969005058
1492564294738669570
1384187107644608517
1199144933153812481
1598064428288802826
1257397241360166912
1530966028221661184
1521198237780164610
1611597705050050562
1242297623387631616
1428360828558864387
1239939270187589632
1626020646512734209
1534538830912663554
1586822270735073282
1345201396040278017
378276703
1606680285860487168
21364792
1600193835803594752
1618768930780102657
1597681864696729600
1355313301044031489
1586027399673745409
1585845309598359554
846188811457626112
1518687266570477569
1618534463113158657
1605393548949479426
1616028653179092992
1348922182144032769
811291812
743145641065517056
899765511201882112
1250329049211138049
1586754920207753217
1468751338385428482
1076627956418707456
838073767758819328
1604334092044189696
1594299396501524481
1610699494613565441
1586753882419503105
1209532216188891136
259499890
451022842
1528102029486333953
1231345558784221184
1260207060827979778
1470591475188703234
2811759291
1530180763886530560
1320726061592780801
1340621423606452225
1355451982056747010
1561001736600436736
1521560161281843202
1587130749894942721
4417918212
1485469245236469760
1275994753721683968
1218706213874978816
1217049565
1450263440187068416
1601498723841974272
1252790068672151552
1532534054360334341
917103195301740544
1544445713114963969
1586821222859509760
1618117375685021696
2923254998
997398619425857538
1625785300718080001
1566060144374566917
1512025622863749121
1613205554285154306
1517459671266775040
1546698022209200128
1494699667132715019
1482585853700767744
1497961568146968584
1593847971359363072
1478784544706756612
1600548851450101781
1594979006851547136
911381042
816347562131136512
1608566050404306945
2462467927
1436641466680500230
1595981737758269442
1150868435590635525
1520566798877609984
1617885824808546306
1462549851829383177
1586913584570736640
1595682647296167936
1618105328184299520
1585729773481103360
1575550111173660673
1595982944816046083
1589275754784645120
1471492798348075012
1363722777593843713
1519453475419017216
1022343337276329984
1619633124127768576
415243691
1511566691804848133
1467705906318217216
2573125288
1586445229191831554
1591859494044274693
3192393585
4586937621
1212091090083307520
1586836946319466501
756048673033695232
1298445818865881088
1586630882483351553
1589041370127388673
1545215785890680832
1113508974
278135884
1596009369421852672
4646971538
1588142299829133314
1519105629914206208
1600714467590946816
1434638323478265860
1387909119730987010
1544880969278230533
1598586174376796160
98507440
1520546652657897472
1200561641105920002
1370144350827581444
949335426543902721
1601009335320076290
1585696666106986497
339399814
1617912425772113921
1299608153739460609
1488977912128843779
1500001948782661632
765909323545513984
1617899722299023362
1188162952299450368
1517707369509113857
1488094942203416577
1586879487265865729
1531863316087422977
1603808135373897734
1186514928913522688
1585575975013736448
1617883161853136897
1253515170556473344
1581806583633305600
726778516382060544
1338030894
1624499266923397120
1622711411209109523
1463341947104362496
1618082398360555520
1623729042510815236
1039669077495767040
1214762081272111104
1623267787669118976
1587924543569551360
1622785697756086273
1600478395854266368
1523105310042427398
1587643432293507075
1600613539550371840
1558000409817804800
1600332632268865536
1591388514364669952
1299280837293142017
1496710322815524866
1614908789982904320
1597425365806465027
1598424586873348099
1246779481660014597
1621382046059991040
1542611942572957696
1617932570225946625
1621241060193099782
1518902002796875777
1466044507
1505770701558493185
1585990920364855296
2272448245
64562983
1521610488844587009
38790085
807322283123544065
1620478026235645952
1594208531510874112
1586727412456382465
2493929893
1474282487824146442
1532778003259957250
841903392742088704
1410225006437617669
1490727426783125512
49641344
1595805541015527424
1587462592234233856
1620411295790166018
1596001863731658756
1140448134268669952
1540526109665656838
3623795001
1499970169204092929
204559382
993155752591265792
1554780563193700352
1605711736656445440
26159482
1605618823029313536
1590445790836756481
1508313888277688323
1594787384838725635
1468217977648603136
1600166363460521992
1474067010464194562
1449919438677897218
1330720072332087296
1602739640011788288
1427377385209581569
1593795856402194435
1497724169143951364
1471628871170674697
1617956093669552129
1456718154764365829
1497940200126881792
1598443140716941317
1613865487464648705
1468357760849170439
1598520155423866883
1550101351903920134
1586932279988953089
1462538373218942985
2214558306
1464000479101431815
1269746646402785280
1596523207988740096
1466983266334953480
1586184850993778690
1267638464595529729
1340268067637571586
1368339491534958594
1586761251753021445
2662366304
1050548741688741888
1588486101462913025
1617873388063854598
1537045934063902725
1332757436869042178
1487113385607151618
1600127941547024385
2481455030
1589539650997215234
732662738393178113
1594401084218527747
1052648706435108864
1617900132871147522
1518984677905813510
1279964937637564417
1616366123561222145
805756260
1564786257552629760
1423442172263665664
3113295868
1266893032034578432
938525144850591744
1587245901441114112
1618224234538434560
2235692570
1468664604112920594
1589127292340633601
1325177782196822016
1433952231817101312
1603962451179220992
1218916198144004097
1004287709479948288
1585845334487564288
990306702
1448368776383275013
1106057400891527168
1591704308738916352
1162174427641106437
1496312248834342921
1595976055914958850
1505976655839432707
1617917435046248448
1410662366
1604681858603687936
1170784850804187141
1617909993646469120
1589704688416481280
1617516486188486661
375136645
1616705901905465346
491420585
1607324682797318145
1611365288133693441
1469402048915402754
1614674544589000707
1613952295326064640
1068686551704424449
1613620620591304710
1613655087708086279
1375400747940999170
1519005650021502976
1303485055390580736
1611846467605381123
1528041381607899138
1599905981533769728
1610346759510786050
1604543310089134087
1585818251795509248
1580397702810144770
65300156
1569475094317264897
1518680424691556352
1587294803053666307
1595684373805731840
1468637959398252550
1081033580254580736
1585845462296297472
1602396700114653184
915019034231422977
1594826437206212609
1557368840354500608
1610440311230136322
1609908475810684930
1581440563597148161
1605954178219741185
1608093395729219584
1112009230742110209
1545610083345858560
1608160298644504576
753429340348559360
2942240203
1519514094511874049
1100669112433426432
2996053587
1587130798616059904
1326182064949956609
1608001935227129856
1518734946713567232
1607625497386844162
1375335218
1393334569303044097
1396442730746851329
1535099171887321089
1298474764382744576
1503900813382586372
1597379828654968832
1604652493027278849
837063215800545280
1606566133095710721
1609790589209575424
1335738259700387848
217651753
1607894281695657987
1586841297272377344
1608011146245832708
1585836124408537096
1609675365714206723
1595444772050698249
3302855060
1427836562683928577
895720339338141696
1303115891152949249
1601637551873335296
1308822313106771970
1608131901134442499
1593075987532681221
1596350230135558145
1496930958968332293
1579000721445617664
1339313400686522371
1586567143973437441
1075906495156510721
1605904247924604930
747681871178375168
1596683770177806336
1513234019026194440
1588894244344823808
1604485198720163841
1606639365010120704
1446560778031562753
1607046834048073728
1591263848841240579
1606981757085040642
1603596879710806017
1495456248547790853
3776396177
1604700644228550656
1270445493437505538
947727727095713792
1606561040334221312
1469273483704090626
1507860518710698000
1589382438580588545
1383117225729658889
14153459
1604599983893774337
1308083835507290114
1606332798100721665
1273762692
1508242856267419656
1554945905974992897
1243193121908895747
151175550
933587029
1604073839188664321
1468118137354821634
1556787824770400259
1594783793331798016
1467674785480159232
1152676849211674624
1597363536161816577
526523658
1586795619678552064
1605947070065610752
1588321801289043974
1605304395146616833
1605884215203176448
1468420669310640128
1590642934046679040
930956220680359941
1238947252560973831
16634922
1255428469812604929
1518699880587268096
908357585098735616
766065512606535681
1601310022331293697
1583584814791286785
1571613241272565760
1595703125670756354
1575202016661585926
1559296545844891648
1567675035355160578
1602028715914952707
487422560
1589084591914098689
2894858285
2622440153
1605071884160212992
1070196537416925185
517013865
1429593798712176642
1375147985571549185
1472795305917616131
1565523474365689856
1541214622912503811
1367262011315396609
896576058459168768
1451015596544462851
1604940742400479232
1596742289090641920
1427413799880044548
1587189185714290688
40828907
1511743429667131396
1595075960558215169
1580173633649082368
1585906564715933701
1158210993413140480
1590187882056228864
1518388322502156289
1601960289951416323
1598829464321933315
751603454217379841
1405721032166498304
899401541177622528
1604574857995468805
1591506914449448961
1604564665593319424
1587167910627184645
1604543517803651072
1593374948613054469
1561520514589495301
1469414148467527684
1588899988926595072
1587663771337646080
1464701717530959874
1596688403969499137
1558276223436029958
1032038947491336193
1326192349169344513
4055717590
1598029956377759744
1321530783262265353
1095024327542620163
895237080724459520
1585845680802861057
1365502587156496386
769666924657582080
511329763
1451324458782715921
1589685420266119168
1452176787845357570
1390835731019538432
820344373
844755859846553605
760506377286586368
1209528406607564803
456575942
1516002157480185860
1410035979872878595
1486812310253588481
1590705403406475266
1572338169479151618
1604052691071733765
1487063052784652294
1586087761718689792
1587198621971251201
1595733485460680705
1294699828564328448
1597247617859305476
1600269319388135424
1424245369790103556
1600090029266636800
1420978361380261894
1225755860237832192
1469424895528374272
1094518595714015232
897675682645463040
1507846331536052229
1500160140854673409
1587042560966627335
4377033328
1518703764252753920
1584955172983283713
759937236548722690
2210058368
14391632
1496741467192242176
1173134946325671936
1305232526907248640
1586573708726079489
1408898855542968329
1603980350690041856
1599995278873993216
1603777003567476738
1417311433742716928
1595552239426363393
1597457570821701633
1586198062577467394
19586018
1521488031294840833
1321220672912269318
1585844106261143552
761665141519769601
1115491198880440320
1518695533048696834
1354652235427426313
1603957237205999618
1587124078632132608
1518715278980534272
1585842209571717121
1591135152989736983
1210400329
1586567761278509056
1342479009012039681
1375289769031241728
423830964
797613862539448320
1593855361596985344
1519507789873303557
1598529232514203648
1580709868511576064
1601102587444760576
1594537527267975168
1603168935624458240
1594452741132148736
1468228134776578056
1521387526904295424
1603860673057865728
1156671793832312833
1596939507747766275
1354918306801623040
1283240149023723521
54815012
1038642587295522820
1520202720086564866
1587979435818582020
1574487525200216079
1599817826763784194
1187853313817174018
1317321965376401408
1586658373335932930
1470594704802603017
1355418243473657856
1331685819904618501
1598083921509498880
1578483256500318208
1369902890454818820
1585814449256013826
1295017854044078081
2615949556
1097941976442318848
1338994086318133249
1273736886301974528
1598475630542299137
1582113192083341323
1536331746744098816
1359521337795092480
1600704486254804992
1590168486558724096
1596347931640168450
1540141533139070978
894421938852028420
759881703632605184
867406554013806592
1312427274730459138
1516624483120865282
1074130172167606272
1449603330054008834
1585996419239927810
1155698948046303232
1588026456923250688
1092663429175885824
1578232747767709696
21466033
1492004481361276929
1189604521028313088
1468052494207324162
1416949629271240704
3011555201
1404907051575386116
1588359535672049664
873756515483529218
1435989166999937036
1249721982993797120
48567869
1603587763248431105
1583960126037303297
3158221173
1482363346397675528
1468268961569640451
963831747094990849
1601320779756584960
1460454172176834563
1490889768498049025
1306650096071774208
953824025578491909
1129889897022676992
1598820732108152832
1596388313401032704
1586383796471054342
261877010
1324119698011754496
1525955669676806144
1588003454953332737
775154494782992385
1958266045
1000605364809818112
1586020458239074305
1518801514374049794
1545455934184558599
3386619826
1368304902804402177
1161525992
1594848827718004736
2334911159
1408904122724724747
1431780403485020163
539702016
1594195632557801474
1596736231634771968
1593295235928403969
1148725653350563840
1026534131541467138
970854308588802049
1349766041774260224
1600865301104558080
348059156
1597414368119083008
1017461280674852864
1352247830501617667
1587073808044695552
1600850473610780675
1597968074442948609
414117686
1537596937486184450
1596252960346054658
1587070469722742786
1519690009019916289
1587209702533906435
1325625823831928843
1597430320705437697
1600883623032508416
4500576194
1585687197575184385
3248597385
1602624524943507459
1600281469519364098
1589587032732475395
1179045599288664064
103661319
1531761787124817920
1104735450265092097
2352957686
1594037782166401024
1461470044475605002
1578119771119296512
1264268628360400896
1591732891809189889
1586153161303396353
1603429895073402881
1369667569913901056
359583529
1502223304496750596
1400826138704977926
1135459057844740096
1081490435866914817
1595353753489735680
1598793165162651662
1007050811489374208
1461224518773579781
1345301835565842432
821490699749228546
872489039957569537
1602760093854040064
1458754366542807045
1577262224
1594122544692576262
1589873270165307393
2928779026
1190761154768855040
1602367362568785943
1453744725551366149
1446724004
1469502150514405379
1599476497617666049
1557280590134710273
1393769585308954628
1586756158454472710
2891613813
1347730095541157891
1554042517104238593
1128028561590370305
979606619557261312
1372410966093131780
1458628803538866176
1580826640191344640
1498032029191004166
1596920054192406535
1563380488005226497
1586561538877526021
1595279308452421633
1598393201404035077
1598709818839117824
1595671921693233152
919015538038398976
1595618095191576577
1578981876991082497
1372410621145149445
1541982951352803329
133105503
1599467997286088710
1474604557795840002
3171181453
1184922324614692871
1586069765386391553
1474084952497033218
1603594180609056770
3313912732
1229846086015160328
1519330783646949378
56677301
1594719436698689538
1546699168667734016
1531660022890975233
1271542483491708928
1595984435891027969
1599822363633356801
1589371082443837440
1592747575945625600
1587544783156912128
1274174806527815680
1472230421131935754
1480739500229906432
1595907257601912833
106762289
1419012402738352132
1372405727587893249
1412822157835579396
1518718458556522496
1589772204211855363
1474839194451124225
3410843525
1014696506635571200
1599253152724930561
1593607908155162624
820166657394012164
1586584028580237312
1557189233038618624
1595618323491962884
1518995169131089926
1602083812137000960
1586427674137862144
861997844730957828
1472225922401161220
927270566217650176
1589384158157017089
1590072838802665472
1598120847612461056
1539142520541675522
1590082660398948354
1342146677365325825
1599443976355971075
890657236237864960
1598801870507712522
116375949
952999556832284672
1600492476699115524
1597115520855248897
1589073057137713154
1595470060616925186
972631922894491649
891444432792190976
1475797074935521287
1498711284233256969
1601366225367564288
1600133640125648900
1596982618586767360
1594930775798841344
1536522833517498368
1264256390442385410
1569800791481012225
4671374172
1472523782128652291
1599193113947422720
1468119886912126980
1600962220979994624
1504494879510044677
1586018271718940672
599456526
1468672739095592961
1597016323002957831
1585859368343539713
1594466896199708672
1574510715196563462
1586432481112236032
1597956405939552256
1291350102464839680
1527333339790598160
1549224722650615809
1585845670254108673
1385467423533551617
1595982290089304064
1131187770033152000
1595541695445311488
1596176338817163264
1603285160941731841
1586482463223816193
1560720769985937409
1586008301116002306
1536340577821786114
1586002145328889857
1594595819440570368
1145558455140229120
1602717562697129986
943071660818817026
1242823807
1047713399071752192
1569316390300966920
1596131588697358340
1598671343909801984
1598498945986076674
1468335757047877638
1595178622360457220
1595519197861273613
1357433610454843392
704422920341172224
1594439910374588416
893348197040566272
1243821374973644800
1188835096570335238
1579229422581792770
1598698764142780418
1274989790
121261809
1101621399628730370
1518815025233768448
