1694970648802549760
1706706141781041153
4891451439
1195390566168707074
1531919311597600769
1467680270631550980
1639692801406382080
1708452088999747584
1686220644835549184
1626372892437929987
1670280929141465088
1268667676907278336
1687983444544909312
1708152166462914560
1708147614963859456
1652570612144148480
1705977576458493952
1707103326729609216
1537576368199720961
1653382377698369536
1648517062325866499
1707974415860879360
1706767809445765120
1707248633295368192
1646988694908198914
65955513
1267290680252076032
1518790644440870912
1252000012332077068
1704144772263219200
1459375428972519424
1281023018207076352
784792487059714048
1694049663626694656
1618094565319229440
1690502614251921408
1704649052816621568
1655618244760182784
1680899246344613890
2285713092
1698049942114205696
1670345619427270657
1155537529678061568
1669159065367506944
1707377351758065664
1656318372999581704
1706546726406901760
1698085393646632960
3273376171
1661534427946827777
1514468123415486464
1019962992568557569
1672766328661327874
1706625564298088448
1704951126007693312
833033505374347265
1323838524240453632
1690437740578385920
1688167152690327552
1598020671669473300
1343679051345645574
1686144537822216192
1667945696614404097
1645897504695767045
1515470224211992576
1568797199399624710
1558935710945742851
1685484184070967296
1682470461047726080
1684313840505307137
1706042842513084416
1666798391026753536
1688306459296329728
958780925256654849
1702402115124199424
1136426434807734273
1489360972984766471
820949189127335936
1705305472272674816
1705133752014303232
1705664601453408256
1694918957663203328
1652308182776307714
1669073544016175106
1674717157920317440
1685462510906884096
1680625320720834561
1607214149146214403
1467499844570808323
1091047868717326337
1698959315158405120
1674862355065503744
1697987057493192704
1656803064991342593
1622436236953518080
1409981674662813698
1553846581127815168
1666806318152445954
1678262286916665344
1703868586891390976
1697058288309768192
1446590599579197442
1703551188895936512
274537655
1484331161816281089
4790055615
809110953505812480
1687909398583431168
1701062493496569856
1298298712246988800
1691301659878547456
1698393518308208640
1670611768278941697
1654890097643323392
1596320413080064000
1669198196633923584
1692702350824116224
1680609901234515968
1147660357877534720
1683504778679132161
1655720395448913920
1642187948153257985
1694547091098628096
1679221556302446593
1692383454384553984
1603231633007673344
1468100413471744004
1701593961440460800
1591255448203628545
1699104400168419328
107651327
1692008589634961408
1694903218864623616
1681438430130053120
1448368776383275013
1687731498911178752
1617868106931511298
1701192004540026880
1685318444575522817
4076154978
1692258109517975554
1273038657767817218
1612453982135357441
2951814753
1460292414552346628
1700309204764893184
1064620620703363072
1678878741886271489
1691160138852298753
1653444296245383169
1618014545976430593
1694814534954065921
1516885194606743552
1667663224173658112
1680382071066226688
1681495483930525697
1693370957254057984
1523897464834912256
1572853761898422274
961268506632294400
1643436041498423296
1689746095659012096
1665230395942617092
1690912276948127744
1694924721698091008
1693718075705786368
1697681521266614272
1685207824387678208
1627104374345564162
1656904272632598528
1613278975190618118
1695006344397344768
1266523847601188865
1613438993772814338
1691046480306434048
1688988588594102275
1688763586766639105
1478893991932268544
1675137300450222080
1677347564947922944
1598157158805569538
1687687260962189314
1686972421578825728
1696803728
1644103436307234816
1674174819728781317
1437519701467336716
1682673586966757376
818659129
1357500499
1627048423437524992
1375142066536112139
1617056421845127168
1676634014365659137
1673759313947688963
925507456775655424
1399449164782706693
1658328213192335360
1641163183455891463
1592270483566755842
1681510070100668416
1618088724730118146
1681467461538050054
1681124037634949120
1680896585310322688
1680795823192276994
1679190556113797120
1680195786070532096
1654253612753883136
1674135565737013248
1675990680114454534
1679091064228007936
1674826799958855681
1604334092044189696
3776396177
1675949962658713600
1449120302739308546
1680258202007646210
746831792221601792
1678570452166246401
1677861572520099842
1674830771008290843
1679190518134079504
1552864944034643969
1678999488734679041
1679075831572725762
1674792105062055938
1676822030132342784
1676781023575814144
1574818938013110272
1664532550193143809
1419439982440243201
1675977512533340160
1656075868958072833
1479604215962124294
1675393889350320130
148161020
1671541304046518272
1675202543524167680
1551715014163271680
1658464970911227904
1674898965991661568
581152387
1022343337276329984
1674536031310282752
1655610007000596480
1594796532066385921
3623795001
1575469035914862595
1674275674184638465
1674108162117337104
739013222569807872
1481492343614320641
1604182969819795458
1594401084218527747
1611467635685834753
1553145383861248002
1672537022748307456
1661973683882061824
1672349408703262721
1464938997952794626
1671945221767135233
1671755165966163971
1598035254060716040
1599670251259678721
1671681878158344197
1483992266557509633
1671541487249530886
1585797095155433472
1598393201404035077
1671383977238691841
1265440994117517315
1671056544979628033
1617865902661287937
1670999503027990528
1559753624481308672
1295194743580831744
1618785800308801536
318750025
1669841823164923904
1669824729165832194
1586756158454472710
855483994800050177
1500160140854673409
724389194307608576
1669148485436821504
1595794549841936385
856716103795519488
1643801600753037312
1654768892924014592
487422560
1626052039393562624
1668114022518996992
1667828479616851970
1666483922031501327
1600111896665141248
1667316106774605824
1591195803024072714
1666902725634711565
1597430320705437697
1666477216367009796
1494749343915597824
1659316593883480064
1430618614034468866
1585532522779353089
1665181381759062017
1557457938125668354
1599669053718761472
1665291837882474498
1663441508161449986
1441463469639831560
1311869639476080640
1606538279720927233
1510388126245695492
1602570859041783814
1663630885772754944
1665055583609790465
1645178485604859906
1542505477409345536
1664804749198393344
1664407197260955649
1655353145202188288
1535064011229868032
1627557735028981762
1616028706455302144
1661547867637534722
1247564805726142465
1467546458123603977
1591388072289398784
1595873858216939520
1662432391460208648
592560599
1661537586559549443
1640837248978386950
1522051963114131456
1596176338817163264
1642746750329921539
1451839221606633472
1603808135373897734
59699238
1090339588839825408
1661146869676777472
1661069858141007872
1657054440988262404
1058148808914337792
1618090324210892800
1466604633657430024
72445899
3013044055
736935927281528832
1608634476850204673
1638009983433338880
1593766596677623808
1504676819789828117
1532726913361276934
1658279854742163458
1659189241656774656
1659080637876170752
1603841948447608835
79805695
1618008413824516106
1658960376547930112
1400146851135905810
1626855435809755136
1546968652318130177
1604599983893774337
1424568059424088073
1649893917716803588
439373269
1657479868995493888
1638964123932192784
1544445713114963969
926543442
4627081402
1656729990220611584
1655689303811399683
1556651262690660352
1656324035628912640
1633604566850715650
1649020891634999296
1356299142738440196
1656170907369349120
1455900759527239681
1596209207279292417
1380510076113461249
1655394616126914561
1366376120128589827
1250254897
1031266421874012161
1586904150528385030
250542674
1641158346957832210
2397240481
1590824862142144522
807787088
1650998375326658561
1653932767196098561
1145536953468760074
1470498987547447300
1654546255115177984
1646020801580400640
1380010369050161153
1573336541342171136
1654005243183779840
1653960749281148930
1648170306819833857
1653174751953661953
1646922989638926336
1633920117015732228
1642734995079852037
1190856738003652608
1605444313588047874
319490086
1652190025323298817
1601753690297212928
1651785354788356096
1644340195586703363
1651730970154770432
1520835823389708288
1458628803538866176
1372562294396293120
1651390537579020290
1370198021921734658
1606360263493566464
1532129626868310016
1272597290809733122
1650539412256698370
1564429657608540160
1253921603265519616
1595109760566804480
1650615289661341702
1380939469201756167
567979581
1640832837396955139
1451208665059389446
1499965008033329154
1649525426883112960
906563641637564416
1649909243586199554
1650192571983884288
854413146689216512
1487168048985485317
1366486897338449921
1649237147776610304
1012333676
1649947821129322498
1617550995902398465
1649241620531888128
1631505827503767554
1406005208266780674
1624947867470143492
1585837987656388608
1527830078528409600
1598709818839117824
1520610376043442176
1648553784660951040
1517376212095578113
1645624601823662080
717683824906346496
1616579487121948672
1648115450658660353
1579326988640145409
1648045447720718342
1646690960980451330
153933067
1267224919563067392
1362068392941772805
1529662423380250625
1646998833442717696
1463341947104362496
1588577556437016576
1591600230201380865
1647671733795852288
1632339327777923072
1647769750922043392
1647765973645000707
17289855
865387987168894978
964168667557781505
1602367362568785943
1644042177951985666
1514060583406288901
1619795059632660484
1410225006437617669
1640183695687696385
1402785621727383554
1370877017214828549
1645971713073479687
1365331386303995907
1644252543315509248
1549073377327038464
1633910741752500225
1524121177349705729
1589653908024004608
1557280590134710273
1608286692078755841
1309651875483058183
1343661265567285249
1468068237762252802
1428182246578540553
1646943685106343956
1445111225692590086
1643681329115189248
9287122
417136061
1590120470526906368
1292282355978309632
1541903307295207424
1275645979908325379
1446164719971282955
1646555133742809107
1635717476112531480
1180268050689470465
1481773144427966465
1417617954166947842
1378657046564798467
1641159464584900608
1646149366388781062
1646025654704414721
1646000298031448064
1645719122200743936
1645492641063206912
1645404306001076227
1600720176906833920
1601946362505007106
1614908789982904320
1640545559357403138
1117088136293752833
1326339369880473601
1608814672181878787
1278099265387200513
1540076023940874240
1642850746885451776
1596917849364303880
742129966083493888
1643055401053609988
794862993553047553
1518761051961057280
1643360971518271492
1575122980899733504
1367242905048526853
1642956745147293708
1270389025749323778
1522398300145700864
1628564358497284096
1642023847405711360
789915430655782912
1468054294096396294
59001488
1481796977151164417
1486870649327042563
1230018084389343238
1530658099018625024
1624028276967497738
1054669807537156096
867639769794101248
1620417068410753024
1615864880376197123
1642253070062047233
1585826073564295170
1553189943131906048
1046650817019662336
1555039442
2478332413
1579006958853509120
1265897614614159360
1966630022
2261798839
1617968183444639744
1542516643179270145
1639803615811436546
1105893483242504193
805502502028398593
1637477184670666758
1634551760089157639
1602823755340066818
1617912425772113921
1276989305857232896
1640415456161873923
1325177782196822016
1618076784334864385
1518687148706177025
1231003640741146631
585445539
1639777878597410816
1196215190297227264
1637902035038216194
1588308681501949953
1606862612188508163
1595989904806318080
1528098027537326083
1367262011315396609
1585672452306354177
1338166943111581696
1299468982081196032
862065266879995904
491420585
1590983308766105602
1618117375685021696
1586842622890582019
1586575228477603841
1504231447107833858
1618105328184299520
1586566526076854272
1601238900621463552
1585844659502600193
56677301
1623852039209123841
1191226293536378880
1595907257601912833
1598401932862824448
1586412398394630144
1173574226567225344
1627803954372399104
1519016253154803712
1404560997176778752
1638650492199772161
1370144350827581444
1469074325026205699
1639429853291184129
771033403282063360
858090689393037320
1581694157726302210
1384639269591977986
1607046834048073728
382979287
1388211538817921025
1433263941837156365
1372681436092858369
1276289327417311232
781156999
1483188651215536129
1616608684838199297
1473728239973670912
947984296224096257
1566616474395054082
1461781515164135429
1188137303522365440
599456526
953908205922521088
1291478180629536771
1468357760849170439
1588899988926595072
1594160153787514882
1586323025573576706
1621241060193099782
1639404669746249728
1618092062691450882
721552373622026241
1631815513163681793
1536340577821786114
1451324458782715921
1438534902098452480
15469779
1327120832867528705
1494838191144288256
1586630882483351553
1634025713639596034
1431780403485020163
1586567143973437441
1586609609917308929
1617891318159769600
1484831642053189636
388885520
1594787384838725635
1599025241581359106
1603128752010952704
1590168486558724096
1628123976491798561
1122030601
1569440887033237511
1639062989037883400
943488587345129472
1624450105494437890
1497451023270658049
1639038294901096450
1230274618184912897
1189604521028313088
1042563175827165184
1120919064803708928
1405721032166498304
1638603380968022017
1638410930307452929
1581440563597148161
1568549248202948610
1617977367682580489
1394090317226418185
1638800105401622528
1585788926526119936
1586074090460397575
1002599577323757568
979606619557261312
1585696666106986497
1636585785859223553
1618264658372165633
1325293592395591680
1638662577826992129
1638634932212776969
2655645583
715577457009496064
1635433793812066305
1586821222859509760
1560999491708530690
1396708174644776960
4241210177
863575073596129280
1266383968229888001
1638303459274260486
1593217766017961985
3399067433
1586457015030665216
844755859846553605
1594930775798841344
1419398171516604416
1311427884054085633
1637749377648173057
1632562358349332480
1563877248033345537
2274646646
121324964
2986533810
1617989061641228294
1507846331536052229
1637001404362682369
1463757437664645123
1271136049486614530
1628132761
1614032525810188293
2493929893
1585683731234291728
1636851199738609664
1636851066254815233
1636385621202849795
1635810379040260097
1636011810988998659
1560703882447273989
1518683932429979648
1299515370349441026
914250063395860480
591882585
1357764031960997892
753045173551112192
1145217215609942016
1164980763059806208
1592117831147061249
460517397
2829126378
1371274036332888067
947677980968468480
1596338736165437441
1630229860714168321
1629065795262201856
1586836946319466501
1608298757321375745
1390440395734126596
1617923282208014338
1628157888798531584
1586184850993778690
1627949800644829184
1591925424011071498
1276899730547781637
775154494782992385
1594783793331798016
1627396643036229633
1585845462296297472
1596939507747766275
1622711411209109523
1597425365806465027
1018497463068442624
1243674047809908737
1591336827960627202
1523186035991236609
1508242856267419656
2558068357
1540108905241612288
878461208025862144
1626020646512734209
1617876287774949378
1253755907739127820
1587130798616059904
1616100404533792768
1598529232514203648
1590918245355323392
1621664499575947266
1585942157407522816
1618082398360555520
1378392606476886016
1533325978151399425
803704565778497536
1586656772877848576
1376251797640187909
1327971754208268290
1465511046
1622785697756086273
937799990902251520
1622657707042906115
875412475000365062
1266309703
1603206809791102977
1620157513231482880
1091931043630907392
36583086
1618054254773559297
1620937794620370944
1589685420266119168
1617891963780358145
1585853927009968128
1618768930780102657
1387909119730987010
1583452743586414593
1617916035226648576
1611190577177178112
1596001863731658756
850242842689585152
1619106198053175299
1619021222104412160
1106057400891527168
1613741578312359936
1618083512397041664
1617899722299023362
1617873388063854598
1617902104403759108
1594504061319090176
1377288277758255107
1618008626005680128
1618076115787980800
1590527437149978624
1618094883767726080
1617894330869612545
1519338715012902916
1618080769045561344
1617961128625152001
1604783150336544772
1617972228028596224
1617930250004099075
1341898770380976128
1585973635109601281
1586016066274205696
1615406304633257984
1617733732630204417
1568021507225403395
1617302612574863363
1585979251936968704
1617236404446142467
1617230933186285568
1598532970306064386
1065324188632780800
1218916198144004097
835503410090758144
378405625
1514569197543563265
1422949149620715521
1591149516471865349
1595124296053305344
435289507
1616705901905465346
38790157
1614787495748829186
1385467423533551617
1586062913260982274
1520690811578593282
1520833790490427393
1596920054192406535
1540013797947195399
1615942416531333121
1585686611810873344
1530576403086950400
1048404182900920320
375136645
1597735163592671232
1615535323068653568
212867964
1612660790041137152
1549168497359572992
1531669804800671744
1585867459520876545
1615016957203607553
1599546535615807491
1612940361810468864
1527596650000265218
1582486349910876160
774031759
1543321001634799617
1613924312175501312
282695161
1614674544589000707
1614429187632160768
1321856468086382593
3248597385
1567675035355160578
1449867414972346372
825504534
1613655309154754578
1599586303313690625
1258200456372858885
1609908475810684930
1588337730358050822
2332318780
930913928573603841
1609307792351068164
1595483960850747394
1080430022
1212091090083307520
1496710322815524866
1612906327574978584
1612533582773485568
832004643735687172
84462845
3410843525
1518740920329555968
3258970313
1468146147814363137
1509699289341116424
1611597705050050562
3418123797
1302796026051473408
1586092228618948609
1585521806458249216
1478844667538063367
1611846467605381123
4746449018
1596999057221726208
1612306033929592832
1214762081272111104
1433623024830455812
1551328494440808450
1596285822466244608
1067850974868459522
1328806467944804354
1128028561590370305
1612606345169063936
1455680727576686593
1589084591914098689
1589590942033526788
18387024
1611853140311015435
1586126223188496385
1167166672828076032
1587109049442521088
1393334569303044097
1598083921509498880
1586383335454130182
1581226856300290048
1610876978239864833
1395117728541859843
1610797434396893184
820930950167220225
1517887478870519811
1549926330841518080
2473043467
1513985405644853261
772520284939091968
1351204270004121608
1288331436487917568
1104735450265092097
1166534933093015554
54300189
1518255670696554496
1099859978146496512
880833735846789120
753429340348559360
1267094172189642754
1531827414606692353
1391937364600135680
1411743990395936770
1550309624632332288
1605969032
1402616239634235392
1589490288787169281
1468103927887446016
4160454856
1590170108013731840
1552422934546812930
1224879607490449409
989597593209581568
4319800400
1530982946454130688
897335219082203144
1424509949472817153
1449919438677897218
1188835096570335238
1174663297024569344
1486942528670732290
1603949466440146945
1609675365714206723
1608001935227129856
1610091882536751104
1471734876944666625
1586584028580237312
1154806355292774401
4222811991
1483383501483347972
1592428730605047808
1600182333751058432
1591119276194267161
29658469
1299280837293142017
1587129436520022021
1609261258116677632
1344303227303571462
1600940457923584043
1608011146245832708
1593348981081374720
1590338507415105538
1324011550684925952
1604681858603687936
1605657500052819991
1593075987532681221
1602857977177849860
1608680648818008066
1608596967273435137
1595631841024901120
1375289769031241728
1606038685371211802
1586008301116002306
1585836124408537096
1586138574465904640
1519980199894474752
1520983322792546307
1339313400686522371
1597207168587120642
1557627149879840771
1597956405939552256
1594421472818249728
1606057450767015937
1608181242276777987
1518970820479094786
1608131901134442499
1075906495156510721
1595029598370254849
1586592718884638720
1608093395729219584
1587675175226642432
1607966588187316224
1594719436698689538
1056316671105761280
1592801295764799489
1531660022890975233
1589371082443837440
1463046498074038276
1043939776791867392
1588671288922423296
1598410472373501954
1138603422377267206
1472795305917616131
1365819579335860227
1285416254346534912
747681871178375168
769666924657582080
1605020302492061696
3021663385
1601033036644204545
2424242617
1591263848841240579
1598586174376796160
1586082724195991552
1468074109364244481
3385499955
1600701310298374145
1607168988559339520
1578160502651453442
857773878470430720
1285969540350959616
1145558455140229120
1585845309598359554
1579116731771019265
1468701711942488064
1596125708253798401
1076877018862702593
1603596879710806017
1468112847813197826
1352880858584109056
2742111148
1468059910449422336
1595322352899964929
1347338092819017729
1603217625437409281
1594519238244540416
1512763547620724745
1605823245407715328
1606771564850061313
1538577621574832129
1230542975115124741
1606566133095710721
2235692570
1603439586302107648
1606391518608211968
1606162104989483009
1303485055390580736
1601530711780958208
1585951789479854081
1577262224
1586612432013004801
1468658937973002241
1471730172097347584
1273762692
1518843793239379968
1603659743700127744
1597457570821701633
1265647846944112640
1098581988401971201
751603454217379841
1606086006628810753
1596350230135558145
1597352578177593344
1588904621644611590
1630952318
1518720121661014016
1578178917617352709
1605618823029313536
1518006128646500353
1605947070065610752
993155752591265792
1595484143558836224
1368290427183448069
948235660976115713
1596728215715864582
1567402811335254017
1321914901124689921
116375949
451035807
1340850272357081089
1589599372685328390
252327607
1498109201486434312
1598094245184806918
1519490816045203456
1525955669676806144
1605711736656445440
1605670538856185857
1140448134268669952
1460604279266422787
919980301136355329
1340802881352589313
1603967747859353600
1316776620636753920
1390835731019538432
1585469056257208320
1201985743729524736
1605370004236636162
78456263
1591326765951098880
446282869
1602028715914952707
1583612162672857088
1603958097478721536
1456638374106832896
1604543517803651072
1504951280900452358
1603962451179220992
1604652493027278849
1604574857995468805
1604485198720163841
1590417593696980992
1474604557795840002
1595987533053165570
1507860518710698000
1595546147380142095
1603417564473970688
1596523207988740096
1585728252198653952
46415255
1594037782166401024
1595075960558215169
1603957237205999618
1596014535747543040
1364312782754095106
1600216545703170079
1603747408306999296
1599995278873993216
1408898855542968329
1595552239426363393
1586383796471054342
1595495537964367872
1558876289330733061
1591135152989736983
3051195289
621078506
988512935449329667
1530418035390984192
1489353200587190282
1408778941171650564
1590886117007626240
1519332687324061696
1498034716297027590
910785736902819840
1603587763248431105
1532470340005208064
1468064881916010497
1518680424691556352
1265214819768008705
1595519197861273613
1586841958403944448
1322704871825547272
1468073797425106944
1468484997313175556
1586591559193186306
1603594180609056770
1603364414341586944
1596712865125306373
1600712353464598529
1466044507
1245064986264776705
1598141134370492416
1594422884864167936
1271491865368580097
1603181051035140097
1585753344164913154
1148062750641405953
1603285160941731841
49045011
1596688792542482433
1602831030205153281
1507537353417580550
3297090039
1484505578235826180
1037846141121916928
1590187882056228864
1468118137354821634
1587151191712071681
390174061
1602760093854040064
1598510584454168578
1586800366036959232
1598823098761023490
1596464799516594178
2942240203
1589391171930841088
821490699749228546
1600565468246458379
1595470060616925186
1518766067383996417
414117686
21364792
1329231299521900545
1598712756315856896
1601009335320076290
1585365215104929792
1480739500229906432
1601920568135237632
1594122544692576262
1248007248787443713
1206448377711468545
1598064407984148480
1424428908464726023
1510428834998353929
3279131491
1592747575945625600
1385714412632293377
2214558306
1500001948782661632
1602197199626305537
1190378416849203204
1557368840354500608
1589399242971705344
1602110467668955136
1580718891927539714
1516259364969005058
1601533417740541952
1474453644384870401
1594583386324176900
3033182024
1596525833014984706
1568284683363827714
1562742419199627264
1588269386565144578
1308083835507290114
1469414148467527684
524623069
945698072105046016
896576058459168768
1598936658975502336
247626226
1585401097099018241
1601662273273184256
1463356257075556353
1557189233038618624
1544891533824069634
1601637551873335296
1598551312815325186
1589625619998019585
1588164393937895426
1545610083345858560
1587198621971251201
1282719613864878082
1188162952299450368
1601532461389053954
1599476497617666049
1494036732727152646
1366897957673463810
1601435228869910528
1579000721445617664
1549869393114550272
953983428696924160
1517707369509113857
1267512884109676545
1595155148451479553
1554945905974992897
1593607908155162624
1345301835565842432
1598403504284082176
1586561538877526021
1600708834531868672
1600962220979994624
1599253152724930561
1563444596570755072
1540457459793412102
1544534225910734848
1601102587444760576
1468015795133300739
1597637856343871488
1455379287868153856
1520566798877609984
1599467258878754818
792634013634682880
1242823807
1599194644616732676
1598915526469861377
796151032208392192
1570168223328358401
3668700561
1121240178742448128
1518715278980534272
1352247830501617667
1405582957964890112
1434662880285188106
1597633877962416128
1587189185714290688
1349188997462044673
1229796354811101186
1598449209396678673
1600008971129077761
1594843245640503296
87761551
1600850473610780675
1521610488844587009
1586769085916123136
1598440654400458752
1389552351275536388
952999556832284672
1600865301104558080
1590158089222852608
1429593798712176642
986385193
1593634804821639176
278135884
1596736231634771968
1591732891809189889
1445042504
1502223304496750596
1585729773481103360
1597745257759768576
1503354507207778306
1600703165975777280
704079735597494272
1520036276757569536
1600724233184845825
996566734512578560
1599995854382776320
1321220672912269318
1589790237382742016
1600714467590946816
1385762868046467073
1586610849803915264
1589009409870647303
1518815025233768448
1446560778031562753
1589793742000726017
1594462965448994817
1597247617859305476
1335040633313128449
1564042663766228993
1556699605072429056
1590705403406475266
1596411307674128384
73169589
1598536469274050561
1598287062284771328
1599601365411561472
1597086910396121089
1575974108419960833
1600548851450101781
765909323545513984
27601161
1468065623863599111
1600492476699115524
1596341998226751488
1560680910600765441
1585957997066461184
1597701989789483009
1531589087903113216
1587625058729500673
911157448592855042
1595684373805731840
1600367775842705408
1594165371367571456
1536445879812608004
1585740002641731584
2902182799
1575979628480458752
823343764097744896
1600012885085851648
1593675484834848768
1270134194186960897
1519507789873303557
1597695354597687296
4500576194
1590724548634193920
1595805541015527424
1412522259412045825
1599908149007458305
65971271
1599537119894052864
1518665087669739520
1585822019194540033
1521488031294840833
1445224176151842819
1589327542770614272
1596254435445022721
1579229422581792770
1477386440011132928
1460825821271273476
1095024327542620163
1418656021527007232
3386619826
1590082660398948354
1588926228785946627
431785296
1590071606327533568
1490782033529880578
1537617271773872129
760175146296483840
1592534429444050947
1600166363460521992
1600156596557971457
1317562023123865603
1597704751092846593
1599822363633356801
1600131321543942144
1591859494044274693
1587471372887932930
1594439910374588416
1591587035390873600
1586658373335932930
1563924238129577984
1575212068445179904
1347730095541157891
1543425037054754817
1599996877457457152
1210400329
1468268961569640451
1269058193340104708
1596009369421852672
1588790914134196225
1518734946713567232
1596683770177806336
1483150124264136705
1536522833517498368
1595816756647366656
1598120847612461056
1585686765255680001
1586822270735073282
1229949968938655745
1205182997143515139
1590475053992329217
1586156793352396807
1461470044475605002
1518706081739943937
2826677387
1596013319072219137
1319400309022707713
1597115520855248897
1597351810108428290
1595986927815122945
1400826138704977926
1599443976355971075
542252673
1595853455482097671
2924825891
1588230947765473285
1586018271718940672
1593962765332389888
1523356313266409472
893348197040566272
1598798527160885249
1520546652657897472
1519330783646949378
1422444191540551680
1589073057137713154
1587294803053666307
1578981876991082497
1483163163633856512
1511743429667131396
1586002145328889857
1595154079218556930
1476433118655614980
1597369968504578048
1598105924211806209
1503774054704205829
106297274
1595981737758269442
1586745784334098432
1113686180942503937
1164007977642266624
1597363536161816577
1595618095191576577
1315318716335185920
1592567701557346315
1586003283222573057
1598029956377759744
1595983949108457472
1595997766647521280
1588955753485717504
1530024072112918528
1522369074432557057
1598793165162651662
1596347931640168450
1597016323002957831
1468270691304849408
1417311433742716928
1597922876782280704
1589666931946176512
1597055940859236353
1596696692274798592
1404643086991466499
1595980920850456583
1597688498861088773
1588948734712303616
1587524967188439040
1587270334268465152
1587209702533906435
1589860775925014528
1592945249437077510
537100752
1580166286503743489
808676243096870916
1576235370081140738
897675682645463040
1514991291016392709
1518739654727581696
1564819045098061826
953824025578491909
4586937621
1594195632557801474
1591506914449448961
1589127292340633601
1469697815341268998
1548982457793499137
1595618323491962884
1594785182267150359
1589788896442945537
1588576918533709830
1586932279988953089
1595998501770502144
1586841297272377344
1596243198560686080
1598528889495625731
2989441184
1589624589683785728
1595984435891027969
1591302735865036800
1585845334487564288
1531761787124817920
1593795856402194435
1596688403969499137
1597240289663541248
1586850679091404800
1588411140664692736
188411919
1472230421131935754
1565116143165231104
1596300590744600577
1586756018452692994
795342400239652864
1481443120738885637
1595999099937079297
919015538038398976
1580428011647762433
1598772404880228352
1586571411363086337
1346821207371476993
1588359535672049664
1599467997286088710
1590452156003385346
1594826437206212609
1587265545044303872
1594156683454021632
1595671921693233152
1587517733025058822
1598502419918364673
1252945641485074432
1530475606961422337
1372408736568999937
1587544783156912128
1495585131678994433
1594466896199708672
19199104
1595904217813843969
1322060763243122689
1567340712550694912
1596981029776117760
