1040428780529975296
837555557804339202
6811832
1059243682023391232
4230064519
9287122
1357717304931479552
1359923836356018176
1157009870819856392
874334471427960833
1248474590625456129
1350577991395393537
18961404
599817378
375721095
1146714432803753984
1179648655659126784
1084107871175012353
15392486
1005007371159068673
1344241350766592001
1102987848741998592
189870199
1317562023123865603
826998919217319937
825445747
1283673137775706113
746465939827326976
469960224
1318019848883064832
1273299433783013378
27012070
859409582426251269
874658640774414336
1095735806197710851
1329307685037240321
2419511190
631781675
736016951332372481
487039635
1280852842862034950
805502502028398593
485296454
1267257106652172289
15639002
1257792281614200834
1146509923683131398
1048444643778744320
18856867
4073155150
831210798173286400
402181258
784665469403877376
32485757
2835451658
1201985743729524736
736582619886800896
965451112395415552
1191923436693663744
995849372700172288
1239301297255432194
776384191739072512
402290737
2784193669
94336415
350887805
1370692561
1190977838377254912
1234000168153944064
20941765
1099195501
1223040900294594561
790681628179857408
1145702015374438401
891098592869404673
2335005701
75561107
4914384040
78523300
899323715225178112
799362330672984064
1158820232158486533
896143758097498112
971157641912229888
1219488552901210113
18643437
37819699
1219786535480037376
1205751892359311360
982664329
1218734874540105729
1218336944335347712
1216444936335196160
1159301334895681538
1005679931718881280
1182093581848326144
855318254
1214604162547109888
4330569813
1074208018034774018
1190280947054370817
117655609
940750918215069696
1151261114384171008
1164176887712796672
838457598303223808
1106890204294627328
1086337982964092930
1115979749426438144
818905354205622276
956167365330272257
1197676783426031618
3214466631
1169350162164195328
1196873493629026305
1150248494264926208
707625373266268160
1108096520354783234
55962977
1177478752751644673
3413276129
1172543040113844224
970884857126506496
1167693501758226432
1037372973185937409
4418414504
4105765714
1157230785910497280
1092131147516129281
962305471783739392
1135640180012900353
337611162
1008384135575023616
18706305
971498870772584448
1112762346307489799
222582311
1153012012852502528
1145429843401695233
183739654
856162158845059073
1144346832669171713
2809256199
788794717806919682
1112990088089071616
824834350868934657
1147200661819396097
4549070952
1090529108956725248
778299238979473408
913706406
1130862229736308738
726395588498051072
3158278003
939677877330677761
3781643233
3105864599
1070055620634660870
984712252015218688
51936011
1120298880271253504
929330286609002501
147829467
2704742400
1125479264088883201
23580800
712844521126625280
1096189997370298368
1118157128814845953
83748727
998023349698727936
886810743127060480
4439232376
258349041
1113110520100524032
1116766980596543488
1113525222815170560
995431365888929792
2432310906
874101252
832733391082565633
1151542729
903685831063474176
110835004
1023447330438225920
790781142857199617
706257469262069760
708827623154028545
3420266177
1276652162
1112026769366966280
1050875642739351552
897616707040288768
2231109295
956304828845690880
14458643
738911954413162496
758307228898254848
978707251430088706
1009588379640528897
1032000514722947072
1010161668742098945
1065461244
28891511
1059742737853890560
67975341
3081026023
943273399513575424
24127811
254479097
540124204
2407544636
413312369
833510865949200384
50738644
3486419713
948303184019193863
908026358428774409
2349347329
956179910686597126
721502167811489792
1012795873942757377
2901810468
3741032655
1083490052754337792
118584046
3253885297
822299610018365440
1057242004285882368
828253251535511552
1015295486612291585
846856945919242240
39308549
406353065
1077435233190981632
777358134
501523038
768594481591398401
714477340525506560
1069430745595285509
967233900354433026
260347851
990317363915579392
3761046317
711752522898264064
21626308
972654691434692609
516817511
83189866
4717892303
498456439
4789548912
313038011
1028139875655135232
908472159571517440
879145266665934848
790183749380079617
2991660165
739013222569807872
1004070871097593861
16997512
809567324529446921
22703645
3609762852
2321127874
1013037054106718209
785626002474930176
555648745
2470463042
3426931649
4878811191
25721806
848276549308739584
1547461016
997603378027905024
835127348693504000
47611401
876570335537233922
53979469
209693451
845070010720542720
2763048042
809634353391271936
741057139687362564
856502627995074560
1494648920
113137765
3267456386
792436389988012032
767960339547774976
915647230681534464
196168350
3018742509
499230066
3400737969
548136534
1546172389
988516177080090629
606403456
27522964
705405812
873051724604334080
1015420619331198982
305211380
995702378639822850
3313329508
526000287
718600146619990017
1226167963
976853859703427078
844434316943904768
885208683352817664
1013780245
1010327180256030721
25073877
