1691603166620487680
1288866763
529332061
1498473187587338240
1590327110404829184
2537870558
1264073190617350146
1307810687381463041
1666404226719703041
1668719388009062404
33332251
901290812
1507508755176599553
4846198638
1567726194338004995
1266212050738372609
1522706316376092675
1616109799669637120
1645348663567462401
1644933980108513280
823304356451774465
1589871939786620929
1547642541184409601
819454193752821762
1586594173670547457
701088276
880928830088728576
1605405291142586368
1601041684942438400
1590920329228341249
1191844457055997954
1572418334393794560
1237175438612533249
1575690840936443905
1618190836591648776
1598597127684476929
1598176077179928576
1592170735807696899
2569157946
1590402361310289920
1600670018429079552
1606463802828066817
1555221266746990592
1534072330573553664
1384946813158006786
1518820560402366468
1487529286491951116
1595029598370254849
1597412079857799168
1598656188425830400
3418176772
1599847740313313281
1222993743848013824
1391619599691550720
1573398870603841536
1594079906337619968
1567526528774283265
1119402342795939840
1599322070986416129
1597720751573966850
133219202
1593743529393750016
1586929722889588736
1468079454555541507
1540125095942930432
1466852834364776449
833229686301827072
1432320941200076806
1549071179360923648
1207033473451675649
1173159806674395136
1511435976861704204
1535141185307955200
1536427897686175744
19887840
1510426716702879746
1518726319969902592
1522907919335018498
801640064316911616
1432129870943956992
1519006664329814016
885250913543245828
4861141311
1481515248775577602
1166487695234883584
1294005647609135142
1522438809106870272
1288986909709139968
1508530431041318913
1500620901330604033
1204347673433608193
1509716046453915649
977611417124618241
1294399168266620937
1347691981611397122
988071211287662592
1463980227886002195
41369976
760371274996527104
1466991511355097090
1462453845578203138
1485101717456830465
1497725242382471168
1486469999908769797
170155776
970854308588802049
1491180765320781824
1484586032888750080
1082275268318953473
1145204869122408449
1433208989689409540
1437835591299698690
1272834114241081344
1387489102799376388
1476684402214281220
1366619018656948227
3433624509
1435259477532491777
1435634606083133442
870324519788879872
391640906
900438218100944896
1430207788664246275
2904467961
1464058992078966791
22817956
1297754723014119424
1474045577579175937
1022545380872003584
1005343633
1473935919673708545
1403159568373460994
15392486
1332757398549893121
1465098813236862980
1461515340337221637
1367092300627771402
1458574653740310529
1448169530975404033
1353266784321855493
1432126661210873858
2229007392
864073940
1181670192843300866
1425988112568578056
866510162638458880
1257838104167268354
1452363629878288391
1370442363416555521
1404274023006183426
1388839967384813571
1232826904719351809
1381631987358687237
3108974027
1235626654267052038
1349870577209774080
1270745659763757058
1373476836269649921
1252957416150519808
106591264
78683448
1244582060842528773
1150996586572472321
1159858741
1151542729
1242504893816016898
1405663537020784643
803490561852313600
1372014796728590338
1222600120522412032
848276549308739584
18706305
1236802396593979400
1390519990483292160
4281849023
1302203461900083201
1283223464338436096
1363184083120103433
945116775842242566
1325520067187052548
1293039197226442758
786113892892180481
1303206527113637888
1231739483411943426
3373141972
1318790063539576832
1294401707544203264
1634940590
859810619142352902
1390726791946547200
1375915101073649666
1379787166646202368
1230570432862064640
1248222612641271810
1340816491223126019
1353109414832648199
1141479795580112896
1352218618029858818
3167830739
1369444443292635137
1347353541485223942
1319866749244919808
1126157314518654976
1365806384093126667
987253726451646464
1360523392663756801
1164201404627587078
1298203075576881153
1187609054689935360
1299770718905872385
773901042765496321
1282378038118952960
1145715261418328065
1212841779046670337
1214659202402148352
1141430557173256192
261099722
1263662918207504385
2317503271
779066234398728192
875944685256290304
1072264227690332160
1257750583940804608
1136075776510574592
19717233
1234174499097960449
2878285517
1248864434220654592
1217167287045804035
1112990088089071616
1273275461133615106
1280852842862034950
62986634
1118290517748527104
1191383915434520577
873051724604334080
1251260040603996163
1208307350874009600
1199819892746264582
846457395442257920
1202529884473610240
1252363477907386368
1146714432803753984
1154162577192169473
1171467058401312768
1027682292817375232
1174850030584455168
1127367015289769989
1562146376
2937613910
18584875
3232881455
13615722
1094336853434687489
927309656787124225
