1646388470330568705
1700574030154313728
1485689970593468416
1105567415138729984
3171547552
133093395
1398287481431367681
1510421670389063689
1686177165950537733
1118374478512295936
2557054992
1116345515761909760
1589364476163375106
1140227234864742400
576817571
1578127809792409616
258217890
1098877326660521984
330136233
19370504
1049546187790016512
1521546982887759872
1632173364235341827
1361452732708769802
1524226014271913984
1179396972324802561
1683719641238237185
1420565267126669318
1217398872445739009
1338590379961065472
324236072
36996328
2359971372
1694355660182282240
1305748706965311488
1626586186767806468
1082806247475286016
552989209
146556805
1206886541248933888
1684261926790889498
1132026168591441921
1407722698302640133
1262638140432568321
580054149
1578947764624449536
971157641912229888
1267528206816546825
1608091847347281920
1680392426811437056
1346962885294096390
1684850540893622272
1691556760656478208
1694820982635089920
243036224
807812802761158656
795769125423501313
1272858331099598850
139550237
432857417
1587871489336004609
1674043085955710976
1027248732708982784
1693006993752014848
1648111451037650944
18266688
1654135655239221248
2861423605
2836694177
1222539520308105223
1659023450793553920
711273343396278272
491775093
842670369500676096
1361767691909005315
1429964893638246403
441572714
1401246913542836224
17468569
3396155981
402862978
1496237302548508679
23825053
1689825113665855488
777526532851892224
1673382840778784770
1542250526116442113
1436081149307015168
1261209916624318464
752567226
1573710710852489216
1457922681009963010
4064241
1667143281287782401
1299787733548834822
273542042
1580385232330563585
1609206997567545350
106492441
2853461537
846949171680739328
53211871
187677530
805223648499859457
1569350663322181635
35199446
268629423
47367839
2842397411
363315033
1598137830315884544
1638779267017502721
2864217936
1043185714437992449
1482953932817059841
1681313390319501313
859498890839699457
1392919510550663171
1478210522
1370766475
1594739633761435650
1672021340642213891
1041042565267697666
1195946358
1030069252189868038
998873369666904064
1541905373476577280
1261335549215989760
1509769050284511239
1653553886408368130
1527657610597519360
1469074531465711620
535643852
1432393669324193792
1374786427242872835
19075277
110835004
92693889
970884857126506496
1664853025402368066
373633889
1680389399987597312
1524179267000668160
1275997796043304964
1417302145062244430
534023
1674135545952325640
1615801781891567620
1498032293671325699
1668636746760740864
1518814104542097408
1604199365479989248
1661523610111193088
972631922894491649
1158855206337228804
1666612808740491264
1678743416308416512
864354979724709893
2823379399
824323424873021442
1475847998928310276
50851012
3158234814
234163619
1476745913943171073
2350724678
1645837441662582787
1207844856984481792
772289334733053952
1145044524072341505
161083438
1549705436663791616
1253724166978764805
467661480
1670871166637191168
1403257320516329473
2764840624
1136091905131995137
4855672503
1330170106501079041
755390
1454303844792291334
1671538132058005505
1509368748456787973
932739656201973760
987349034850451457
1671498005998891009
441389311
1544433858665496576
1671035306580099074
78324623
1163190050663936001
1395832374232064008
1575138829
1242534200634478593
1669309793213853699
1240641883
1478287046623961090
787623139
1596280327772798977
1640088862369230855
1647610496927907841
864667326167339008
1337217263515078662
745866661199241217
45840174
354041953
129531185
1363174828216373249
1496112499627741190
1166106808471023616
1653031972610949123
1426767362934460417
1488832170567389188
987072608645591049
881920920885112832
412316336
56443453
65995404
175624200
1070126109071527936
1399539642639265795
1214752103408820224
908856245414531072
968314896294215680
1425859260248854535
1063202045950418944
2162812627
2544501210
1108472017144201216
907182024
1513884943423840263
14437705
4239551
2695788757
1653386761332981762
1324868238308757509
80233893
2678481522
19222164
1585977177882902530
1316038736782807040
807355480188141568
1419688307529818116
1125277807070916608
2693229229
884299568837349377
1446231057259433988
6206602
271002958
2369157648
1648108704569384965
888915252993249281
407724948
3717835393
512552018
1881296893
1603229158103867394
1538138609257271296
1581501839022997504
1155343131501633538
986045458819833856
1348707961603055617
1647769567081426944
1443410536482279429
1452692071345704962
20878221
89469296
1581989395397332994
767010373522169856
1512682935547277319
63485337
27012070
1612308456945377281
965693789192032265
1643341720363343882
1622742375109115904
783214
1540125095942930432
1637284855066030080
284281579
22703645
752749220952625157
1518908375320481792
947137850226622464
97523203
175514162
1386101395745644545
1392864463204782082
183739654
1481791690549735428
1301225793905803264
1429157532912734216
23533665
1079004325987471360
1517278000009646080
1480926325091323913
1357717304931479552
1201752215989317632
1544408838308171776
582399581
1566704349476278274
1241516577587109891
2432310906
1342174584594960384
1559556660640849921
1340046910992748546
34743251
617551313
18358040
1520430827053756419
1379221590391459842
1319150017328926720
1279055590896140289
20800915
1237542101707096064
998218376848658432
20736511
1384344564333383685
1522323677500649475
1003007811679219712
3178213022
1070452826080452608
1377259484372992014
1061696817849602048
44983234
890409757860929540
911738844969566213
261118301
1424796109373911043
1606369780436697088
595769820
1102987848741998592
1174708184126300160
147857744
1489956224179261446
1345214418481684481
926054168753709056
856162158845059073
1016908862136332288
820789950
2519193751
18253799
1521870690630221824
1562194618590318593
1585882952013123585
1570390590876942339
1322060763243122689
1201985743729524736
1265451076993646593
1400042479358025728
436463305
323908811
1176026136117166080
758307228898254848
1594014976703881226
898012947632578561
1590500552219283469
3566638694
1328062345256562690
1072000800270901248
1540380402069692424
1178347673910435843
1517255737298276352
1518986204649181184
1439838571
83073779
2528491525
1273409925520244739
369251714
1586038313978368000
1425132709098270722
1516575921368666119
1282237470
1597438040720506883
1587302381150257153
1245706416809263104
4249989674
1091383796618784768
828235712411627520
1488119310337806336
1619207516059045889
1525638217621454850
1507462689529872387
1329990373020553216
18929234
27522964
1251642753584422912
1556059004928917504
1187069016457842690
1541565665340956674
1196454820099416065
1175129971729281030
1355225690027806720
1009049990919000065
1389685808282497029
1468387185330356226
29912070
928403572383010816
1513261053542555651
924478805015531520
977113191980335106
1378903708071825412
1623424387
1593009715017289729
1052953940361383937
505196984
1468835109621043200
1209964794
29019463
956296561289453568
767960339547774976
53794072
3420085095
1556469567093866498
1601280587226046471
1578522896913248258
828621756776607744
548258435
189265697
520605382
1547303870447116289
1262046986880069633
179932936
23072760
880602945632575488
1323874433820483584
1419718658193072129
1617368665493585921
1311742266336333827
3579800183
1243636267620933637
806188673972764672
23129429
3889486125
1344388000495632384
1615703774286254080
1136301955016527874
1486785329810055174
204048560
1889103997
956543009658671104
1147051135179603968
1220904285275348992
1548656278783901696
1812055789
1253079396556177408
890981599420051456
59850640
210869563
1547650133218643969
1461055693688029185
1604394828887900160
721872053633060864
2816466267
1471582376044150784
22639226
21734298
3404705159
1596931423239290881
1575224160011288598
1433059311207559168
26296113
1211851854071484416
174336531
2671263691
1397379770845892611
1582816247053328384
1612182740115259392
1551266822460162051
1574875005757825031
25073877
56561449
1551725959534895104
734400094821351425
1246080554807840768
36435545
1324231144292962304
1427640120723841028
1537413542189613057
1558561668204052485
1304150199137374216
1595259342315462656
983108315466162178
2472399354
1267341722826072064
1473197226746810370
1408898375253168138
1566992289578221568
1367611692230856705
1316805139345354753
1214345382584635397
2720054437
1592929490287591425
1608347039997255680
1587458516624838658
189305014
1733850128
1445737836829757445
1313561398371323905
1281062539581939712
14895030
1298781706527350785
1607636906199728128
90651198
1332844822504226817
1431376295791824898
799362330672984064
1575227874625617920
2613737995
896466491587080194
226164214
989310048
2402535456
1553735770699190272
1437492137466150916
1465920884074430469
1276775396
374280533
24901038
253237492
1399766153053061121
1197951509159383040
1071585991
1267257106652172289
499696436
4012983256
1547288279971774464
21839417
1423317156062765060
1403356678700032003
294384173
1582468777270198272
1439599834311405575
4041824789
1196681486596001793
1271904360427950080
1240784920831762433
1403000940202844176
1592174249602580480
3980516359
886332555536064515
932993859025547264
3118381266
4901912705
1498681095994454022
14217687
1177213504627105794
840146300
1322087262147039232
1384150270859382793
1467931973616386052
1555303810557419520
1358146357
1129720458
1139616075291774976
18988705
1393763420231675905
1286642211132776449
999274189688274947
1296432950288949248
1383784729590190081
1304453246589841410
700412088343269376
1337034903200862211
1368918427415408649
1432438171699007489
1431809630926032900
1145702015374438401
1569714575670661121
1016827313022033921
18989355
1451544863883808769
273987627
1545364501960265728
1260970741174095873
177101260
1290635110149169152
53979469
922267018526707712
1329891389430243330
1387366965703061506
1095735806197710851
1577540390684479489
3092822463
1088277934878715904
730121169194655748
1030276861274849283
1580970503094894593
1074357554170482688
1429975483802820614
1567262029173473283
18005085
1852899224
48861897
24118518
896384784
975200486
44196397
4799754666
844434316943904768
1299403691045380096
1560355668888100865
1317301474595045376
1323782878816358400
1549797358849761280
843965625177399296
1543553410137554944
278565030
1158459646551744512
1155906054359867392
1093183092049760256
1373447372802514945
1457558434044203013
1296278085570985984
1281998654723612677
1536336870866812928
3188871920
803326788474732545
1444922216244723714
1432662985202352128
1334943834690756608
991005135768817664
187763838
412833880
1269740568852279297
64409835
2558169413
27073092
1311748941306830848
1075211100398903296
1526256454184972289
1321948821568606208
1338495376144404482
1432744254426779653
182524533
811662404769685504
361289499
1207331059165057034
1423776176397553666
1317307868194967552
1556334212269105154
1311739895787016192
1204879528650330112
1210702865246765057
3745781
1031747223569227776
902600533260816384
188050795
1198641650
755435116344647680
243327317
394301933
914211127021641728
818905354205622276
1552730441651724288
10926202
16618503
36469850
1312426546930515968
415151136
1171780619875049472
1457187637182205953
4627081402
968204866760970240
1549416773447028736
57959730
1392523014399475715
1567901689298186240
1162323988493799424
1409531509384613888
891141166221189120
1454144596737355778
67693241
1518967643151216641
1270516351682195456
18089606
807309197348077568
1276324530663886849
112162734
5943622
1473857754934689804
707231479047315456
1348056085404401666
1172086334229372928
1559273886012870659
1542088334125801473
1343438130276286466
1370173798931066883
1221441944267653120
1370394029310017537
1244674431747870721
1009716150895341568
721100074953097217
1001653422792163328
790289723013074949
9533042
1360615250
1397558515321933828
1041121771712262144
1239801298674806784
586559221
1536774084121468929
1337125931974971392
1296423683117002752
400207296
1041835253155934208
41063062
210424042
19469663
1048012125141196806
1521309472513306624
1031024796778356738
1007093133341933568
1494033632595349505
6098612
1560468126097178624
808404706246594560
1521322520464531458
1499759347060154370
1367043224766869506
1523785302606860292
1733467884
1380893516390350848
2751326834
1092825326676258818
1311857116601253888
2252943488
749607928768917505
1190849590850981888
1557378141659795464
706343904489152512
1400933712796213252
1471145462115692546
1200616796295847936
66761201
775696688489099264
1414620680910430208
986232040021549056
1481352136269123590
1335237183234519040
1851434622
1455896793674227717
711535251835629568
1177598072991506432
1364159160267530241
36529101
594886554
2278088154
1173256972747124737
335596758
1461783804817854472
1225569740359372808
1176624876054036481
1557505554490310660
18028981
110075467
1395944023337193472
1404473229520125955
1114822908080283648
1076186222727479296
1518977562923442180
1099343905634553856
1264199016088317953
721167931682390016
3267456386
1462953141696020484
3320553734
118567880
1543721646
1155886120351100928
28639189
47687609
1553943156168720391
1096774365604130816
1428293763143815169
73100160
1518608294650126336
819200364675072000
1187413153602129920
1292734098524471296
1276956778782248961
1273639475340554240
1236913072180084737
767833060662398976
161488059
17999727
1112469503609327617
14427663
15798091
1480287490795880462
1502058440377704450
1188284960471273473
1057325408465481728
1393080617349402625
1364420696919576588
2351053826
1547050476583079936
1496710436737196033
1380911874
1525163077439586304
1268100258296406017
22450038
1439960403338014729
234955485
1457765044612042756
1366130381045530626
21480702
1200228946840735744
1414987805260922882
2835451658
1849848000
1309174989749399552
368393575
2996959115
29089797
830100965105737729
965431702838566912
1236459590746767360
715979593090359296
114060003
15753954
1226167963
1349160281214119937
1445715504576925696
2204609910
23562007
14347972
1224779554402664449
1415317224529793028
209693451
1511337976181182464
931681289614385158
1473300282595545092
163626482
1317005202264936448
902768303051038720
195856294
1179626847065165824
24127811
31667539
411283452
1003645782803861504
1309073278871506945
198179597
859409582426251269
2740108585
1517325410387832833
125128723
261718546
3066800573
1473932778286764034
1170108026113540097
1457946189723160577
1239302704230531072
1424751159550558208
976853859703427078
1297839315326836738
1467563230084087810
1242915559420956674
1122904904975179777
1382376686960963584
1318848777151795200
540166258
3028079651
1207446936250400774
2704681687
765241482974470144
30487162
1348352283000664072
1298299807497297922
912729106344579074
87679233
579780672
1467698301189476358
2383510675
116384038
26487169
1230912946429202432
1542793314227081216
2451489116
301623008
2801797985
1368954593556717574
829436361560121344
1216217031298564097
613397041
1542143022976081923
1251900966770794498
991741610718257152
873427520074461186
1409523241694212097
2206128030
1373521707202310148
18643437
2865059762
1361786258150809607
1267533246478180353
16076032
18482836
846921210122395648
1017838775089750016
1526226610973818881
117338050
374594501
1428895884536807424
966299443401195520
1528776595581718529
1263211367030349826
1526392936572895232
1161261376846946305
1316849333464170498
1469014330834362372
1537517473137840129
1519519170198753285
1268032640042414080
1328473059112722437
1091334198282080256
78130788
1389973855272378371
1046315215
517137292
1393255370940878851
1223017792435380224
3423014419
185096297
16204215
1389315518616768516
1464322912979144712
499230066
939647234991325184
4311476417
1469892738996846597
902200087
37190937
1276715545551831041
1187808818522030080
363225825
802290153314283524
1023178030393503744
873051724604334080
972569324
854746255431315456
887434912529338375
605974171
866005696428384256
1025410166483832833
1009588379640528897
1434720042193760256
2802570416
1309166648813907968
1285388676751437824
1255081889016229890
931026115141013504
2342502230
1428187757055250441
1506827104196911105
1180173696347987969
1371192422978486272
150817618
1457763430929215491
1340447288582262784
22048382
1343074678450102273
1423621883333947393
1519002506713575424
1159905984837488640
64307384
18856867
3540699975
56497037
2383390201
1327266713054941184
15392486
1247223374717296647
1468100244831363077
1124019363831529473
1173866582067429376
213058411
1335254696743874561
1501364396903309312
1387757869932728324
836800571814383617
1366640936499826690
4780099620
1338230112479657984
855947347947335680
1169032416117305346
1321203011142610945
