1554754723924045825
855481986290524160
1211851854071484416
1356434353623093249
1686761982228107265
1676845923140358144
1671798375472037889
1470050761031700486
1323747353308835840
1605230972588462081
2401885398
1435931667462504449
2455740283
839116207756279808
1277283159525273602
1677080933147525120
1457558434044203013
1600223221017677841
1611126309228265475
1479188754375925763
1477389115792445447
1580510925739679745
1552795969959636992
1508569118550728704
1471627793368854533
1651282690107412480
1408480800438374406
1621549266366783500
940510422775488512
1427652775622725632
1656053887692931073
1631176739907858432
1302674142630760450
1258094477861892096
1598212914971828225
1138842105856573445
2538322138
1022845711
1519533712949583872
1215979697433141253
1479842773557723143
1265494068114518016
1367193701097832452
1426221198027878408
1642947673337757696
1620921641365643273
1451688720453734403
1478088036718153732
1390355134467739652
1159297636987482113
1495840832091566080
1484277363810701315
312230865
1609930457809911809
1370394029310017537
1312660879746441216
1565312562652221442
1417627742317817860
409501734
1485068728412913666
1487439047521886209
908901045518176256
1342174584594960384
1406566210272215042
906230721513181184
1510215961156243457
192997844
855300206086168576
138672893
1475070971187015687
1538943752777220098
1542088334125801473
2283799285
1289257004796719104
31247320
1619501251057618950
1464711389830946828
1376517419221585922
1465479250773958657
4881140173
1598230281273724928
1482356237115310084
899558268795842561
727338733423464448
1610450906272698368
1485346107077058563
1551744037333377024
1294557715352748033
3895214232
1581586648508338179
1540460409190174720
1485689970593468416
1353140272620822528
1564398058619768835
1492007194388279333
1516538817427255298
1335880692811530240
1602536931908358144
1291067406400528385
1495967016804663299
1349856571988258826
1368346471
1486391103632789504
1318332497160138752
1420357125704982530
1602525976440840192
1403671615355904004
1522053643570417664
1494325249956929546
1557004454519799808
1221556511794769933
1322060763243122689
1599841661718339584
1390498467932295168
1569714575670661121
3410786674
1591060491975245824
1487466860975173636
1176283931408293890
827246199216353280
28212401
828235712411627520
1387719861380554752
1278699100159070209
1531443887029399552
1429864743309922312
1466102781241135104
1183841949029150720
213483747
1399368446291419136
1546497037117579264
1377572924413124609
1332466234189885440
885109263999389696
1511110094163001353
1471414739880189955
1176624876054036481
20495972
1531280126511554562
2530148042
1108829119507238916
1486473049146904576
453490149
1489667528678948870
1260532859611295745
1354807508917870592
1354400126857605121
1472012303407063045
1296278085570985984
1474385211618209801
1307026194416766978
1520023198250774530
52188203
787062962234077184
1465128526101819394
945817135816654848
1423776176397553666
3290046383
982070158125682688
1089901169433026561
1246066460251680768
827736710
635796111
1375550983904837636
1391693169817960448
179769472
967633032
289213600
23565172
765278683183648768
239472412
1337939880970694662
1278120724637483009
848759197449601024
1308469881529151488
3404705159
425198239
1478654793631637505
1413494921378471938
1236801913179574282
16395120
1259130292180303873
803224919316332546
914229874252009473
1054694086605713408
1127060797149077510
1240784920831762433
1500864071280832521
2190709435
14122005
2359030261
17060573
1325048953663086594
827366922207502340
844281463
1444935421390168066
18208354
337180581
74939904
1426456723
2238814035
4914384040
151936663
11582012
201066140
1103241617496915971
1250920251887366144
1485188648
1322087262147039232
1022808628858966016
1371328580635009025
1474091860025122817
1132677937633927168
2602121875
1008757286771331072
1328038279791435776
1411878854449197058
1464289576088915973
754770242224680961
422120454
946990754370428928
1498384018160631810
1388184818266083332
24222556
250980843
1180622595923820544
234638601
1175518965713580035
4865550959
2309828010
932630991298007041
2214652482
30699048
1259410284575416321
34072106
2432219643
1265492474786701315
224056540
1549419390
3038378929
2730264319
2252943488
213058411
735949044581818368
1511418794991828994
902926941413453824
2987250326
1424477143967358981
1288076623980318720
1438467003417874439
826136507836686336
1277501369134579712
1037700378240987137
1388957295279624192
2189609887
1362252195668746240
1346894735567429636
1450248348041154565
1321203011142610945
1249353522061156353
1290925531148554240
793460073385357312
44196397
1395061522200682499
42361118
1327412676880949251
3140020960
1269740568852279297
1235993003447029761
1232640144802377728
2696025126
1271785063735341056
767960339547774976
1369234878848401408
1386539136635478017
750727491531051008
428034762
1462841855070986241
1480926325091323913
723458313124454400
1348670257561559040
1260970741174095873
1733467884
1368364251442774017
2359971372
20555838
1096774365604130816
867433136
971360218377478147
1251910777319174146
1044693631586709504
1133174759032840192
1291732240456650754
1080955041006215168
1096116852063903745
1390315988147654659
2826511479
38905961
1278637728750583808
1433997706981253124
993367387587203072
42752668
1304463358012411904
2742694625
1273325418565840901
1383551961954353154
742780196948824064
896466491587080194
1137727109546303488
1235076217
1302295506861916160
1020788435181883393
586559221
1275836007330402304
804652719596126208
2725171190
114060003
1335386736243830784
4654318823
1084494018266976256
1326229737551912960
1342575650104868866
1061514367009607685
2194957453
184244895
1308442860480614402
1300921469212471296
1235893296955879425
1043692492464566272
56248246
1146557305426722816
1231422575357636608
600443804
887434912529338375
1244757954605309952
1074753618
160359639
1252244619292794880
836779281049014272
1161776053913677824
1208075642916556801
118567880
18471360
1259147660914720769
2373358246
1072858935730745346
1441203308
837555557804339202
420308365
1251900966770794498
1393652927986913281
1180605910575501312
1365358169166405633
2270764267
872148729184362497
1344104506489856000
880602945632575488
285636352
1216217031298564097
1239302704230531072
191518524
1335222290250862592
1274888522369953792
1375147951232798731
1013193657040584704
287994881
95994080
1177714558028406784
3310484362
1181174960661893120
1254373336060243968
1174708184126300160
1160968240270643200
860457316109488128
1227537493395939333
1009910601076928512
805813819956166656
1231322936902025221
908162395834540034
1354228711466426369
1264199016088317953
256523056
1166458092059598851
1217738355963768833
4627081402
904435760996249600
1099329259485782018
801570398848581632
174408001
912729106344579074
1365765172112076806
924478805015531520
3221888150
1172182689895596034
761694552382140416
360254234
17730766
871650706381561856
712844521126625280
2937613910
1059871261092929537
1101343341088817152
4177158388
28504906
3220870224
16997512
2383510675
1031747223569227776
2968471852
394983373
198179597
81371986
866005696428384256
826261914
1213688103774195713
323325293
1258149995645210629
57441414
3033100157
1049589278181797888
1076186222727479296
2882113533
954336280380346368
188731331
998671087213871104
1270544119451049984
1268032640042414080
3043088434
701579360332095489
1317976851722260480
1025410166483832833
777636844250902528
1300810545872896007
1034264607114883072
971157641912229888
1160721354649460736
972569324
873051724604334080
1324850911848660996
1105567415138729984
1197542830241136640
62876780
16523905
1202368619549773826
862493306382626818
785941045653700608
3247182226
4823488977
1161261376846946305
1097268244283559937
1204002460395806720
1112003189895806976
1248006733466910720
605974171
997366953571422208
987349034850451457
1116766980596543488
54856746
725955748275064832
921880207870459904
1139616075291774976
1302278544417058816
1267257106652172289
16740433
1146714432803753984
3320618587
962650783182331904
26649679
1239529100043313152
1852899224
1278366658571182081
1145702015374438401
1257792281614200834
426917520
1089312896977256448
3656836876
82918888
15976697
3095130883
1221079432812777472
902200087
854746255431315456
3149041414
816385307516039169
802609801960235008
1166366182569598976
1217398872445739009
459692778
1052625753844662273
1248205883852685313
4017904349
785509153208995840
330317386
14901848
815378555508953088
1335397489
31136822
4011256155
374594501
1164176887712796672
1006521602769481728
2281325286
912792889553555456
3108666882
305211380
96910944
1214638466186780672
26163517
592730371
3410843525
72783659
838457598303223808
92680363
317385247
1184216230342909953
984589521986695169
807669655368269824
1129795123292848131
1637740897
1276652162
331726239
765909323545513984
1151261114384171008
1260153174
709922040044720128
816325545470332928
1153042794375712770
861653611150848000
32503010
996321868226420736
25866103
88001676
776272687
976796785422290944
533832728
1095000154049007617
711535251835629568
112253363
358545917
24398645
224097357
1008718299998375936
521167914
3232881455
1108096520354783234
1116345515761909760
1009588379640528897
818905354205622276
16912983
940124009798209536
1000360070813769728
3804609261
890370269684125705
776966190
599817378
15567770
2948535520
2231109295
24787367
189870199
3329053900
1092606785108803584
3187410527
4095430154
98973513
99128675
347228796
1069720356552916996
1076469145082970112
2441085277
1035516830339792896
772966352114094081
990317363915579392
19370504
935803773745844224
316704393
933296211209129984
80571323
885208683352817664
876570335537233922
623230663
947683015634731009
51359739
3177515983
274567177
805223648499859457
133044477
2918039334
25083002
721096238020628481
2446162202
896258742
4891229179
271160889
402223330
537709549
2242788914
487039635
2442466385
53979469
1675239332
989456213350928385
92844900
19899606
548136534
225271970
1634940590
2802331031
802205765045981184
742823052354945024
135653359
973471717937967104
976853859703427078
809614172
183739654
970884857126506496
865516973567778819
2904870923
3267456386
955429605451673600
841686414286811136
2463171746
844434316943904768
225609770
816609107943845888
916818061226897409
3316305037
919028383639638016
4862238712
923241826873622529
847563392306917376
1081117524
824125695265800193
294774784
866069141576441857
825257934443651072
4135901687
2531837689
536284942
742749379623165955
757267526560673792
456265125
526000287
18043870
125128723
792236584808681472
3154508072
247981000
783863357279526912
178999981
1668385272
2349347329
790726167833808900
881662541012881408
823251392982880257
280587292
21480702
1627096298
1246071673
4808501420
15522405
44067298
196168350
28746590
906326771653541888
730121169194655748
905131066700247040
707231479047315456
70295497
25235151
747285357813653504
21081433
703149621900488705
34082620
783074571968716800
891984539660300288
4381300392
3360574139
110835004
109640315
875731963222478848
154350597
874425797897056257
574605280
3151312570
163073395
3296797169
379952397
730499886383288321
804449376
827289991088918528
881625354233884672
3103685384
169217706
770619360062898176
1276206235
83748727
248478594
834499605698064384
802940428764913664
76497884
1250322626
2705002822
29498906
18378801
15798091
2747746256
696869311722491905
870786368666038272
2871734055
852704459826319360
850790339657027593
798722927386497025
2153807785
783374230444400640
388330222
1963432916
2714517152
867791313982324736
260561149
3702944841
4254357074
49366465
514384144
49234326
714279146281648129
864606638594023424
826674453702598656
704287801311928320
829170543752572930
833545397486362624
240945063
710673549908942848
2505499922
778293671682646017
860942736043724800
786201901524103168
401626213
828030041166475264
1531974344
3272311177
830087202092744707
837009560741240832
1592502890
827637705827876864
737533078252331008
856272657419034624
2982520833
713031225141669889
832268508604010497
59093625
17728675
345081760
835264848678252544
465896543
365063159
409703516
802719190046019584
834402949853962240
708988660331503616
802234424867848192
455444298
826158839389093888
1078105826
16106584
844167800356782080
725923627753836544
489917005
735491152464470017
3257516960
707114880285806593
853720843775561732
836963548198748160
406720201
3372988474
2421479514
390365505
827227091636744192
784977871575982081
778446542357172224
823736127903272960
250244374
843090674903867393
851426978066575360
2737689814
4201027947
350165465
22053258
2362678555
759818994996043780
3060235391
238724979
749423244789346304
1129720458
2906373186
2200784754
2511662929
709031949936037888
31802392
3437392077
840277655308111872
842141533759496193
2747269384
2312444628
776445377528541184
40153378
28133951
741057139687362564
785777476974759936
81018286
9487272
4696650937
4436500453
3093737787
906398461
815488657540792320
3833502322
3710042297
192012830
726440510332784640
746673632932397056
3010312991
1698029280
2800791390
846308098256097282
3032214045
817680784547004417
3306682284
767240543533400065
1347425203
728371594993782784
800748118971060224
753457702999879681
328730203
4558117276
160594322
836231821503381504
838364614819721216
737862347616858114
835103667262980096
317709568
348791119
818906431193751553
69469543
2327682313
363480365
465762697
268975382
2414506038
3315579865
797916499021365248
21993294
825560438121385992
815948576375250944
719198026909290496
846809868312956928
823997006192476167
41167751
2815394001
29030150
845749438790471682
786662094
38958722
833643564261191684
735617909914013701
746357153271812097
832247300621742080
5797952
831488400880435200
820677489798299648
833656096959168512
571180553
54476445
3439013099
756649382754279424
804349892416208896
473519962
731625421956128768
840688379595440128
27522964
819621014392991750
1962979080
832353969334808577
1226167963
839765159153397760
2829548421
3307114679
2494963916
381059402
956825180
350621402
710663022109401088
4388905461
2213668112
733712129610514433
201204167
839406473532870658
832397935568642049
743286523596988417
734811270113726464
18162850
146157150
569803926
384997325
2521127287
776097571311906816
3321705973
9175692
825413203240718336
801924162675732481
4183149012
798029725012791296
820749540001136640
402744581
436645940
2832135565
47522283
399632779
240903363
2905316259
2451640112
701099574883057664
3300305967
1729100186
3415455075
3268647751
733065878569385984
791957137383497730
782030468501864449
857001662
798964534027419648
798904573268295682
113137765
3356172761
778240903936872449
4200373047
4394918361
328935079
762516143680532482
15034917
734192410264096768
559299296
775696688489099264
2997820802
2222286301
715792331358748672
3485276183
730924671525367808
4261318354
771048230922678272
3494910561
119099353
199678444
19015287
2809551332
4296903437
3260503620
4861562938
761596553215746048
730545231293091840
66170511
320381808
764211734013816832
34701889
746509515131133952
23580800
23804708
30122242
703365377502281728
301588004
4118080273
2306455197
3596659635
3304504332
756980975674888192
751215626518204417
931286316
337611162
191282392
737434919585107968
629884158
755266896
2333057124
3924067943
740865487681163264
1097852275
1003861819
3237609136
33270656
3400702817
270016438
706577077898756096
2559496261
3402040767
4716938490
721721504254279681
381108914
732612795078844416
3018742509
4830000035
3872346202
2870315974
275276082
270418274
20944649
274891222
3825968584
3219461544
3536963279
2900218576
17907878
3654128967
20844337
2394275568
2181493660
711599829772845056
4118568983
1425679045
3011256515
3106787658
2884603973
704319095852789760
831568484
108465379
204176679
3313329508
704181782921486336
183993932
81646967
712707361534820352
1928492846
1159538076
522132942
33529092
1035407102
3383423543
1125937411
186278633
523085134
390263070
2607290564
4216879030
1957125536
2669507574
708030956439998464
2865078826
1356030014
704748594134441985
2207780696
3018960919
20878297
347627434
708668053060452352
313038011
18643437
164070785
2472399354
