86024141
1270894341972688900
1595057630459957248
1705671679756603392
1354129150387347457
1639038055624642561
1689254317419646976
1266100241767575554
1683483402928807937
487011623
1521387526904295424
1674872484892475392
1499601422945452034
1674937377716858880
1625588287782940672
1701766837887709184
1705303277879910401
1694868090826477568
1510670454670991369
1593810051315236865
525666852
1677876743095611398
1594662739183534082
4869905412
2663965427
968001656037236737
3923534654
1593640770866659329
1295929622870228993
1367611692230856705
764278407056265217
1621448529817239553
2436567951
2407544636
1590563664611909633
1636471189991489542
1469074531465711620
1646599345540681741
31315281
1466511001508106245
730826149580808192
1653949205021356044
1490536621929897984
1501663306083414022
606403456
1586049285673607173
1636019218993799169
1362985118567071744
783475887111020544
1568549248202948610
1599807134463676420
1591760265158094849
1523385729707126784
802787680446808064
1605405291142586368
261833690
1332133067801190402
1609353101319802880
1451941051334283264
221651717
1566160562165370880
1547697180672110593
1605500347044499456
166751914
1595903164552577024
1598905392238628865
1602056977164779521
1599505947252203521
1596812711928729602
1598481750036025344
1598397547936186375
1596982618586767360
1591425194333437953
1593623025898881026
1590703923337170944
1594675666255249408
1597311514532265984
1590060828832718849
1576802253419479042
1590033816399228929
1584491882536701953
1589841632890855424
754481100240592896
1461754984769507337
846859247933632517
1183041326993948672
3271790814
1127937954637389824
2961672196
975594875247718400
1452406775660130314
1527077094236516352
1038519335327870978
3006694185
790250149465423873
1259751343
832739538841673728
1325554108359696386
1545816430725046272
1443410536482279429
1318323148958281730
1184225870925500416
1009714871229792257
747758700
955485791018352640
748608249910419457
1527407321860689949
1518790201128148994
1464020757839859712
932993859025547264
796164670243487744
1240780672173633536
1284144992987078659
1011067661231550464
926329596483719168
1419527973141508102
1107772537717645312
3478623252
1478880282992336898
1504829554535194627
4064304879
99820512
1283915535973941248
717449149810143232
879138294575005696
1488799622357143555
15091116
1229951953779806209
1415450783181594639
1495106149645000704
1030456117606920193
1237339671212036097
1435340411078430720
2788289517
1471015655302332421
956304828845690880
1407409918773190657
320370596
1077820076
893525837684899840
1270852092828307459
1366590219152093187
1452363629878288391
1852899224
1289659536232583168
2167653732
952756536786395136
1443223621477048329
1389591367333072897
1118290517748527104
806153492624764928
973564443429883904
1399185624104534017
2714686797
1398960569684836354
1213347066006528000
1198427387433750528
186471595
1405179437558091781
1402692690379259910
1402594418788610048
1401461917101793281
836969611472044032
456109436
1379836764106412035
1365086833969889283
1385461673641664519
1367134545745567746
1317889276911276034
1209987224579776513
1361462131007369217
3185403493
1366773443023282179
1342161515676389384
1225858597780967426
2337150512
1293039197226442758
1365855323777601539
1356702545574432771
233338979
881542967659569153
1358097029516451841
1266430220309008387
1349500139967180800
803591263262048256
1227329702987272196
1164185015753818112
1338656378303508482
3300280898
803420516438724608
1241582453409509376
1135850888
62928920
1318356683433906177
953424065137725441
56998343
69768385
796417730198937600
1195454942363959298
1227286099300622338
1153060982446612481
129019194
394301933
1229630497040416769
1180425907736940545
3035349657
1251510910390337536
1097126973665669121
41902405
21631487
1267977254979715076
779306848021250048
1286361733179879424
186395658
1191383915434520577
1142788562473103360
797982673
1133399315836227584
1042838541116616710
26933188
984562985904599040
916369857679167491
1283143199490547717
2872539789
728219249081094145
749767814366441472
5820642
3021663385
741578371
1162168561206538240
3239955086
1225393291119808512
951187262661853185
1036755488321490950
1231836660825899008
998194792436727809
1235526455087505408
134891802
958937008008826882
1199819892746264582
1908204763
1442113867
1243523976686637057
1227235324788645888
1150483266241212417
1256370445881729025
1258187641796857857
1253802807184052227
1240070196884275201
1247143371958820864
265648417
1246838036219834369
1051815660593004544
1239301297255432194
845237686608769024
1242994264776126464
2475623330
2960737793
3313329508
1240908256152862720
506624279
1233850206615109639
3218677655
1165485511328358400
499100663
741377469765156864
1235791081054167040
856288002435420160
1037372973185937409
1194040156128452609
15694204
1062427576407351296
1217630050000023552
864642082039881734
1228570341087289344
1015355999564075008
714530661533675520
1232303700
775361216411602944
4891360635
251870928
1175216800071483392
739595634907488264
2470463042
271633048
1144032192416423937
43378897
908548248368852992
1183166375168217088
15628274
3740309894
1162899685670965248
1212310981688168448
1116226112286126081
752843798565228544
1210956123164905474
846204140384587776
1075600295420260352
1203718860005892096
832042114422800384
853593085602869248
25083002
1171934210875121665
167660849
2335005701
1199372734578483202
1199469273640579073
1198647873665142784
730924089116753920
1186520778625425409
1195081760293478405
711776457463357440
1145702015374438401
1093972206655336449
1192023791611916288
1089568487335292930
1186704128896049154
861389753563959296
1186671782469820417
1186392399049908230
817880247777435648
953109910484430848
730848576541212672
1174730632833982465
716256825621004288
2467844166
321325044
1177478752751644673
1171963197601046529
2917718723
1156238619243352064
554511972
895118556504797185
3266319482
551133300
840433985939419136
1165342293567725573
3400737969
1124365382528036864
80152936
705936824280043520
874565239
1150599013411909634
810342093637857281
114605310
114770420
3010508983
1060297512446246915
1112990088089071616
2239362155
796865932681510912
951362733487808512
1049184849746046976
844434316943904768
83189866
991378623562207232
762674289011224576
56733855
795832924537032704
1260802135
1081735764042547200
1161701094600466434
985361492194353152
1006232241423429632
877169420518514690
1157081403823140864
755913420394954752
76796039
2684865902
48502864
1129503047284084736
1017485967479848960
1007121509020848129
1663975998
95142015
1090717414726254618
378492047
1083217609821044736
1076877018862702593
1147470477763334144
1018890973198344193
565959125
827429167352336385
62630259
1008141607282118656
490825757
381162548
1101933688655355905
1151881667419791360
768082692009299968
1094099644064264192
1062402927606853632
2809256199
1131237609089437701
1069470172417851393
971498870772584448
768545442539925504
1126134542757187584
1059745755752218624
178006397
413312369
1095735806197710851
1016910700004995072
1596638413
790728012056625152
1052240289539207168
1152254261482401792
47256078
215154964
374331041
768737240876847106
1089636149163892736
746707887083266048
1059742737853890560
862344798
1142282578625306624
820287683289317376
631781675
824834350868934657
1113679072545202176
752896090681204737
1092897504365035520
1149481227113472002
899323715225178112
1146878840985178112
1147200661819396097
1147242571011416065
923007512529399809
325979892
1101613734714322947
1004941619655737348
943970622568218625
1131438437075116032
1098828514424320001
953953760958492672
1001783104720142338
750399018
1112574634224828416
1090170866086887424
1000463993499156481
1133994135701114880
759921606655299584
1112762346307489799
1114625290427404291
1128288815012089857
886810743127060480
927553662087520262
1054946877374951425
828482173392953344
1121755384253960198
556969755
1118141542957326337
1096828724195012608
3072815488
3074098423
4349283073
1059479838002679808
1024841172970360832
1103353870468739072
3081026023
1101576702453534726
2588329891
1104161592021864448
51733619
1095751853130829825
892399926033907715
1106408927632207872
601461799
965884398
2616124502
988463808644513793
1107437028365475840
18706305
1063987764214009856
1050403124937019392
1089891962516398085
31046750
1052249080989020161
198179597
2880185798
1097175756856188934
735518199236722689
1044786240804069377
752700896858017792
1005007371159068673
833510865949200384
1037422463062368257
872144594800136192
1089102598211276800
1089799784615956480
1082026392072552453
21626308
2772436602
19164958
1091444881652883458
1089163421503967233
157718178
971509219995262976
806205345462964224
4889714145
1078366339507531776
1074756099973234697
361342414
1064201648313114624
1046850597083844609
1083490052754337792
1087587477412552704
958550436998516738
1084673927622873088
946562222607695872
1065040113372139521
4012983256
822462665910063105
2393063119
1067414507000086528
962738290628710400
897532408144175105
1000605364809818112
39847651
634122248
1007157396605550592
1078837716207382529
67692227
1051132612658515973
4736829527
601535938
457018146
1029990944211382272
63139887
1416789643
764938076
1085804830332018688
1077080247454126080
922093706924175361
2316246829
34160277
943273399513575424
2370683748
21222677
1062143766197362688
915647230681534464
989040753992183808
820027394148941826
3123663233
4870470531
1079248480122605568
516720845
872571580727087104
825445747
1093352520
766117300525232128
944173335759474689
154663998
896524461213716480
3018742509
1080519280368615424
864022215481729025
1936277917
609002591
1070042926506500099
3267456386
763055531003174913
4804733527
741068948905578500
1072559917901455360
3761046317
1030443493104275462
228736760
2411474370
879493993989640192
16689075
3398782366
1074053859792830464
708827623154028545
986001007
935871324806942720
16029910
717043467478810625
877186431432744961
1014624624
1078105826
466152880
1034112492333674496
2762885558
1000325836208263168
941344213869797376
1056990187941707781
2656183728
981990909494603777
1078483639242031109
852611876416606208
1064619281395142658
1069720356552916996
846856945919242240
2854886221
1343129682
792436389988012032
25721806
4330569813
783874633749585920
986135255571722246
161685142
1076415244711256065
711752522898264064
961357741586558977
844617785636536330
702247731524317184
1060309252827426816
900628651867160576
1035208933240008704
1048146068129632256
33127572
1053965296904609792
1070790587631030272
886316381456793605
3932768472
795867123545440256
1065590855254327296
498456439
1026142277033492480
1058157995652272130
18529312
1276652162
1015295486612291585
835676407665602560
871124284961427456
3004017048
822299610018365440
226350647
246039557
888768519277608960
997876139015200770
788794717806919682
171653428
3536963279
1060687236683968512
1023237049044873216
2484739784
1062789211391188993
1015016528771600385
712844521126625280
934748926120402950
809634353391271936
887542732255657985
803704565778497536
823548035368161280
560864344
963924035707928578
777358134
1546467223
61001158
319214444
885306013934604289
257332315
1057460570281164805
1058780354767536128
1039482417076219905
290324812
1043021317941784581
1056985920476536838
1612873532
48909558
54766238
47611401
887270980242087936
883433773894737920
2857873771
1010161668742098945
1028139875655135232
1050650060327804931
706257469262069760
760181070767816705
823446593240231936
718600146619990017
1044601981321584641
2878954517
869334771033227264
1034012721719771141
895450630315139072
1020716396504862721
717803408518938625
2763048042
880176274165059584
2261462681
199805985
993133017169264640
1016789755353354247
814339450771767297
838870009136951297
704320617
773734047646351360
1011713370326618112
4041846647
14144881
26920508
858297851230773248
309205240
999180122111463424
967817432
12098282
891040315079102465
940430173517811714
991776508967563265
2562414642
875476546751823872
717477807052292096
88957737
3077905087
168024576
749664698296111104
735024071843426304
970674676941848576
1384996994
863072995367161857
776799043418750976
1447296895
892144591947800577
976494141042458624
2442747731
970082836760862721
981499470
875390199798259712
1190530476
788421996916903940
952654911275085824
2937701728
947859069087367168
3512242402
817514363225411584
1398840546
553440611
30259859
957717985522798597
249189903
774005494591680512
2370627199
78746288
1659361735
717862238565101568
792374882654834689
773699453790355457
885551858189783042
931028140817653760
943791241241563136
947827337785151488
947583911302979586
65455370
774893842780696577
379690254
705714561
930473370642255873
929799711782871041
919964127962923008
966441110
634990472
901229169920667648
912130694083743744
548136534
922509574724300803
4835338697
183017088
748505470810230784
2821909715
713445748239675392
4700477725
379962842
815951456255799298
570790242
4781689993
919702112136781825
2542697438
3208495775
884755528785833984
918459747480850432
799369395080495104
317223956
775829751466450944
705557649950056449
915835193436643328
916476142734970880
2538196992
903266950721232900
820324350448451584
885588052638392320
3048391896
7026202
817165073890377733
883382055421300736
877080512665444354
2710992145
2771235643
3418210767
1029555968
1674641438
909427032957825026
864845960429543424
1909349292
129434729
901984698615902209
799699638949318656
780468465211625472
897500676615491584
153125912
810895268971479040
138920003
3101985905
24756264
9487272
854777337832984576
893162743066394624
866981923091906560
825823841431732224
828329522336501761
893275095463903232
897666655878344705
3283645248
898740934296440832
909429824
891739600842096641
3669988757
39609592
3079336403
218946709
2332987909
4549070952
850731700174729216
848350618406223872
893636551338582017
2234711
3273338030
23551268
895815036429410304
414330772
39753444
754709897011343360
805815982673526784
868024289978699777
890265646969356289
2872639048
626716012
841234451392684032
1494005965
841665300114374658
721659014485057538
3837907454
1232727414
2158528348
3609762852
2666936809
833645768
