1587489433648963584
463873010
1509948783508996100
1136426434807734273
1688996505313591296
1557290429762125824
1618697727507832841
1621707011141566464
1462174857274269705
1250604873864949761
1657479868995493888
1657888441575538695
1657054440988262404
1655610007000596480
1651791658827096066
44415207
1253921603265519616
1493016579549892608
1585845309598359554
1649625638662459393
736935927281528832
1649241620531888128
1594122544692576262
1642154517411033090
1646956405990084610
1646988694908198914
1645719122200743936
591882585
1644252543315509248
1548982457793499137
1278099265387200513
1609772962894282753
1643000656557662208
1597281317749669889
1642723772233818112
1586696637744877568
1517889782369726465
1640555439698976774
805502502028398593
1325177782196822016
1585832649871962112
1469074325026205699
715577457009496064
935568851567181824
746831792221601792
2704627940
1636851199738609664
1363702398074712064
1636385621202849795
1629691031317782528
1635432270940045312
753045173551112192
1560703882447273989
1633875690188570629
1633076522490765318
1282871904064270337
1596523207988740096
1599442892254330884
1586323025573576706
1618146986221527040
1630620019930566656
1466993465536008193
1630722118022463489
1621252588866834432
149545708
1626762954325757953
816347562131136512
1507779512754397194
1627872253072252931
1627396643036229633
1285600536545431558
1363292967511986180
1294326095790178304
1389352166511448064
1512763547620724745
1626809194665099267
3073538846
1599318206136520705
514280712
2655645583
1397178257825484802
1590187882056228864
1527498940081389571
1624791670087712770
1623927626174791680
2955585486
1623109778435371008
1595394519557554177
1567127655367020544
1198258296580427777
1585889196241133569
1586821222859509760
1604940742400479232
1586656772877848576
1603777003567476738
3301154471
1325836030633676806
1624051805205168135
1965490674
1622711411209109523
1431823017152290818
1128028561590370305
1578127149822869528
2871659160
1623267787669118976
1538999426
2198639461
1583273938267901953
1527327325570088960
1058747380772884480
1623018984433135616
1622785697756086273
722900366036041728
308663070
818659129
106040667
33774937
897335219082203144
1466983266334953480
599456526
1622089971665408002
314044576
1410036303786217473
1585798747421917190
1553774122622230530
1006728709577965570
1253755907739127820
1588969441701892098
1274989790
1586194456830672897
4500576194
1617990418594930689
1063650322529353728
895237080724459520
1586239995077066752
1484211809477353476
1497451023270658049
1530475606961422337
1022343337276329984
1344011503838654467
1586184850993778690
1593795856402194435
3230404819
1588359535672049664
1579869797462020096
761665141519769601
1481052271928430592
1497091343008423936
1360051202617147393
1614967069501431811
1609503984447885314
1498711284233256969
1618049423757516800
833033505374347265
1522637442536382464
1496710322815524866
1599194163538534402
1598120847612461056
1534538830912663554
932876784403714048
1468115097889300482
1582987022947565569
1596254435445022721
1608093395729219584
1582844512837197837
1579165399761010688
1106057400891527168
1595541695445311488
1520546652657897472
3033450678
880589168543444992
1578515582638596096
9765532
771033403282063360
1605618823029313536
1264256390442385410
1595631841024901120
1612906327574978584
1449526311148347392
1586841297272377344
1531761787124817920
1550514032599236608
1462724595388235776
61579433
1595141646798274581
1122557163296251905
1540439323190988800
4893854541
737728617778708480
1537279876041949184
765218461467418625
1593098227284414465
889534062909681666
3951452301
1585692610953216000
1433952231817101312
1598498945986076674
1585845334487564288
1587090275037487104
1285416254346534912
1556085902258077697
1482102966177841159
1586561538877526021
29403895
1600131321543942144
795769125423501313
1620478026235645952
1594138818487222272
17324583
1267998505076846597
1616366123561222145
1332757436869042178
1243641769700417537
1620218205074505734
1471312889478885379
1013912635606171648
797613862539448320
1469494779704709125
1591515630418776064
1556841976883908609
1308343141095870465
1513330725382148098
1366592331244314625
1603596879710806017
1551328494440808450
1619903270868205573
977379883239305216
1079339439493648384
1585756047268089856
1595482043147862017
1602053012708532224
1591506914449448961
1586745784334098432
1357897992066510848
848686405320617984
1384187107644608517
1586806225219502082
1611013406248648705
1522237975098179586
1512125700400197638
1619136130225430528
1619106198053175299
1237224803372851203
473472026
1583868411930517505
1366585708207505415
1596939507747766275
1492733776446640128
124542659
1617883161853136897
1469695689303199756
1256277931564859394
1546973933479632896
1613902598746083328
1418007633601179648
1604563750886858752
1613623364232380416
1589127292340633601
1061112994829139968
1530818464360738816
1601530711780958208
1618105328184299520
1618768930780102657
1600090029266636800
1591651751295336449
1520758594228084737
1618117522473062401
1149473231843315712
1603967747859353600
2290037118
2235692570
1602431099090632704
1596688403969499137
1537596937486184450
26152271
1503900813382586372
1601744364816207874
1468146147814363137
1588955753485717504
1591986644701351942
1053815301035372545
1585809176642686980
1480739500229906432
1617961128625152001
1191453097253593088
1583452743586414593
1537617271773872129
1273736886301974528
1600141249578782721
3669994042
1498109201486434312
1519114737841278979
1531113619068375040
402429284
1617516486188486661
1609675365714206723
1617891318159769600
1585853927009968128
1616595165971464194
1248007248787443713
769666924657582080
1581226856300290048
2608114081
1617885824808546306
1489360972984766471
1617873388063854598
1617932570225946625
1618401225061601283
1609908475810684930
415243691
1591135152989736983
1617899722299023362
1586198062577467394
260504735
1594037782166401024
1618225737290366976
1617902104403759108
1218916198144004097
1387061077599531019
1530899455792320512
1618117375685021696
1473559527580524546
1617889603511373828
1513897925985800202
1586103990202339328
1618054254773559297
1158464146595180544
1595684373805731840
66794569
1505976655839432707
1617948735383928839
1617932613733187606
1617891963780358145
1339067556959752192
1477813915484659713
1617863766213005312
1444449633191841794
1616527151037140997
1549406966509932545
1397170021332406276
1490536980576448512
1615442621312253953
948062905186095104
781156999
1616491771932086273
257234812
1587029321130164228
1602846411082452999
339399814
2826677387
1483188651215536129
1594452741132148736
1371296706
1598434433949900825
1602396700114653184
952999556832284672
1590817130840309760
1595531618583732243
1027954207146557441
1468420669310640128
1468231074136403984
16634922
1586800366036959232
1495346011220316164
1524229477064187905
906923326760558592
1487168048985485317
1529388598822199296
1586402887264968704
1591905293847470085
1598405996707135488
1586027399673745409
1611452116480004097
1594075097211768832
1518953937000357889
1599231607893786630
1605707338853253120
1481060168163115008
1384639269591977986
947727727095713792
1616705901905465346
1458392734243434498
1226405748831244288
1485746038795243520
3928006645
1602827452254158848
1607894281695657987
3018182409
1596999057221726208
1496780124838051840
927270566217650176
1496741467192242176
1606354688764420096
1616608684838199297
278135884
1601795152128970759
1614787495748829186
1602865843234390018
491420585
3248597385
1448368776383275013
1545610083345858560
1557280590134710273
1141430557173256192
1586170122888265728
1382541900738035714
1445033737742344198
348059156
2989441184
1543782811202490368
1101621399628730370
1433162932091826187
1506625716300955659
1609261258116677632
1569800791481012225
1583577747061985280
1329624350392139780
1555668221621145600
1321191944521998337
1550581806549934086
2212348049
4700642603
1607020114532073473
1591195803024072714
1335397489
887375188790132736
1560999491708530690
779157224342032384
1601238900621463552
1596542978847277064
1594820161902608385
1597430320705437697
1592630833667620869
1483824852263837697
1117088136293752833
1552821948635402241
1612606345169063936
1562742419199627264
307219897
1579136298866167809
1567340712550694912
1444412611316142081
1225093701803765763
1524494072345292800
1586754920207753217
1519791736205234183
1601040590556241922
1451015596544462851
960793590397095936
1449919438677897218
1595805541015527424
1518953913659101190
991493904334802944
1614032525810188293
1118792989718061056
1412822157835579396
1591336827960627202
1594484049917214722
1259341642856873984
1601798032349368320
1502680334755893249
1607168988559339520
79350157
1594195632557801474
1554042517104238593
1594122722279292929
1600548851450101781
1587014187145895938
1589423070519119872
1243821374973644800
1445232807022710790
1604182969819795458
60495154
1025151908
1220045157531365378
1333529716515549186
996566734512578560
1588782159267270657
2991192881
731566098
1518715278980534272
1425619400095412225
897873361161732098
1510014072238092289
1615136991368155137
1002599577323757568
1518791466969149441
1564819045098061826
43930789
4886619497
1576546791700500484
1095024327542620163
1396442730746851329
23350943
1595604698308005888
1607966588187316224
1468064881916010497
971941336038256640
989314779071180802
1452125486407168004
1075906495156510721
1166106778330968064
1587517733025058822
1496226837378310147
1415798535602200580
1586062213982330880
1366897957673463810
1599995278873993216
1496930958968332293
1597755303931658240
1594157564073152512
1600712353464598529
1516259364969005058
1595976055914958850
1608131901134442499
1533961268821893121
1591972104358006785
1589018740934557696
1010972488166043648
915019034231422977
1181246742840385538
1585469056257208320
1437763319427911688
1029689485695623168
1214762081272111104
1519886180422139905
1596728215715864582
1596295044130021376
1036682052018622464
1613223829463044115
1480956444790951936
1528102029486333953
1595124296053305344
1558876289330733061
1554793481205420033
1600708834531868672
1543345107021320193
1585867459520876545
1595552239426363393
1394628123992469504
1519913447592501253
704079735597494272
3064156305
1598502419918364673
1059130020990459906
2493929893
1586145424427155456
1446622011925536768
1348101220590825473
795342400239652864
1595987533053165570
1595470060616925186
1612918263834353748
1598421247104262149
436226414
1611097390966095879
1005378971674951680
1597922876782280704
1252790068672151552
1602367362568785943
1530418035390984192
1037846141121916928
775154494782992385
1502223304496750596
1406819322962616320
1606038685371211802
1595444772050698249
1473476125732917253
822180858605907968
1595178622360457220
1458628803538866176
1540431890481659915
1497292993149259782
1528351659436408832
2372274475
1611597705050050562
3116102101
1586004078622040064
1488643473725087744
1462538373218942985
1325407743210033153
1578973087395094528
548164051
1594150214784282626
1544039046162264064
1528174278583144448
1585952794535763972
1560496313074155521
1596981029776117760
1590055548971413504
2214558306
1601533417740541952
1518815025233768448
1467311928863252488
1467305555689500675
821490699749228546
1498882137281503232
1712781769
1014696506635571200
1362640994454425604
1596464799516594178
1424428908464726023
1488901507
734168839735349248
1588671288922423296
1196160972123201536
1536331746744098816
1586575228477603841
1592747575945625600
1595618323491962884
1590168486558724096
1601662273273184256
1589987184907636739
1611806084750249984
1609307792351068164
1452749910672084993
1544699012263170050
1598420731876052992
1587198621971251201
1585401097099018241
1342146677365325825
1173134946325671936
897675682645463040
1594122591576346624
4701061507
1590205672452390913
1469414148467527684
1598823098761023490
1589327542770614272
1601498723841974272
1594519238244540416
1240786553821188104
1473728239973670912
1014308301662715906
1090339588839825408
1158856892376125446
732916237462831104
1596043515078770688
1518720121661014016
1614320509801357312
1597240289663541248
727552214
1421538643567579136
1593990976074391552
1613966119055785996
1138242978827374592
1567675035355160578
1438745403806175232
1503453876812488704
1492526761292308483
1445042504
1381772634854191105
1194085414123913216
989597593209581568
1507065248775393283
1603429895073402881
1598586174376796160
1494036732727152646
3323836931
3932750482
1518703764252753920
1446724004
1474604557795840002
542252673
1585822019194540033
1581694157726302210
600709564
1591326765951098880
1315318716335185920
1468335202019721223
19056680
3297090039
1585948040476729347
1590153266750529543
1468281330094034944
1595980920850456583
1460825821271273476
1371559065562800128
1567635750761406466
1586567143973437441
1527057827256221697
1608893353164435457
917240386573295616
252327607
1599443976355971075
1329216334417289216
1586568068800466944
1465551815781412864
1536340577821786114
1366625820626870276
1393334569303044097
1600850473610780675
1586018271718940672
1579000721445617664
1588269386565144578
999179004652371968
1586069765386391553
1418656021527007232
1456748077658906634
972335241581883392
1597417139790442496
1557627149879840771
1427413799880044548
1596539738672058369
1164007977642266624
1615895229000826881
1597369968504578048
1229949968938655745
3386619826
1518734946713567232
1593607908155162624
1468664604112920594
1585985185560104962
1598712756315856896
1592130753063800832
1585979251936968704
1590445790836756481
1609317849973006336
1276289327417311232
1466044507
1598510584454168578
1589860775925014528
36583086
1300608138765381632
953824025578491909
1416949629271240704
4493529322
1587294803053666307
1611853140311015435
366877114
1404560997176778752
1594422884864167936
1157425138113159169
801308356816281600
1518680424691556352
1614246723169263617
1394090317226418185
3158221173
1587070469722742786
825504534
1588606667582623744
1140448134268669952
1191226293536378880
1579229422581792770
1595984435891027969
1599685531834515456
1486690460961804290
1596341998226751488
1614461942852161536
1587537587299909636
879523254091870210
1586591559193186306
878461208025862144
1566616474395054082
1595982290089304064
116375949
1600724233184845825
1598915526469861377
1594796532066385921
1468073797425106944
751603454217379841
1589073057137713154
919015538038398976
1589685420266119168
970854308588802049
1260207060827979778
1604599983893774337
1586482463223816193
1596698302057271296
1586841958403944448
1612940361810468864
574941985
1329231299521900545
1615784243023462432
1517707369509113857
1546652920082583553
1468112847813197826
1600865301104558080
1525955669676806144
1335040633313128449
1601009335320076290
1468672739095592961
1585957997066461184
1576330541393223680
1601284626898485248
1604652493027278849
1589837362997207042
917859501956632576
1597735163592671232
1474084952497033218
1514991291016392709
1145558455140229120
1600141765322969092
1526453594093920258
1590452156003385346
1499970169204092929
1595986244990820353
1257397241360166912
1603647533464657920
1596009369421852672
1530576403086950400
1385467423533551617
3051195289
1599206804092854273
1586566739403460609
1540526109665656838
1600492476699115524
1577262224
56677301
1609665920288391168
1446560778031562753
1514569197543563265
323648210
1601920568135237632
1598029956377759744
1253006694872997892
1535344096423944198
1594156683454021632
1586836946319466501
4928280045
1436491127050407940
1595671921693233152
1565116143165231104
1091931043630907392
1576235370081140738
1601637551873335296
1601575055107948544
1589611791046287360
1188162952299450368
1461392861036007432
1511743429667131396
1603181051035140097
319490086
1519330783646949378
1389552351275536388
1598772404880228352
1603957237205999618
1587265545044303872
1580166286503743489
1587130798616059904
1606136199348879360
1551567072706150400
1606162104989483009
1597270115254427650
