1489956224179261446
1642172427898683392
1427197567759265795
56561449
1218336944335347712
1551693235688353792
890061634181373952
1589083577504890882
730329614443270144
19562228
1586923432968654848
2237865246
1217398872445739009
1236913072180084737
1451753384764116994
1510451674661339139
1394540651577069570
1522706316376092675
1146509923683131398
80233893
1607540187491360768
1038228408742756352
783214
3313785009
1694923107096776704
1628016217674989570
762389795037294592
1603997064626479104
1225160978737831938
1416526569552498691
1356101051682701312
41778159
21555790
936297019
2864217936
588703829
1518557272854523904
965451112395415552
1678915119374557184
1605626028356927488
1670915963359752192
1486068736306167823
767960339547774976
805532293951606785
2246299058
1618383311650299904
934443084263448577
822299610018365440
317385247
21986885
1462174952732467208
320370596
52352820
1394680198705123329
196168350
1357717304931479552
717847958432124929
1524407286910930944
1467563230084087810
1521870690630221824
25202268
1311739895787016192
954124423
455264233
1222773302441148416
1429400366819512323
337808606
46302096
534881613
105852422
832978972602429440
1382209054999646212
199980955
1488372407387762688
19370504
2918039334
1616975606104879106
1669713486362935296
711273343396278272
1400188650458161157
1299787733548834822
1329523474029826048
1335132884278108161
1102987848741998592
1651361725394964481
374594501
2874102076
1559556660640849921
538889036
1340046910992748546
1578561007567474689
1650728019839922178
1527657610597519360
1531638941216292864
4911016698
856162158845059073
1155886120351100928
1585383725117964299
1521309472513306624
1201985743729524736
1041042565267697666
1384933637985079299
1481773144427966465
1614317913137156102
1649120513019588608
1524226014271913984
1631158964099457024
1370394029310017537
1637190879747219458
27012070
1544408838308171776
1585882952013123585
859409582426251269
23975206
16206258
1214546892492886017
36749572
1227799690579718144
1387489102799376388
19222164
1446231057259433988
1614380011493941248
942268386
971157641912229888
741068948905578500
704391334128394240
31700619
1288319695658135552
1365393266523267073
1174708184126300160
1155840474588037121
1451941051334283264
383903024
1522323677500649475
16395120
1176026136117166080
1355721251180961792
1511074777708085258
2472399354
63578758
1528943647185678336
1030725698460246018
1620203520799506432
1538705932799987712
875856268056969216
1392864463204782082
4239551
1348838207123648518
548258435
1509913938296639491
1482356237115310084
1446932149148344320
1533091496659918853
2871659160
1093297314830135296
31969111
1509342101330300931
240454812
1533857787486388226
1306311303598764038
3177515983
108465379
601535938
1545103296200851457
2301990517
2340667345
1501219835438460929
93295809
191167764
866069141576441857
711535251835629568
27522964
427089628
22677397
1559650033686953990
1476323517046140931
1486473049146904576
1204868621505302528
1403356678700032003
29658469
1242855751942647813
158769098
1598763572
1941106381
1496584645898551300
367703310
921614845
1429709351305060353
538021652
166751745
32503010
295731821
2224079705
95480831
19899606
19985444
1204002460395806720
1335237183234519040
1134838745960800256
1116345515761909760
1322060763243122689
18929234
380285402
16973333
855481986290524160
92844900
3096147528
1414226825434198018
1558561668204052485
1261270683285204994
39844876
1537225604554031104
1237348894582980609
778064639212949504
19738104
980516212059856901
1570581049846939651
1071585991
1399539642639265795
982070158125682688
826065164504006657
1253522750125281283
209693451
252165928
32201297
971841850695979010
1078460701176463361
1552407495255199745
1591964800216612866
333357345
534023
3376321847
1180533698
1448659775848214533
1591834567207522305
1485689970593468416
54357257
540458181
31667539
1147051135179603968
1222339495422500870
751910692446281728
1551725959534895104
758778599994331137
18266688
1474091860025122817
1463980227886002195
14893345
96906231
1479112482195050497
1492007194388279333
16523905
257145200
1385670946099318784
1082197856
43906698
833100331
10774652
3066800573
4627081402
1284660946229747714
1573074338542133250
936238338356404224
26637348
1145702015374438401
169686021
15515169
97829983
4686170306
1346986271554486272
986232040021549056
1269060710522388481
1552795969959636992
1226167963
1570749041293791238
1462921559241232385
1487439047521886209
1557793031121682432
1483893386817986574
19017675
1145560535498285056
972569324
1366565625401909249
39349894
896466491587080194
1344104506489856000
833510865949200384
1516538817427255298
216881337
753195112176480256
232901331
58579942
818948638890217473
1108472017144201216
341194704
18166778
118567880
23022687
1353266784321855493
1393287208426082306
1104524508709441536
1309073278871506945
1367531
1201670995435646976
1316038736782807040
2976867205
843965625177399296
3256876080
1482224907702632449
1176624876054036481
101805057
1375787095223111684
1329881757416648704
1497972613984960513
1353138175087095810
1529788938478575616
914973692
526598801
1334638113231171586
1225441173679955970
1400929073254305797
758649085041709057
1518686719733755904
839803381015248901
1505217746522542085
1265942974057283590
1541373557804089345
1357000066796576774
798247372581195777
1329171695173832706
1327336776042745858
3185949890
1342293487492853760
22221082
1348773498655813632
1319839510637780993
1270533744005390336
901959890876420100
1451288820494725128
764557460518506498
1242020179942531077
1481672220053229571
4476034097
1435707779436658693
484128706
944029888885018624
1496973350303789070
447399561
1243610589076873218
1298305997577093122
444374414
1336275065550352387
2934342099
1451725310576271366
1515314625973215233
1015717727191949312
1464245735415816192
1521949091311235072
1523838615377350656
1411928859021303810
1468110505
1230847132468420608
1225891990950367232
1075114583826841600
1398687963438010374
1250546058368778242
1170722335508377601
1392902136061693953
2355208184
1107450494342123520
709498259987894273
730667528
1318204218314981379
1395454901522685955
1097048735807361024
1077195295623184385
1519877846545616901
1420481811403186177
2788571677
1511595899671224325
912172674
562966506
172884596
882025280436568064
931258373160493057
1107497784377114626
540989026
1390513233207824388
1286231945056260096
3289212494
2321134655
4195519756
1503728587018547204
1326705492559859713
2857486483
1404893230609539072
1542230071250927616
1432691784677789703
1234215285735010305
1387099156913823746
1371521427539689474
1977365496
1108761263612592128
1022499273273999361
1392908434174103552
86604823
2418323133
1511072616219557895
1518712218346524672
3833502322
895340032046895105
1314603538740400128
702262427711188993
1079629794663325701
701166529
1412161818039029760
1464828221086650378
895140164087025664
1518785268131762177
2739591097
2673939073
850353634806083584
391409138
1516997103431688192
2378905030
1513390754542276612
1088847286271131649
1519781032551227393
1523559714470178816
1307900236866621440
930530214186311680
1458534833651601411
1155814822015119361
3102537224
797146326299541506
1294468973417963526
1492774470494433280
1405230842000154624
36012367
762878463711649792
1074820540332797952
1043212812619866112
3666862457
1335566582324588549
1383591374239387648
2718838888
5943622
30851296
1404253573718806530
74609380
1518881974055841792
1486412758526660608
57262460
55211840
2793264235
803420516438724608
3415926197
444056010
270535119
820163605580627968
1894835022
1428752432247549954
1437400946074599427
1198819943396986880
31634922
3006694185
1405219947396075528
1295407279643201536
1112127212889632768
1369987168832225283
1430466910198673410
1437017972367822852
2300392588
1048675743889154049
54058057
436958315
1075039380962754560
927544433163341826
1578472650
3011845538
1547399164752953344
1111197457554251781
323651995
1491843751131631618
353125270
1506670136790589445
2192708766
1476033035606839298
1430946289169190914
1154170035092561920
3368748808
438872496
4038345014
15741454
54737087
1207817253321936896
840621169237725186
1412586771951587329
840316814
1231705998810918914
1362860304489713671
1408379386865258496
1297977951229632512
943579920080494593
3064949800
1209586456588701699
836196590
1540478423243653121
23763620
1476215485335318529
79465823
1368374301594947587
1064222148661788673
1528935731304996864
1095328410128343040
722927764571959296
1482429537430478849
804506292492664833
39847651
1409622857798144002
1387362585742389254
1542594568218202113
1539571308807294976
1547424541655404544
1088560641323892737
792723217
900620413847384064
1188054791156576257
1489116254
1394477432749580295
1420862079318339594
1520910454469627905
1288187834810003456
1302033707914723333
1492777515739406339
1511372303644303365
1427387448829648898
3692615834
564289887
954806147462127616
2497137228
1316380708299038720
587891491
1152663212585705475
1154446718815166464
1011221515508109313
991208622838300672
512694165
1518991522041053186
1376999585869139968
637377174
1374896411108589568
70299361
1519546824758943744
21772252
1261820634746761218
15082386
1472317263143489536
797841568950550528
253755555
989620905641885696
1343678911369117697
1537906987064709120
1537811169297195010
1396708174644776960
1481328545175687170
1369703781873684493
7890622
1422624466798931970
311003427
1440797967514959882
1489208966865428481
872605953916624896
1522522974149963777
1127182689180835840
274050255
1412504223141482501
586346748
1566986196
1423367562847531010
413312369
846056006241193984
2513680556
1183719513814114304
1143507509447135232
1271823336402755584
1280118657142722562
1169911320805875712
1519789714680786944
889947217
25593846
1288240054150877186
1279321484113129473
1477888247867060228
1298073482316529664
1384823676915404801
1239059128355622912
1453821155689836548
1312543314021888002
1547081398988709888
1390122173952626689
1125179400255868928
790221127721164800
123755606
1657421934
1524758474382585858
1369884982831939587
1519034611380150273
1437268676932108289
1170535209885810688
1317324268984803328
1389636365034393612
1050665590350798848
17903343
1208825765258809345
1512129012960743429
1507102766874959874
1463146330977566722
1338899697310830592
1528803445444161536
1007403968996216833
1546416492949929985
2246971771
874755860752453632
1486023999150649345
136778584
1405661836687577088
2455210460
1316014095032676354
1338458783375368194
708595485435625472
1354395941906894848
1248059101831143424
1494767753965809674
41629267
381031095
1294699828564328448
1499937371038625794
1516758161990078473
1386876894147121153
1367567953089064963
1517897743720763393
1495097016187248645
594977716
1247556217741901825
1519415631757684739
2963794360
2311745556
1457474246855233551
24807171
1161991132995379200
1268106159719804930
1378020834502193158
1458221380185505798
1359993513925042177
1289693756376186881
1531631022378475521
1429813155899666434
1350152459965128704
1275981251623612416
1544938323118022656
1465287889110114304
1497489318587293696
1517695661642289153
2872041247
880113655068733440
1221809516305666048
880251266206765056
439347343
1484986560458207236
1414924772610293763
1366920519589777409
1419686301935226884
372128469
1533613803203706880
1455271706109653002
343770071
1345578584778407937
727650838064279552
1487068079796338689
974711325824872448
1289255508575047680
1450140099061030915
1479807570634330120
1414937180934483979
1540536041420906496
1410841017650233346
1368608786928242696
884316209029820416
1267213270978449408
1042509260381450241
3249123414
1051713810057371648
1360623399429677057
988416873296474113
1504312586157932546
426338878
55512415
1541418497670094848
15857499
2779791652
1421245261121261576
538346034
1464963947220635656
378642998
28759149
1429121007592214529
1533818975372681219
1489653644802674692
1268015498391891970
1421040853053689856
1257750583940804608
833075808306606080
1518647113076383744
1243706241089667072
2585023265
1545987987254792193
1417927641869557761
1546510237179338752
249299874
1519832102241325057
1440460386814152708
821838819498618880
1318807878573150210
1530517253132804100
1244670954900541441
720482077314039808
826092222
1427246826
1204470466515230720
4252138573
1361179981628526602
1023679696934825984
1516464785835139085
1402775850592968705
1511820008652947463
1524119685561729026
1036004209366380545
991839700389322752
1301078505699110912
779030095
1414980994411675655
3213886770
1029718550276190208
1365855323777601539
1449269185
202190228
1327003755179610113
1347657375604420609
1518955599937032194
1448639326766649346
1489089671271440387
3288015094
1464234681604399105
841658055414669312
1335664525937401862
1518834283913220096
1210825137416654848
1352372838741782530
1887993445
1468945711790280709
1508573794436222978
1545873305051217922
774158671844519941
1513322225922981895
1015089124372459521
1496430597279002627
1285952759607578624
1257893607723479040
1543322869182111756
1546417203733471232
1006258355122458624
2920125158
1536701159867662336
932993859025547264
1402735757945626626
1963957819
733092525720768512
860902183713161218
3575521212
4789548912
1546538859537784833
1187180271805882368
1424833518618791937
370439994
923629976590614528
1492713620928671748
46065396
1404790464730050568
1498039747624775683
1433482782836240397
1157353026019090433
20861858
1349108560333037572
1486559679425699840
965402240855896064
1528515974831407104
1541098487835762689
803742840874536960
1518847779447394305
705405812
1465098799270051842
1149118621928607745
1400354304213585922
1428929466185621508
228958953
3819473783
1524760383264899073
1447713351073730560
1274146497626624000
1398335443717046273
3372943421
2334793528
1123325049522544642
1496985864412483585
1490178464523206656
963852986064699393
31288601
491661817
1538215746316009472
1177497149669441536
1045792177526210561
1001327957930053632
1469918658675675136
77130240
146838739
34082620
868580828
1375230000585146369
1271962170419482629
1018781473938268166
1058222233305284611
1446233836543741957
950682040701210625
1015795214227820544
1260826343337414656
1103895189624516609
1136108173721554949
1533032313717661696
1348878125225177090
1226980554979016705
256426166
609346435
1518833737378762753
932091105679523840
1512095422906478592
1416610086823235586
1530785816523440128
1500376502432681993
1127087112
1449115590237376512
1054646304125698049
247059411
2555663610
4422688938
1274784512304713730
1535727862611079168
3527061916
1515769095978991623
491380887
1158183745
1369158050028851202
984970992110981120
1539381991262498817
1516531580281528322
1262497473404170242
1451208665059389446
3248151365
1382601429693702144
1244367859159126016
193747130
16862256
3740309894
1518711409307172864
1429830508431687689
799178931085643776
1566615733
1056301004931715074
1321416254985510912
1490304004907483136
1336930397066829825
1518756544418045952
28657994
1511448821632405507
1534961058913435648
1213558011865649152
1336704041691320321
724206247
1232063415985823745
1332755123647471619
3479844132
1311224527138050054
799949976403136513
1525184183286497282
819982756864135168
1356099302913789952
1545158652172042240
1528014903637856256
852284659207737344
1440364964900835344
1263123867335360513
1462605500667899905
1519394762717118464
1531823724600737792
978237292631511040
22576307
1310798226
1069439375669379072
839267362138312704
1425206235264163842
1420747269255532553
1347605559655104512
942052534914514944
364687466
1272961221151600640
938418972902518784
419520517
1470498987547447300
1542632003761307654
29562807
940638696
1518768513061507072
757991921524408321
18584875
1318769146750959620
3123307132
1496914195082002436
1542228578
19956739
896731633704947712
1058807868
358545917
2204609910
1540460409190174720
730121169194655748
2402062885
1478094138142769156
1067257604
130956302
1486919557314859008
1058636416819769344
786350364844929025
929330286609002501
1518713950858317825
1187628523315519489
391031945
1452623596719910919
1496967334711504905
1355922922976645125
1471345743344586755
1215097592515678209
1524109361320239106
818905354205622276
983108315466162178
1213227521392558080
1321061066760216577
1331982313983406080
435832540
1420057507314257930
1055873293448818694
1405917671183552518
210424042
1519383261729984512
1105889765671518209
38768232
1518709000694607879
1517598929546018816
24195285
806734289177976832
1275320139844669440
1467207528568090626
46870254
1212946711254945792
1186363501356421120
767450120061263872
1520136498967990274
55329156
319139933
548078410
1411723858181251074
375852740
1344356576786866176
1663172653
1516450616914202631
1464711389830946828
1408228756821622785
3895214232
1495840832091566080
19697415
2417586104
176665423
1420357125704982530
1891490382
978606266040938496
189305014
18856867
46078438
1290696356194000896
1140677322665840640
3578308875
2916305152
1485068728412913666
1166366182569598976
1183451054559490048
1476449188770729984
946037999074193409
1433997706981253124
819824424
4081106480
1467931973616386052
4914384040
18208354
1138396700
1251900966770794498
15438913
33152005
1389360201996832771
34347624
290758606
1215353059754303488
16279060
143493816
895715812098674688
29924725
169032853
3805377088
1366529249264345090
210967642
1161597044
728581815544483843
249888068
1176309471477239808
1433100936205852680
1411806776983441408
1733467884
97054224
1406594191451426821
1366360385826091009
1013553179726934016
959194697188167681
880938673889394689
259624225
839523575556104193
1351046058290409472
35188584
2151461459
1427873460559044608
452098509
1228446114
361057798
1405658983835308033
254527665
1259428114624634881
453205700
1260009181253337089
1183101655
1001883705223335936
1038200816719605760
1126254135819456512
956177366950199297
1381933585716944905
1158433647323746306
1106890509040185344
941330120937222144
791069195324694528
1381943017
1137487063127875584
827518133237927936
482264475
1399159871904403460
63389060
3928082297
724886973207461888
1175281185049796609
362716642
2456146960
1593208964
177009629
166198877
1405560512457416709
770733424264884224
1236890936119971841
1244738041794756609
1480257284
1377264836942290949
2559917431
959254831562018816
3122570587
24760871
902200087
195271137
1290635110149169152
1554622124
1393652927986913281
31047836
620571475
353422065
245515968
3192827530
1420822173120405508
3941356523
959708089342676992
619379091
2957368836
2330741964
3418588623
1313225383022653447
786670988608020481
1351908207925620741
879085607678611456
97727672
1171813394783068161
1329171068196622337
2999735517
711784628143652864
225858323
1377329174852079621
1207669882315255813
9287122
1261506140162027520
1211812018585387008
1105835352693063680
2905914970
706900607630766081
397706393
1114255462285762560
2192485896
20059959
1146013916952236032
2447225827
950093017406468097
38649166
1291085805629460494
1347091733432078338
1300128451500933123
1003435615398973440
1034604963484188673
1381558170028552196
1056696142501539843
976261045
1122348088201502720
51612995
772289334733053952
2584279548
1342920357481734144
1213214943534665728
114060003
1390762874809761793
174618314
1203017987084546048
2583199040
1062841288641392641
993243230677463041
1398991730175774724
863303657093308416
2163849279
1165916540098596866
947683015634731009
872607457813512192
1171899212386189315
1052473279477309440
1385937483204993028
14851635
853644433216069632
1326229737551912960
1191748615175331840
4918468209
1364017788
467634948
334715243
145948782
67519589
819390562709237760
45177032
1158442914088980481
3418210767
2923216664
1071875283509231616
290763268
123739102
1355589268094279683
220779036
716114265740972033
2607421675
896074081019277313
818419997877895168
1017702424553906176
959213014716121098
1302290554840117249
1368426927669866496
786942483347283969
4728547222
435069147
968471182809935872
1315430890890293249
172309095
3004094126
952958803586273282
1282359467246530561
2626059063
63658433
1129762164
1392426037053517824
808886173
1339854431567921152
2223926278
216761748
469913850
1380284383500722179
789521900959567872
78523300
1056981420772593665
1360856889228218369
2488806821
1368594236543762433
1215788326646665216
945207906722443264
3017262209
3319489692
1181863232006438917
49226489
2491520082
1360600609615867908
4396931367
1398754898
113428962
19887840
469539739
1180890042631380993
3267456386
39308549
893176305067450368
1319031822559399936
1330916615966371843
1291721766977634304
1157807038744842241
1357284604940582914
2656108470
2181929256
1292851664563699712
1300852132418068481
1353165646750748672
1733276636
1293971611
18027864
1047787029562634240
1145086448720236544
1305091313638035457
1052557647856189441
2566535282
314953152
892119839971594241
1229997949523857408
2418200930
1285671952858873865
1254146990482395137
1152188289996247040
3245409260
2344143396
2885331938
1330926538397802503
775486123229388800
2831053181
2541836810
280595023
41334710
53830904
1205588969850888192
1242644329329332224
759126200233123840
1281390601917931520
465758848
1312603591987916800
457984599
1086219741059010562
1025274127383494656
795832924537032704
1235610347500974081
915181494
431809325
48031447
1335386736243830784
1317572838669324288
1306281859765108736
4519638443
1148741359228149760
1267570094978162688
733151887
1075399275163598848
1359176100635676678
2172226899
896989316358053889
1197167925976817664
28788030
722850050
1335254696743874561
77439070
43405102
3223645320
1349144798532431879
1273299433783013378
1325993641286885376
1301552484964601861
3464356520
1301290120054792198
1313186820927045632
959269116
1122998969859108864
1875678619
2344461624
28927604
1257887739783057408
419899527
1032746833272086528
757904980850257921
931286316
22726693
889950524778393601
872057583032573954
15392486
61951844
1001837091494514688
32530724
1330345836765704192
1369384818732072968
722402529204637696
14465607
3410612055
1330238401786880001
2291548358
75484458
445040325
131965941
35567713
1351255865303707649
1376830945991483393
1347348855235469314
1166554571188998144
775008447565746176
1357409591215218688
1287963143000543238
1332889311885348865
833488085895770114
2453661493
1258094477861892096
45050610
34204169
1274837056112508928
24167544
720916915
1204455249571770369
1188968743256375297
2765104448
17909628
1299007622968901637
1237147778394046464
1135402090006626304
936592805660712960
1282805454561738757
1322348599544598535
1211851854071484416
4351743432
274109576
1272876921840267271
2231039899
1365733187188588545
1273480016043610112
1349868871654776835
954900494954258440
1379384730613874690
711307420752941056
1046482356
2258572422
2747746256
1300904745704525824
1357221268341223425
451491354
2195195958
1230158765988745216
1064206381866135552
2521469449
780539930015518720
2767344484
318371426
1049066278584037376
17995040
878247600096509952
4865550959
1327410390368743424
1401121592
1374405687359377411
1400825574
873965264504844288
785561358
958778807766237184
1276968919375347713
2334181458
922233583019859968
1349149096909668363
1355019432678944769
304761288
289823868
1356621655687200768
32502202
17469289
1291676552065888256
1338571285224288257
757037873241661440
372360918
292929271
988904239
1238373492937994241
29774065
1025246098930262016
870535898
1343284391498268672
216280837
1347252309596774407
356980099
1108085190
91882544
1333625795844202496
35039490
393469195
2732015393
1282374605710036992
125128723
526575903
41160276
1254139704775237641
959037012
1151326296875524096
15212187
1246262162508611585
419183127
1216871822291095552
1674389960
1098239299697356800
1326539869
141838723
28756573
110744644
1297239943643791360
4239908111
1320805546354618375
719273408438083586
945125103452397569
914599726233870336
1351331462977642503
1354228711466426369
95994080
19091173
95092020
57338175
910600552681222145
34367582
503400523
22703645
239005322
1092037021432897537
1304254530641686529
928881657943166976
18379614
873051724604334080
1318970681619632128
1243196401439277063
1353040053602316289
39344374
594694654
716539847729672192
496180777
98204737
151675172
989614373055422464
1208257451285524480
1081899852332756992
825122520638570497
1299485680029102088
4105765714
44196397
44067298
967164447063191554
350822109
19217369
1315773266225750016
996457363514241024
2818739632
233000889
25073877
1034578321391136769
19343824
19329306
467661480
40721215
375721095
1043185714437992449
17060573
2740108585
710340419889061888
2446162202
707231479047315456
1270416043572375557
1500129642
3634508187
1139616075291774976
16106584
175824845
592730371
793851304980389888
586559221
1116766980596543488
116579971
36638077
28504906
294293982
1317568613189062656
34109146
1329307685037240321
1250322626
2794848564
49739695
1098091506886471680
2162931655
826261914
2815850443
580054149
1337217263515078662
1161261376846946305
24105113
1139297111638446081
15522405
1102665028350558208
10904832
14458643
18643437
21480702
25235151
27000730
37190937
51359739
53979469
81371986
113137765
164070785
226194552
224097357
274567177
321954654
499230066
599817378
623230663
740724798
804449376
855318254
1356030014
2231109295
2349347329
2383510675
2835451658
2853461537
4316769252
4520698393
765909323545513984
770619360062898176
772966352114094081
783374230444400640
803224919316332546
836779281049014272
837555557804339202
844434316943904768
854746255431315456
862493306382626818
962650783182331904
990317363915579392
999274189688274947
1085572304241913859
1174517985396043777
1238260133983125505
1257792281614200834
110835004
