1703904101665329152
1601363527469764608
1691603166620487680
1698248746855968768
1697088636628373504
1610036443409154051
1321109094040801282
1649237821121601539
1606332818048663553
1679611198277394433
1384947715050811394
1691554784615059456
1691298725144952833
1689751606148087811
951302891708583936
1569733124225114114
1455249040493449224
1288866763
1674683690683858944
1532509804870123521
2537870558
1364995527872557060
1599822995278774277
1675167913597186049
1307810687381463041
1666404226719703041
901290812
1668719388009062404
1594901595061362689
1616622199019814912
393736670
1264073190617350146
15397218
1599322070986416129
1415714383980814341
1648482732815667200
1662444539049590784
1668270774556188678
1661085860270428162
1498473187587338240
1591445577614737408
1590327110404829184
1486105261160947718
1599905981533769728
1594294597416800258
3269786628
1250604873864949761
500183141
1522706316376092675
1242715635538432005
1646156297950076929
816409173026045952
1653503522355269641
1590647064333008896
1616109799669637120
1643643949221924866
1645348663567462401
1644933980108513280
823304356451774465
1571328795612700675
1255992643701534721
880928830088728576
783475887111020544
1591600230201380865
1633617842636554241
1585687197575184385
1589675637823967232
1605405291142586368
1214372783410556928
1601041684942438400
1531033680298356737
1191844457055997954
1572418334393794560
1237175438612533249
1633866911757881344
1190464327289131008
1575690840936443905
1618190836591648776
1634357054331551745
1628991226417496065
1596150122290765826
1239982431584825351
394436575
1547642541184409601
1598597127684476929
1598176077179928576
1590402361310289920
1458919791264247810
2569157946
1592170735807696899
1600670018429079552
1606463802828066817
1555221266746990592
1534072330573553664
1589871939786620929
1548524162511036419
1518820560402366468
1597412079857799168
1595029598370254849
1487529286491951116
1601035034898702336
1597978683087720448
1345167710376882179
1598656188425830400
3418176772
1599847740313313281
1119402342795939840
1222993743848013824
1594079906337619968
1573398870603841536
1598839957870764033
1598981638754631681
1597720751573966850
1567726194338004995
1391619599691550720
133219202
44490646
1567526528774283265
1555631425067462657
1593743529393750016
1590920329228341249
1589393291627446272
40753111
1586594173670547457
1569621884345659393
1586929722889588736
1365819579335860227
1540125095942930432
1294005647609135142
920035475037048838
1030328948419227648
1055653908931067904
995733809768419329
906187286035009536
1387778560098775050
1207778105487740932
1562975965051260928
1537323711824646145
187753230
723230655291625472
1270222581111676928
1548729741456326660
1557008288830705664
1434298118292471811
1466852834364776449
1486360316036452354
1511435976861704204
999722917310103552
957895561339863041
1505828725388107777
1426888484493701132
33332251
243627980
1535141185307955200
1543682211815342080
1536427897686175744
1440338610457231367
819454193752821762
2775549518
1510426716702879746
1522996563026534401
1518726319969902592
1432129870943956992
2993050377
1534207640296779776
1359626025504813061
1519006664329814016
15639002
1529172152838242306
701088276
1518689396639342592
12256562
4846198638
529332061
1238639977623220224
1481515248775577602
1378514160175079427
1166487695234883584
1522907919335018498
1522438809106870272
1519300689272487938
1288986909709139968
390274703
1266788243925655552
1519155359104991233
1471182134001889281
1508530431041318913
1519321497680105472
1204347673433608193
1500620901330604033
1501479282480234500
1512956598754369543
1431328462468440067
3368038504
1509716046453915649
1294399168266620937
988071211287662592
1166804736353476614
339156374
1017260866951999488
430249484
977611417124618241
760371274996527104
1337087669604675584
1466991511355097090
41369976
1364445260764434443
1496789617059717122
1462453845578203138
1497725242382471168
1486469999908769797
1433208989689409540
1145204869122408449
1082275268318953473
1492623917986586625
1484586032888750080
1472695295603531792
1491180765320781824
942121163685285888
970854308588802049
1444759773321236481
63033594
170155776
2946494104
1481031488548315141
2244028391
1272834114241081344
1463786246178807811
1479192102999183366
1485101717456830465
1348894104399306753
1247503316420104192
182855853
391640906
1220135746981580801
1348807533721395201
900438218100944896
3377244185
711623702853656576
1466646726396321794
1435259477532491777
862943093116383232
3031428436
3433624509
1366619018656948227
1473857754934689804
1298794616075022336
1474185851815014401
15345111
801640064316911616
1476684402214281220
1005343633
402381900
1471179817387130882
1022545380872003584
1473935919673708545
1474045577579175937
1403159568373460994
1297754723014119424
22817956
1388286638183358469
1468670744838164487
1464058992078966791
2904467961
1634940590
1311293082072158209
1430207788664246275
327193708
1332897130378260482
1458355014
1005605030647525376
1058417703805960193
1437835591299698690
1465098813236862980
1332757398549893121
1439680126715772930
1297774606384857089
1461515340337221637
776069621732478976
1458574653740310529
993907214577422336
163731271
440550062
1432126661210873858
1031930597030146048
2229007392
864073940
1181670192843300866
866510162638458880
1425988112568578056
1455647416238100481
1257838104167268354
1452363629878288391
1455008987552759818
1402557528949477383
1232826904719351809
1388839967384813571
1404274023006183426
1381631987358687237
1370442363416555521
1448169530975404033
1254473168242294785
1442597512599068673
3108974027
983143091006791680
1266212050738372609
1339918268291817472
1427858715252723712
1235626654267052038
155287576
1191561376122032129
860993532038979584
1349870577209774080
1089206690388500481
1270399837742096385
1400953910299348996
1270745659763757058
1222467819213856770
1373476836269649921
1252957416150519808
1297346770943475712
106591264
1367320827725819905
1514569650
390166493
1009191263810342913
4861141311
1260786478440943623
713377689743335424
951942559437385729
1244582060842528773
69368132
14986598
1416314779266867201
980673959896084480
803490561852313600
1037233321338494976
1322261332700372992
1405663537020784643
1242504893816016898
19887840
1292129316709564416
1294035810556219392
1151542729
1296172175792181248
15953887
3309036932
1286245405437681664
1419890411934527518
255862319
1150996586572472321
1372014796728590338
1222600120522412032
848276549308739584
1338374613424766977
18706305
1390519990483292160
1302203461900083201
795662610708369408
1368052639645114377
1364740614634557444
749455282854649856
1299358669310746625
1363184083120103433
1272366152950468608
945116775842242566
1380972629780217858
1369738009990594560
1385461673641664519
2881267734
544649099
1325520067187052548
1049184849746046976
1350571382195806210
1347357029636173824
786113892892180481
1294401707544203264
1044177739723485184
1088642167642439682
1318790063539576832
1385891117611298817
1248363018171191296
975279818
1390726791946547200
1142658138522476544
1375915101073649666
1379787166646202368
1230570432862064640
1224923521500893185
937414259448909824
1375107839472017409
3982673739
1374540066278756352
1248222612641271810
1012083587871657989
1056504650512371713
788175870108327936
825597692067864576
41778460
1345993042998611968
901132180721512448
1283674034786447360
1369444443292635137
1141479795580112896
1174873012073652226
1319866749244919808
3351526307
196686162
1124053765169004545
1126157314518654976
1365806384093126667
594332999
1353109414832648199
987253726451646464
4281849023
1360523392663756801
3167830739
1164201404627587078
807858780205629441
1352218618029858818
1327838074567536641
1356042876413747204
1337999055914491905
2694194922
1351617158795591682
1084063050297044992
1348981874648109063
1348775771238785026
784795766
1340816491223126019
1339812077314183168
905444822030344192
1203177816793210880
1325546103492784128
1137159292287504384
1255557091470839811
1327357288219291648
1292811334757658626
821838819498618880
1739850638
1188960986822168576
1315464087254441984
1287061039318802432
893242141836795905
963254235029786624
3274589748
1311825292525146112
859810619142352902
1319598020674027520
311003427
1298203075576881153
1187609054689935360
1227286099300622338
1303206527113637888
995608046
1022614257416978432
1293039197226442758
1174222645082165249
1163881405
1244457679814299649
1302772930464681985
1231739483411943426
1299770718905872385
3373141972
1273233626591825920
899015817177645056
1293083687932710912
1180494017940860928
1057142441587937280
1099504458193608704
773901042765496321
1280356069760516096
1271641434668634114
1145715261418328065
1212841779046670337
1214659202402148352
1141430557173256192
261099722
1282378038118952960
1263662918207504385
882709462036959232
2327433511
1286980994277482497
1070083125777178626
1589774467
2317503271
779066234398728192
1285393463446577157
1273275461133615106
1228547834913415168
1030786883582746624
62986634
1283223464338436096
1118290517748527104
1262094387510751232
1191383915434520577
1279107808072515586
1366550190
1280852842862034950
1112990088089071616
1249223748420395008
901047296
1135361297254473728
1165607731388198912
2332840058
364456443
955561925840171008
1217167287045804035
1236336698642046976
3377372224
1248864434220654592
1166601133814702082
2878285517
1266892622083358720
1175956195863158785
1194044247340670977
1208307350874009600
1269010275375681536
1199819892746264582
1212757194984181760
1234174499097960449
2430241730
1159823886919319554
3224970997
19717233
1136075776510574592
1138124386098130944
1163706975206760448
933581798012940289
1146714432803753984
482059049
1031583402531729409
1259632641130758144
1046828166025814016
846457395442257920
1257750583940804608
1162009223863164929
1250052729877204992
1226222397633781766
1202529884473610240
1135985509472149504
1244046869455667201
1193389527798296576
769495555944902656
1244786641
1253521878716755968
1252363477907386368
998714327237455872
1192662164235898880
852608385837125633
1007073983152320512
1171467058401312768
1247730715883638786
1243510174465363969
1239273668238286853
1175790554103332865
1140142255103078406
1154162577192169473
3131417459
1174850030584455168
867396858032902144
2341648858
893937328451977216
889630875113197570
29893672
1127367015289769989
1562146376
1072264227690332160
796191790424584193
1070021267934339073
1090006203445534720
875944685256290304
1210016310421274624
714990942617473024
878727904091402240
1091866636729106432
1209116358593658880
1211025306166759424
1175815953206169600
1199091251154321408
2962178343
1209312358381867009
1188898775571546112
1144142773798473728
1078669509257510913
1143399717180715008
1207111125298376704
743915649458659328
1449755114
1184508971278835712
1205491534831013889
750830738115813380
1054067639310524416
1089084420626309120
1024019621639344128
955824225985662982
758428650039574528
1164064630664130560
1099124240870240256
1119141705536507904
988177631341436928
1063323061414494209
1191349689448357888
1068744998659735552
2319655728
940574615037935616
1164930607585091584
1174510329730084865
1130125390842912768
1042822387
1178464608794955783
925731309657493504
4899863113
345774250
1125984696679243776
1168201365446938625
1169806865104080896
1116309928275144706
1176011278197886976
1128283479584669697
2422081800
1088186527614623744
855117223341416448
14097490
1031651897512484865
2850870080
914103731511287809
1126639465097613312
854806581992722433
1125561652156534786
1125336354420715520
1028026692827316229
1121202696726491136
880500482044813313
1112795884583116800
1041379959560912896
