1699541514328981504
1594158395652800519
1708556805821857792
1629168203921334273
1607839920999256064
1703879668451905539
1690079682333454336
1708329265190633472
1683488118085758977
1347881077231202304
737776450925932544
1608983254467768321
1707947579017777152
1707264630752493568
1701248860109078528
1634719225137733633
1591319198478700544
1655865560071274497
1706007333644455936
1594739633761435650
1646388470330568705
1707354749018750976
1706694304859598848
1702702769088667648
1706804917782843392
1706486429948289024
1491572714481631236
1385533755193008128
1494064040272080898
1661479992042172416
1705970578153144320
751935007904653318
1425182981698768906
1671493745760432133
1218336944335347712
80936555
1652580208891817985
14180279
1698822070560514049
1518676350483193856
1658627287657357312
1641603759448141824
1700293723740110848
1409605142224281600
1648482732815667200
1594079906337619968
1697673779932024832
1697152764529496064
1674935252601413632
363225825
1696503382263951360
1500814466
1302605432666677250
1676809029920886786
1615410405798461442
1534620371881709568
1702729211935326208
1675597756793061378
1483333976118988803
1691174582122582017
1696587232906268673
703545996035416064
2282523500
1692189626880917504
1533506352408317952
1408167932283154434
1669606404095725568
284735600
1690081578259472384
313072980
1646532330851569665
192316264
1692230707853119488
994409070403596289
975235664
1594377433037254656
1453440382830788615
1006345095891816449
1586166488599257093
1674791180570329089
267953720
1700313039780954112
1561847501820334081
1702341096926244865
1366640936499826690
701088276
1619840032042520576
1014373421956911104
1693103143507091456
1430573288003092486
1568708414066380802
788704255
1693604216432971776
1692196939729616896
1627051745791864832
1698807158287048704
1394362070334906382
1665836472711147520
1694689288124768257
1242852330
1605182233391800321
1674719623982338050
1587622988630740992
1694393198662107136
1688649777590702080
1593803764758183940
984075676641832961
1601075536935227392
1626266997502746626
1135708614
1296878691331592192
1698095546211143682
1674873168438214660
1452931731326226437
1623890986391797762
1518703711379505162
1540715012917907459
1699818830539767815
1699762302092709888
1692638198004903936
1589833881624141827
1697088636628373504
1586325356465848320
1920274747
1699264569477066752
1699063491351695362
1325805135046586368
1328452648740286465
1695265203422703616
1582816247053328384
1543757737569525760
1347792541320683522
1321109094040801282
1686805615887138829
1697155047149232128
1691417241630253056
1683900926669488134
1275596592431730690
935261583072219137
204964330
1507101337925861392
898220572856995841
1270467480176201728
1545099891587928064
51612995
4600958415
1614775938545291266
1582565658767892480
1496256037405528068
1622318481407361031
1671863518562336768
1692202925404336128
1686249295853338624
1695992580692209664
1200050379951656960
1526392936572895232
1667945696614404097
1108313880936267776
1695116732128727040
1691556760656478208
1512892593272766468
2980541151
1493638810449551364
1586160598764720128
1316033961441853440
1606971194326110208
1565048636119056386
1681797758997372928
1674588058325483521
1674864495536005139
1043959581691514882
1675542172760719361
1676946021845471232
922959219778883584
1679655737038086145
977068181239066624
1514359181926621190
102999224
1691463447844933632
1692447540791193600
1621544726418841602
1590248396551503873
1019888264
1674871526074507285
1411701265181122560
1602118589431140354
1629222308089933826
510832019
3033182024
1586732760110178307
1610699508459143168
1496112499627741190
1268985991647432705
1450925768301817860
1274930874
1329930283215450114
1642957704049074181
1677827848499785728
1621877314588909568
2811759291
1445140705182113800
3248098070
1427330934391537665
1452981144924872705
995851752514752515
1319130330574417921
1595471439091712022
1679529305615785985
1161373481021386752
1092589085355462656
1476991760505229314
1545070940094140417
1591445577614737408
1686995028353376256
775469913649582080
1440583347487449089
1506032309711028227
1600293710478065664
1672330614744154114
1614497438643159040
1519030469165301760
1691137864698834945
1329532364385501184
1651417462154444800
1428864524673765380
1311682723300376576
1360598281651380230
1615816013202825216
1592715794353373185
1559804367057960964
1682981130331639809
1594015404011229185
1689052936608026627
1690810003739770880
1452363629878288391
1676695322494369797
1122904904975179777
1260443588464345096
1648641585612042241
1423359726805528582
3007910857
1181538165783433216
1272336039781244935
1627542498968059904
1618125838746255365
1291054918434992128
1339677466915385345
1674683690683858944
1657496212549902343
1688335014868467713
1680590069579522048
1681150206459494400
16618503
1103105628124340224
1563910102758965250
1651604256208613377
4013859076
836079309634715648
181468434
1663383461011378177
2294696011
860190467010547714
1326939871
1649997625888784385
933331746
1502239861461368837
1671002340357226496
1516153260599803906
1678940381331832833
492811095
1572293631783931904
1410527348701663235
1518688393328222209
1575245325652168705
787278289
905556562097397760
1293743289582198791
1432416543854505986
1665085276228665344
1587466016136876032
1517689171086876672
257429718
1444316396905709569
2615922514
945782366814994440
1086747969406320647
860643384188338177
724766805294764032
1551326057088880640
948412610654830593
1658642554756255745
1656006613327544323
1689404454054014976
1646158889149243397
1675515997053149184
300204830
1600873768884342785
1552888676002275330
1594428271047106560
1498559944420847617
1675297129365946369
1310561876431065088
314238521
1446417350803210240
1663345190893912064
1689556067204886529
1619892345075372032
1677603930753179648
1690005073538031616
759817641116651521
462493658
1448907149686362117
1680538801452580864
195158178
1463908779595075589
1586548910834814976
799242599584436225
968001656037236737
1660375394464444417
1497065690863390729
1589344374793461760
1581208902112362496
1671498005998891009
1602056977164779521
1524852346219528195
907487386254188551
847986879748161536
22659569
1659334133330608128
1605025502917406720
1683148775068450817
1682145502299652099
1118866673346342912
1521089095346368516
1638225095863705610
1611161041601183745
1359941972719501314
1523626148806152192
1631526228745240576
1682191305529753601
1687181987361214468
1597559545051627521
1620828935377281025
1201595653127843840
1646661305883938817
1678673110369992705
1512468768789831683
1674763116415000581
241979732
1669845237705977856
1316627932807274496
1676175278135975937
1544693634078978054
1674872484892475392
1675109870733754368
1104050924228616194
276285481
1646838223010766851
1450082714661621769
1604069821376876548
1649606802344927234
301973858
56061001
1522755914926862337
1425250438035566595
1494489356215717892
1683458871048695809
1916156042
224283163
46291081
3329770611
970117114957676545
1505319569954594820
856599335525658624
1659602581503504387
1304116109843496966
2362668672
1590245217998864386
1360798419783196675
16282520
139220821
1304506810011918341
1246318079358971905
1320827298237632513
1592931793799450626
1684572901343891458
1677413706341253122
23825053
1038208270022918145
1684762759060488192
1676773987576328192
1591906373671034883
1673094804828483586
1651578434596773889
1078548240239230976
1284934260500111360
1508627086730268676
1679291586742558722
1407052570246385668
2820976381
1678470340672888834
1225183628033961986
1684387143320231936
1683968788486553600
1621448529817239553
1530025419675774976
1662176837710037000
1518663729319235585
1517566303770497024
1675929792821035008
1416806739832360963
1670871166637191168
1396722966881255427
1605861463108755457
1473224433255038976
1472172864883286016
1674326570926759936
1633992787506139136
1535094897606369285
1667684519544074243
535677416
1657166704039059456
1601289244827328512
2787374120
1679220303770050560
1569465028868440064
1609908475810684930
341920476
1521345765771251712
252242282
1587676260737720320
2664123352
1606930293314797569
1513180058709602313
1634472843290480640
1535064011229868032
1674903748919926784
958779493887422465
860313296
1431146163558707200
881948437184299008
988937105467305984
2685408511
1419245159695503362
824589007514439680
726507427101814785
22582989
1682900997813817344
1568948367195095042
1652723475268730884
1278157689265283073
1446594369004449795
1681718483283787790
2376975140
1587997554276532225
1190339632195497989
1679183093339418624
1357446643843530759
1496842554108747777
1132467979772342272
1668089640522338305
1683480364226949123
1681313390319501313
1683090981439123457
1398020061202464770
717789136468336640
1588229836207693824
714264908280569857
1455249040493449224
1251642753584422912
1428791440247648258
1407397910
1556683890642886658
486336420
1673655199565529088
1411193976804188162
97980953
1291152746591268865
1349160281214119937
239241169
1578345572129558528
1675763800144769025
1591076306732683271
1669132651272306690
1677541873404071936
1303774644424577025
1679304958410121216
1270100600
1370766475
1456317270477660167
1647038826861285382
1509368748456787973
971941336038256640
1428182246578540553
1125642706149994496
1640871705781600256
1654919806074617856
1637870816841850905
1272030510831845376
1674715371478106112
1445769687028011014
1214752103408820224
1652887075744800768
1289698524288806912
1679178677647732736
1385461673641664519
1641930248353886209
1167028576937480192
1589386821204512769
1678884980183662592
1489241045598621722
1567985911027097600
1541903307295207424
1268570838581882880
1589082176091463680
804726769
1665179297567457282
4898230781
4880262016
1483153072394231815
1429964893638246403
1654135655239221248
2358500370
213058411
1674953071795765249
1635817424233611264
1584726920918360065
1599322070986416129
1593731049024110593
1147279001733308417
1574918591446765574
1525710971246878723
1366699216848842755
1675378570351480832
1499760633667018756
926536316
976853859703427078
4281849023
1889103997
1509769050284511239
1675904919331647495
955123711262298112
754345572337790976
1224530650230935552
39592425
3944363717
1522706316376092675
1670431612842942473
959897463380463628
1674891448624324614
1663630885772754944
1669309793213853699
1387757869932728324
1423621883333947393
1604496554278150144
1001059717253386240
1334988074883813379
1514719826773749760
1174816521320722432
1499562633674035200
1295903160142303232
749607928768917505
1641513904902901760
1055481548689039360
1381631987358687237
1670119109256675328
1667690031195013120
1462879116450054148
1585751317049393153
1537103927895810049
1661904107509096448
1595411707488309248
465184953
752554537391624192
1519991345296941060
1603439586302107648
1626702967121248257
4787896637
1631633788357754882
1658528551300128789
1591891602670292992
1656068415457509376
1640061677998845952
1654329454385065985
1654520617628991494
1483982178606276608
1898323410
1422857001495932929
1637324930697273344
1643015691941888001
1543234524619755521
1559189486688522240
1461757891400982530
1318317268376330240
1581501839022997504
1034528768793108481
1912308060
1510789490163568643
1335254696743874561
1597699022780858371
1649237821121601539
1649586150544228354
1505663812267122691
1480414980377825283
1401569088724418563
1647231598108999688
1530749455485509632
1365863538393309184
1599851712197627913
1649071944677851137
1476172549373448204
1644120840370556928
887473430706008064
1648640481641865217
1483038381693091841
1704785888
1295899834751361024
1592369569401896961
1234678528081309696
1149559571482140672
1587302381150257153
1433791977154400256
1569451886977384449
1496743765905711104
1469285308881686532
3418176772
747714796095680512
958421366407155712
1445826235095863307
1572039433712705536
351363616
1493637936624979971
222975264
1646717598799675394
708384028294950912
1643658280479096834
1553788590739673089
1646909815090823168
1586163244720422912
1646714741556121603
1590013021157556224
1569459556874420224
1646192564448509959
1643995145870745600
1481773144427966465
1483647523315019776
1594826437206212609
1586263783428616193
1136322174
906309636256493568
1591600230201380865
1223017792435380224
1560480384118407169
67723677
1569455242475106304
1594128330021900291
1633617842636554241
1587612300319637505
1426387352088465409
1083793139922546688
1115071890597478401
1355185210283884545
1188835096570335238
1473961632757956613
1637241764649086980
1267513760681525251
1598808670372077596
1569864806697410568
1519032748580741129
1467012395478491137
1595922721904463873
1587684422790352896
1615099117021319169
867261009316069376
1342617413280477185
1640183695687696385
1624942988676702211
1640806513412395032
1547774136411254785
1568690341187829762
1541759464516247555
1595758067681054722
1511356733247168515
1507267684672671750
192368875
1510076308822364160
1215472996497838081
1026838251502481408
1585687197575184385
1051800303333466112
853340048774889472
1367962739331584000
1356329684255043588
1039969713953103872
2858190453
1640177858294185984
1597338237009362944
1633615374032990209
1586931541535789056
1305063045090205702
1526213420491722752
1019327492333719552
809342059823951872
131762879
1357418844122415105
1366619018656948227
18706305
1147986321618681856
1544828761044004864
1498706661971746822
1593041665379471360
1628847207553048579
1519057283136770049
1435244445092524036
1574477712697311237
1633737158120075265
1579597893580869636
1591887324257869824
1609290676654542848
1403398554341703681
1157481754682437635
1468069265551290368
1391619599691550720
1252809743065706496
1637187602989064193
1445606970140987397
1624954409779097608
1475324508303020039
1636864815393128449
1629326491090599939
1511423551584284674
1596886856624381952
1093195480220291077
1169500171694198784
1431710384344506378
1599956620095660032
1558935710945742851
746831792221601792
1378211327739457536
1273604079089057792
1633904886646489119
1535738807882248192
1170704535758802944
1538249797987180545
1631384411902976023
1425059153190424576
1628340531469119490
1541262363948720128
1573336541342171136
857268283
1075397740794966016
1477455734505828352
1487180138542514179
1308138648911720450
1059141712721928193
2240681928
1591149851848445952
1386534658284818433
1633458810072489987
1324015747090292737
1524121177349705729
1410831297442951168
1591821572033024000
1617876681301331969
4818769035
1551935450796924931
1493536890393448452
1460195341739962369
1631758530100248576
1235525206233366530
1546778257131204608
1366942474040733698
1425974631102500864
1429511508342415361
992297965514510336
1633196350581141505
2753044752
1382376686960963584
1375588089737908233
1599584462035189764
1610269179730444288
1184511232398839808
1376507023882391554
1454741996979949576
1109944732019576832
1542673126429016069
1435259477532491777
1609885193783119873
1525476955621101571
1094534440091451393
1622677959390728201
1596150122290765826
1266938427339087873
1092995115457630208
1363787625899970560
1475609973463859202
1514078816469422082
1612656405344911362
1249742372667142145
1025767175628484608
1585798055667929088
1501087193225318400
1534275646544822281
1504970370578853891
1631658716654182403
1017135448269864960
970884857126506496
1613723234507055104
1567689268843126784
79805695
1630276553404993536
1579301069699661826
164872909
743269869336961026
1535771569896665089
1519905475747143681
1592340245667880960
1549416773447028736
1429439710137626624
1518797753102606337
1110640064290324480
1493344269683380229
1630443884445564929
1487173305589063680
1468128292029014021
786149313726468098
1592336101598953473
1626320245408382978
1442845659061702663
1506116753893568512
930899645416509440
1587179964343779328
1623333739739680773
261099722
1594589928062701569
1388137484
1504087964518961156
1228433801472286720
1460150176874516485
1488443616528048131
1588315633040629762
1305553416631050240
1158795074416758784
2904467961
1364971239417249795
830911224854425600
1619739154018885633
1477357410037678094
3854981292
1628759738543443976
1601041684942438400
1612409645527879680
1352876572798234624
1619866389350846465
1603142445407277056
1110362484408344576
1008846146574303232
1600153913080135684
1609202129205592066
361103236
1527338365422428177
1617368665493585921
1215740037461086208
1525357235198566400
1591998522685263874
1552503948082352128
1240977521434394626
1282762748208787462
938160734147661825
1591238906351075333
121654005
1494455311129882625
1468260542087417864
1453589558210224128
1586827594464481287
1557511507163770880
1325589687579389952
1629302298236137472
1546023497016672256
808937330631380997
1286150882736906241
1249190575984668672
1058856825502732288
1104242898
1477016199338758144
1499524930756567045
199483727
1086337982964092930
1325333997673713666
1556220446206476289
742762816705298434
1387391915893604352
1225547902748987392
1572259808958373888
1601280587226046471
1175216800071483392
1627823367398084609
883105305722212352
1581989395397332994
1007093133341933568
1364283609058865157
4789548912
472681637
72147752
1539111981017341952
1589471069794177024
1605405291142586368
1610428830547693573
1555295878339891201
1400042479358025728
1501364396903309312
1414020956176191490
1478115811197919238
1397379770845892611
1387843560997797898
1503797322878275584
1537945290388361218
1978996849
1595081008964988928
1530872327545683968
1500702831002664962
1499110351593476096
1548243461689618433
365216658
1245994748004798464
1228800398913392643
1527629962013982720
858847098321686528
1440984338858905600
1399274161944530946
1616312371722719234
1468835109621043200
1590454326861991937
2928066247
1513543454395183107
1271435282106036226
1384150270859382793
920574907909591040
764455694707765248
1291778117644759041
1254539741682376707
1366407036708278273
1590408915065397251
1625998533319852032
1455724406697705473
1455404186355515393
1625640291213488129
1569392744241446912
1415078045787082754
440815157
1451638439145844750
1074365083675975681
43059244
1387779668187701261
2865059762
1619147188176650240
1723856072
1595651287005241344
1581951968263766017
1499378374980030466
1316803143150243840
1599620082891902979
1621241060193099782
1432438171699007489
2272448245
1582493212026994688
1579322656326766592
1551362893253320704
2271075528
798547013830852608
1468750900332167170
1587697283113648128
3361612229
1623267787669118976
1585370841814077442
1603094292578373632
702121286865186817
1465846962746494986
1437835591299698690
1542758807750705153
1588280939473428480
752984680765329408
3011673852
1586038313978368000
1343438130276286466
1538902786313797634
1481582232863227909
1562240993524854790
1469513953097170947
1593370218985754624
1619950477172699136
1226436350670450688
1298781706527350785
1348220178073604096
1610015333036720129
1471664814548299782
1596300590744600577
1596385436271841281
1603298052663541762
1591630477210812419
973122455945469952
1136775524498456576
1518773842331721732
1399649978377588736
1619958076219576321
1496712085648121858
1509740105749213188
1337852270873088004
875011697085300737
1591827670177816577
1585798987323432961
3818880854
267130565
1345484158965977088
1468100244831363077
1274703956229476352
1594184143134498817
37191022
1417286599851839488
1524124324038328320
1605884737901527040
844434316943904768
1426665482665357312
1607269577922076672
1595029598370254849
1284639765162332161
1598597127684476929
1598176077179928576
1619915451797995521
1590402361310289920
1331739460174798850
1587198122136068098
1526568451044777998
1518744548498980865
908502415074320386
1599110679952236544
1282791681616748547
1516575921368666119
1329943573937016832
1618389540376576000
1254006807233626112
1615814073559486486
1328894170577178625
1457290452688908289
1578522896913248258
1347010013475299329
1150996586572472321
1474455762999074820
1440980893427015682
1594579946151858177
976407655202910208
1485989341512011776
1235608350861045761
1586901569563496449
1481327082261164033
1584613439963598848
309291806
852091473344573440
1357897992066510848
1580779454204354560
1602141766445998080
837376608033886208
614280679
1607636906199728128
1604622835951210496
1482721834860695554
1597244937355001860
1606761044063535112
1575690840936443905
1547642541184409601
1483973984840400896
1249575698399817728
1214652046357471237
43808296
1614762411491266560
1580590700659343362
1559213391364984832
491779805
904598434635587584
1520064181394972674
1493164448412020746
1361372751286697984
1407452402727460872
1509681930375254026
200576451
1484586032888750080
806917072164769792
1600075964653912064
1499092292153475074
869837071
1115874692534013953
1350232061013970945
430249484
1582468777270198272
1527459341179277326
1428336311526641670
1343935155354947584
1385387445114519553
1535141185307955200
53131035
1615801781891567620
1590920329228341249
1214232737575391238
991005135768817664
1586421283927072771
1255715628549320709
1185273626876108800
1587280003573637121
1118290517748527104
1547940029615316994
1015295486612291585
1522220554748456960
1378717143945129989
868580828
1194116373661782016
529332061
1615849713307090948
1462921559241232385
1528311502947725312
1589362717055410176
1596875354584514561
1481328545175687170
1589393291627446272
809278774504103936
237768562
16024738
1542610098333286401
1581001030443188224
1604275733572067328
1598584348609069057
1613541198
1602116461761290240
1612973207669313536
1352298509039353863
1599822995278774277
1494736260144848896
1193541007
13748992
1421465763060363269
623180895
62916631
1250645118
1083778108338126848
1082275268318953473
1612300916920668162
1595500936599949313
1138501551297892358
2928677669
1248176458767441926
4616175795
1450648386122784768
1437738338342084610
1287616455190761472
1547170703987937281
185357281
11768272
1499798091733647367
979857262037602304
1521949091311235072
1588745305373155328
1491932327957741569
4538894673
1544758223688699904
1586136715915194368
1592877774192222210
1497564119091847168
4129595233
1605709476547420160
1235707699054153728
1601062664775819265
980673959896084480
1303371838379098112
1594803573530959878
1523878109493153793
4780099620
1556059004928917504
1601533875947192320
1289723311279296513
1461826395840167948
1055692717995388928
1585845309598359554
1298514643653136384
1022545380872003584
1367262011315396609
1230482179743977472
1427065886246989825
1612175544145027072
850857233504186368
817467531049005056
1597663859124445184
1592315872353427456
1050584866096472064
1555221266746990592
1588917838118543361
730735618326732800
1037806181673324544
1557378141659795464
1321203011142610945
1437249391669166081
1365086833969889283
1587183203030388740
1583826383528157184
944741158353240069
1520699948941119488
1154765688415895553
1518967643151216641
1524830226454392834
920035475037048838
1162531268711596032
1540125095942930432
1547288279971774464
1614206234290229249
1577384131952054283
1612174500396945408
1451131758154498053
1586335000131248131
1169882163673567234
1571856012172267520
1342369769052401665
1476761967159296001
1413325489855291395
1474045577579175937
1613244867815084034
1271235405380112384
1577282631837908993
1366949916803690496
1505222807470419974
1478813503058321411
1136301955016527874
1473733867353878536
