86024141
1707947579017777152
1334626708570312704
1594155869717123073
2780416996
3239095557
1255865742450458627
1655002995258716162
1688600779156828160
153112228
1524881240238743556
1707768757534257152
1657810981941125121
1537576368199720961
1435810249404043267
1072495961543450624
978787386
1643054631646273537
1620906308311388161
1705303277879910401
1697735280550187009
1489793728713609218
1707030491453325312
1531000889640636416
1161825068281946112
1467150525330251785
1656761985827045377
1706804917782843392
1641827193494949890
1588648950063681537
1667135211065278465
1706486429948289024
1653698560041570306
1673110439029358592
1477097163121250306
1644957204938891269
1706007333644455936
1705928441839656960
1197670477759754245
1674798641813553157
1519429233008852992
76580106
917348400382611458
1684339536405450752
1218336944335347712
1704809192605831168
1518800724188188672
1680775459536269312
1627131485516881921
1535108163766259718
1303777106514636800
1691680966362980352
1637856834068398081
1521949091311235072
2975580681
1704267339842158592
1007093133341933568
1499175450777731075
1684976021043593216
1703893400523563008
1689683782977409024
1675538338462441473
1605395540283375617
1652040611610894344
1671970601555116032
1566862899699744768
1677603930753179648
1674783086834483203
1703116428008660992
1213870910773456897
1597454994801770496
1678532240551149569
1701591224472514560
1181947820229713922
1453821155689836548
1670907378420658179
1675997301708591104
1584334780727959552
1294487906204221440
1699818830539767815
1481399156669239297
1698807158287048704
2297154008
1518975385203003394
1524226014271913984
1625435982353793025
1656411509000478722
1652401427346587654
1308495514124668928
2243716134
893525837684899840
1669134628739751938
1685785367520108544
1632093423355453445
1674881546191249410
1533631705562722304
1670280929141465088
1685738880715116544
1700170849284739072
1608821957377822731
1538502124941844480
1694355660182282240
1689308476315508739
1667143281287782401
1591468161853001729
1649589040662888449
1683465054962831360
1586128484870590465
1676186813038227457
1674939504262631424
1658071415612907522
1393606999
1461242887333683205
1661277617427709952
1349269653395271681
1025274127383494656
1698095546211143682
1685894985781235712
1675763304105492480
1698416945631019008
1270370191503798272
1685082305772072960
1624052041516548096
1053148805837709312
1698102647805681664
1677115529226534914
1686402602462830592
717121215727591425
1660125509403934720
1653756742042353665
1697088636628373504
1678883963287359488
463262132
1656099722468159488
1487602824125075462
1480926325091323913
1655773185403502597
1695136181015465984
1679190556113797120
1469008284409647109
1655865560071274497
1619544279411482630
1594266296094543873
1666269458334195712
1390114951398838273
1658993572480270337
23283834
1695105401384304640
1535771569896665089
1228189060587372544
1676957056392372228
1594793886479572993
978707251430088706
1003796400310771712
1688575585868505088
1623361866348040193
17903343
1460343222505381888
1449571115467165698
1681414400161267721
1690763701094404096
1682159495512727552
267203747
1663234365940285451
803704565778497536
1095735806197710851
1553749236147159042
1684588020551282688
1465760605
1519437747722678272
1577239456054116352
1683488982162718721
1068959225987125248
1691554784615059456
106207152
1690744919424393216
1686886292833890304
4176695536
1562483219231977473
1358977529210634240
1690174021529112576
1673489181543202819
1147200661819396097
1592373965783121920
1485858118508683267
1690005073538031616
1606154978443280385
1656313448815292416
1514757551761547274
462493658
1689094009245904897
1676052393153134592
1653429652872896512
1526178719244615681
1673382840778784770
708684008293400577
1445769687028011014
1517487573907648512
1591954824161120258
1666790093506347016
1597049266685546497
1674810909468897284
1592142763973398529
1587159932775895043
21823053
1674824862265909248
1597340855785988097
1659177882449752064
1585805526817972224
3300816478
1656661051042308102
1677243249264586753
1544443075875020801
1668327007401447424
1298609179700207616
1057022112827879424
1480414980377825283
1585145206776553472
1687920370995916800
1665252371793084416
1645598987792052226
1630297234469277697
1285124477983105027
1629268406850719744
1390915634
1639083320502808578
1686836400832876544
1343076926768828418
1590125467125833728
1643613682528649216
1648092911853096962
1418417753145364485
1191786563954458630
49021579
1440690222094716937
1633423171096387585
1519096563603230722
494503714
1684438488614318081
1682111691893473280
1684340723347333122
1096037705790750721
1366083896199249931
1608723110261301249
1656699076170207232
1684286160921837568
1681824703336308744
1324707763726045185
1461352581020614670
1645870759640793096
1678884980183662592
1656305757061611522
1620512495164358664
1617690086266601472
1651356079828217858
1552343731222654976
2298629192
905460577111334912
1577136272619065345
1683719900022317056
1670839212227149827
1268749422537650177
839299729230020608
43059244
1473767300683599872
1595922721904463873
1627691485008130053
1631748460339953666
365063159
1571009079681613825
1667217896546639872
1684572901343891458
1668896298404044804
927385611010543617
868152995640463361
1611610773393924097
38790157
1427748196399321090
1632764900379357184
1674038105823752192
1681684476009537544
1640074046665822208
43806883
1684063272285405184
1601603461497655298
1511626231980036097
1366764985834213377
1683586956721111041
1683918881469915152
1509589350006366212
1682952929739694085
550702200
1535094897606369285
1682479005159628801
1420543134652526594
1582455951218642948
1681008844389109760
1644692996976156673
1659556412274475008
1673471258544209920
68740832
1132551682653655041
590136652
1462662657627107328
3480715157
1412633678556000258
1683026266700800000
1682551139110211585
1682500013039968257
598472499
1644453427576188928
1326541440957100034
1670250279319617536
1076789110382215169
1678940381331832833
1446681809236885507
1682105900474028037
4197090100
1560480384118407169
1631725013299601432
1651085790657540097
41715292
1679227940557533184
1666131866745810945
1231081308660482048
1680957431734579200
1519298358980059136
1586027298364571650
1680648659229188098
1590647064333008896
492866533
1664500629396500480
1661871641096323073
1678776177639698433
1679461008534913024
1196241374070353920
119000162
1245544145428664321
1678822567748988943
1679178677647732736
1679134328326848518
1675185469431185411
1554428524991324162
1585290071921631239
1516632336170950659
1674819974505066496
1678484701114245123
1625042329739358212
1340803412
1013455002
1673123238749278208
1216214563722493953
1345822270846083072
1676790261362376705
1466970417193750531
1593370930906013697
1665924865193566209
1594348238018121730
1677734713568501762
1575296744342052864
1476510363898286080
1501823127642427392
1297367681155252226
848014739976331265
1487221149280964610
1589720075145281539
844755859846553605
1555221266746990592
1605097560120573954
50397981
1497861196908830725
1675293891921162241
1642734995079852037
968001656037236737
872620039790354433
1306402230950559745
1534362804945358848
971972320905510912
1585703408018853897
1405973382743613449
1599443084881891331
1655949664942981121
1660416788826292226
1510670454670991369
1339679455644581888
1675161635994972162
1589471069794177024
1518681668885827590
1663304765395337221
1486313451676962818
1423662746726502407
1326004533344960512
1214968787805585410
1519502642560524290
1366942474040733698
1675904919331647495
1674683690683858944
1575284336311640066
350153726
1675131709027676161
1566255211663962112
850576380677033984
1667175518544748553
1361198145208729601
1416502943164080139
1605852902278430722
1675941851113684993
1572903910007873539
1675378570351480832
1427435835624931331
1663574554743128067
1672650802249310210
1561773971984490496
1433090320909180928
1675297129365946369
1519789714680786944
1586753570061312000
1384597844871417857
850778907045490689
1674733840563306496
1597623765940281345
885328086291464192
1674834499345973250
1674900786248302592
1295929622870228993
1674872484892475392
1536051655388672001
1640771682607480833
1597967069798141952
1516062823561920516
1620826210975584282
1527027191552294915
1110319628884938752
1628099665655922689
1594153377969180673
1626970855484932097
1427481242925142017
1671863518562336768
1665596390980874241
1646684282876837888
1228419585839378432
1427381974587564032
956731579
1651950523816312832
1610036490150576134
3185403493
1513548228716744706
1515789544825753611
1537889878280503304
1671002340357226496
48448505
1644830805557116928
1585853766951211008
1621584220488433667
1393492122217615360
1145809671263010823
1670150779544432641
1662632739739246593
1519032253711630337
1515140861989830658
1350994644012855300
1669845237705977856
1162554110618537984
1638603255327633408
1669713486362935296
1616752453193502720
27503607
304168496
1017287701010132993
1445116549174595592
54712562
1141631690
52642209
1439416945787510787
716011042
1664539173674528769
1527821891385573376
1667711441674153984
49484559
977351503617843200
1590808512648646657
1626978785831849986
4735176079
1453365254868676609
1574829878687535111
542242217
1562907148467994625
902850096777363456
1659345370441187328
1508212505423790080
184671789
1662404999618461696
1590507282017705985
803257620890927104
1551362893253320704
351643293
1662136302848950279
1589669899223400448
1663650703326289922
1657503982971912192
1262412529944481792
1299787733548834822
1473798792839315461
269012308
1352195617007800320
1564703324967907328
1624028276967497738
1662571534408450050
1656485133195804672
1662403027431567363
1661462687660875776
1652351142108581888
1657975711809044480
553731994
1655570456919916544
800582840
1646714741556121603
1660058558858182656
22860247
32265232
1527657610597519360
1245437723500056578
1644269455613083649
1156573178233147392
1266100241767575554
1606680285860487168
1639001777944121362
1596875354584514561
4861135554
1504985210252791808
1656097143831273473
1358772893468012544
1462997203396354049
1631526228745240576
1653514480737812482
1590920329228341249
1282762748208787462
1587562659154722817
1657890405286043649
1332651602264662019
1657079695131697162
1622951549654687745
1337697837086339072
1249150263660666880
1625588287782940672
1536337065696165888
41441006
2925605399
1628042849932517378
1146238866698964999
1601035034898702336
1595357806135238657
1653162792306745355
1352367066507046912
1475847998928310276
4829427027
1533080108394860546
3399067433
1640061677998845952
1608285644639313920
1655218197287821315
1527581805318049793
1640846017405878273
1621735001875255303
2327994421
1573336541342171136
1594794033586413568
31610197
1637888516657913875
1468100244831363077
2505607994
989151952536784896
1919481576
1430561099229896705
1637088181156823041
930301276138618880
1479596698934468609
1249942731004080129
1218980988358971392
1559888523574087681
1405939765078335489
1578123612325912577
1580982860760088577
1644833723261628416
1427322553186541574
1577468354914295808
374630071
1558658208356499458
1649581927291056130
906809707632795649
1302203461900083201
1172348680646664193
1594485744080257024
1179167582894673920
157720970
1523440662066216966
1445094587714973700
1630199437682155521
776611983852396544
1276289327417311232
1628910076852330496
847278842
1586726619401654273
864981714
1511658976613748738
1403133630873022476
1127960424102735872
1274539598253785092
1585845309598359554
1510056438802096133
1334576698898214914
1611488326409940993
1515507724900995074
1281227213149556742
65494780
1630179796511760385
1647847881498394625
1572413543089160193
1642212724552929281
1604313277718200320
1597152522594033667
1577742107875287040
1630671839579045889
1611943530762469378
1492113493176299529
780811249
1367618153098973192
1363883078867845123
1637169684570095616
1241867842875768833
1636090236567445506
946196888981786624
1601909715465912320
1644462490464444416
1601325690451795968
1555203914580086784
1520996829021675520
1648418092769333249
1647906032398774272
1572241161741565952
1595251575232122881
1636102669533343744
1546139769167544320
951302891708583936
261631342
1457490975165669380
1640917425917919233
1547626455256862734
1628969139082768384
1596043435613605888
1252187964710326272
1075489685034725376
1160671999
1394832245748162560
1535827632746807296
1543535465323810817
1631784569031520257
2912932522
1375588089737908233
1573682348746592261
1519766883733581826
1586861403801018370
2255898620
1640775978757820416
1105212187256086528
1364838885138702337
2282840634
1577173573696950273
1492860789358829572
1585398973153656832
1586750869483167744
631781675
1348802338551693314
1640602073535496193
1644403725904281600
1356685368171630592
1536201359598530562
1947367950
1430809445878075394
870475567656775680
739662132397084672
1639256878612922369
1517599275664003079
872605953916624896
1464569794699612160
1494821948639096832
1217074957580218370
2858535692
1204442390628589570
1148062750641405953
1621979060929798144
1436697979214237700
708881620380463107
1624854712951492615
1636176876619063297
3854981292
1597841647781482496
1591225616875003905
1565907927604625408
1429591663
165862485
1572453639129632769
1518283520363442184
1024912158616956928
1387547069439750145
273967645
1504514097701871619
1488789412574109697
724870064407777280
1518776860833988611
1518902002796875777
1100431808146092035
1608145554650841088
1525476955621101571
1338747469
1443439238742044676
3258970313
1511805733368700931
1635870343083720705
1557511507163770880
1435296154686738433
1475575699247407115
1104140919261999104
104170082
1585834151399284736
962763070228615169
1222600120522412032
1598528254335455232
444496753
1605052648750579713
1625240562310819840
1641055937686372353
3745022235
1597473559236034560
526784159
1369381753090174977
1550448033074118656
1641561265104625664
1641469258898235393
1015668158731030529
606403456
1640871705781600256
1640982735140581376
1640892150857756672
1633739811101065218
1587646585860677632
1640177858294185984
1374434029819158547
1628883095729451010
1639466690089025536
1616312371722719234
404464892
23379938
1618710101895913489
1590402361310289920
1598176077179928576
1638063078829969408
1428610906066456584
1254539741682376707
1586939104427745280
118406943
970854308588802049
1168602904623747075
2612891066
1608931335560892416
1614034599327240194
1589452358207029248
1304258835381514241
1282059179327467521
1585930091619549187
758153011789258755
1439328810181218310
1442456962256433157
732697138124206084
1589367037243031553
1500814466
2750137782
51612995
1588274233083412482
1462876081522982914
1634676782740942848
1589475400425545728
1518821121499541504
1519014023718658048
1589632019021037570
1632591148698017793
1605405291142586368
2996656857
1632510267820056576
1369065478581350406
1436767598528581632
765526110016647168
752543790481629184
1529116062469345283
1096813245141340161
1560679359937236995
1631028409747791873
846949171680739328
1631911885879558145
867213615774015488
1025767175628484608
1631902408665079809
1558484898179981314
1577062313575825408
3013796305
1631384411902976023
970884857126506496
354627214
1384947715050811394
1525335411949768705
728657699345289216
1507010302084218900
18192054
1590395663963111424
1630657050996015106
4583477655
1568218487264256002
3355547532
131244627
1422775276014952450
1445766107378294790
1458720638
3011845538
1519077132273475584
1591894777469063169
1629155314389102592
1434293011991519241
1589875011115851777
1473832590536843268
1605862458706448384
1496693800894443529
1562710164762873856
1600960121051422740
36928857
986940357706485760
1506116753893568512
1436595407459688452
1586618016921718785
1602381520475504640
1529224132323418114
1594675501095915521
1589818838153138181
1483061099322875908
1497489318587293696
783829643375763456
390490583
1063234347568898048
1609705247970328577
1627723336922058754
1616921963406020608
1490727426783125512
1498078500250701828
871509082389311488
1593166302012588032
1044526333915615233
1208985418722631680
1337721502079311872
524328842
1590667101752139777
398415132
3041854208
1473537068253028352
371461297
1413913195551498240
1593371072661012486
1623267787669118976
1468005105286979594
1494825568046571526
1620517712337244162
899364963562672128
1593623025898881026
1589803204342034432
867151369211457537
370312007
1628435875863400448
807583488543256578
1590254363288690690
1609353101319802880
1212783455047536640
1469945997073825795
1595369968392019969
1617273338245615617
180009246
1167836920363139073
1603884282493210628
1429572390795812865
1017876092261158914
479734375
1216198907962757120
1623917125659160577
39930521
1623890986391797762
728188940411277318
1235430792089591808
1612386227721850882
709451112739262465
1434964981662076930
1920274747
1379565713803780097
1328885635139121156
1622038054494937088
2767379195
1620832674452766720
1621448529817239553
1361372751286697984
1507971293051863042
1621324884532989952
1474411411015147529
1593743529393750016
41369976
1619723138018803714
1599253152724930561
1594009568346050560
1211784762945236992
1290117756315037696
1518323127205437440
4617855976
718921939499110400
1597705721076158464
1229847645629407232
1593731049024110593
2806114976
3302016615
1266748594104733699
1586018316556066818
1608700061294239744
1481358876737998850
1618383311650299904
1570147987707273225
1581891219298439172
1597780375102803968
1081268652245176321
1604356709614592001
1330955362216923141
1429593798712176642
1513344120550563846
916734521374072832
992900680888340480
1467340048756613125
1613318936925245443
1616593576867278848
1559598317843128322
1608647024827678720
3026558980
1589388563258433537
795832924537032704
1586046265326014464
1546563719039053824
1335254696743874561
1484192080087842818
24206059
175573984
1351269368848658435
232407651
1488949504699154433
1550348008704815104
1608956491406483458
1549891525542387721
1601212126059700226
1486839910367596544
1520038701220438020
1428660640537714693
1608273003560964098
1548380459859513346
1253079396556177408
1612182740115259392
1612673235233165312
1265451076993646593
384055636
1473733867353878536
1610674745267163144
1173664698
1608599768263016449
1575180862735392769
1607269577922076672
1597333696935231490
1608872035471466497
791777928149368832
1598331379040673794
1608581595010662402
897659024489017344
1608223107726118913
1608104050540650498
729650336907046912
1452623596719910919
416573000
1104016878865920002
1585100019627171843
1401997563977424897
1607787786458759168
1202455716050505729
1254876112376610816
1540160800534319105
1607636906199728128
1607127627629842433
1606761044063535112
801640064316911616
3295372865
1402812296976502784
1566069859204665345
1591826287424856064
996953143802920960
286792384
902982363461890048
1588037352475299840
1606332798100721665
1527054214018605061
1539041943165906944
1385699139313278977
580605970
1447713351073730560
1468081030750158853
629466085
1436178913273782278
1432192298960490500
1347030074424512513
1002195874125139968
574941985
1565866700494589953
1545998948040486915
931934769851412480
1599080404585152514
1359155673091686406
328073949
1198071615822548992
1437227004596731911
1570418662430965760
1323417691185729537
1421974815393652739
1562052636714614784
1119126038133362692
1488443616528048131
939647234991325184
1606332818048663553
1531638941216292864
843863809
971157641912229888
1504087964518961156
1590907935420563457
1545158652172042240
1356774314788421636
1605709476547420160
1510142274923081732
1583561863534678016
1205227023016308746
3119326383
1483038381693091841
1605999568415559694
1605909815624097792
800695400889864192
1511630038864642049
1201985743729524736
267836884
1542610098333286401
1589617253485404160
1476761967159296001
2945499469
1601946362505007106
1564950905358876675
1590128048359235584
1597353125593157632
1599979013824548864
1557108072
2884948924
1600670018429079552
1355538675111780354
1586529355882270722
1603157759691743238
1211772956382072833
1601533875947192320
83957204
1601635018517848064
1252658558774251521
1592170735807696899
1570702461060452352
1596971899220885505
1602086903804841984
1596385436271841281
1587116884394008576
1600302038952329218
1898295032
1601377518703054855
809634353391271936
1595907257601912833
1601062664775819265
1600156596557971457
1599322070986416129
3115864453
271957908
959010910416220160
1590012234755080194
1534402770652078081
1599822995278774277
1324223208778813440
1519094852738326530
1587257962233577474
211907186
1566355497988628481
1485351915026358279
1470093837569871878
776503480144031744
1269070330213142529
1520176379681296385
1596857535142715393
1590888747523969024
1134584994301710342
1590322372074168322
1567726194338004995
1587486837764915200
1440980893427015682
904598434635587584
1521908719965114369
1589625743071404033
1305494124754284545
1588992844936658944
1595485442085998593
2267971763
1404790464730050568
1586027808119193600
1590497934323367936
139499789
1587951846404100099
1595081008964988928
1312259596594147329
1589439054692683777
891437137329041413
2186412362
1445367547654770690
1594572831295434752
1594152764992634883
1591481365081505792
1585575975013736448
1585971195379437570
1585300625553854464
1592127990724542465
1086701927356870656
1276652162
1590170762270232576
1586486669729009664
1592878981648367616
1301430625287565314
529332061
1590703923337170944
1589771008075911169
1590327110404829184
947941349709484032
1534705447097221120
282706947
24431333
186395658
1279209446586167296
1527582947154468864
1588621139273719808
1298781706527350785
822830346098135042
1587772192468701184
1589387703816167429
1590080344065294340
1563076658600427524
175260985
860998512254701568
1587697283113648128
1384573738264383491
1589720791725252643
953847938492481539
1589639888298979334
1587881734733025283
1550893806727348224
1589386821204512769
1589375465923436544
1254857421891284995
1587614171297767424
1327023808063172608
1470336734324011011
1115064908201308160
1586508106846068737
1476172549373448204
1586690967611924480
1519396865946521600
1037060604203356160
1569798597159559169
1447535701843656704
426059968
932993859025547264
1383086655070896131
1549797358849761280
1586687484859228161
11768272
1586117773851344896
1232303700
1228879926
1546612859341340672
1415593577069957123
1586094763937337344
1585672245128712193
1585679694715920390
1585626871877738496
1520094067295764481
1547288279971774464
1574213923082993670
1585421676874964992
1518699090548301824
1584622033844871168
1556285127688429568
1261002569100427264
1427402667588980740
1568210129828323329
1550558690683809792
1571307468952567808
1582816247053328384
1494648920
820110690195218432
1534695338174517253
1309452315645050881
1522542451076087809
204823164
1571649308751020035
35460558
1438144281345150983
4846198638
838457598303223808
1243943147744436225
283254243
378390428
1439206948222775300
2616207265
1564565154511085570
1567535722021720065
1566800196998086657
1536506471172689923
1472482882102829063
1558474013847855104
1130960824347123712
1523155894661431297
912375683774521344
1315838719807561729
1559999188926095364
1352020242109763584
1571975780103495680
973865971633995776
1578345572129558528
2455210460
1311064159128174592
1168014833461207040
1428348696509440000
834836709909131265
957452270203006979
2183073840
1517765799330516992
432571253
1527157768691535872
1575591767205822464
1512105705184145415
1251104261318021121
1403010024956440576
1375602578
4891451439
1593286520
1560395826714787841
431359837
1474059277731958784
2310912508
1462579612848951300
1574881910068809728
1460030017610649602
1550096241685561345
1361041935830568960
1560466773954158592
1519285152496578560
167660849
127538853
1572954912715321344
1550308785880584192
3010965322
868908566
1479956348871786500
1536743771014037506
1562240993524854790
1298134032627245056
33254501
490728375
24460818
851141054057168897
1498418745139675192
1453256019329626125
1517505719972601857
1546984873377816580
197615264
888108375510097922
1264222545965916160
1521821858861137923
1567971727157727233
1519066300961669120
1500956710185308162
1069970346890149888
536732623
3308983670
1493710429981487116
1438242583352774657
1364971239417249795
1230958562
1432361504247058442
1557730129794650112
2953690713
1563791579693068291
31246318
1509585475463356417
1565017241082802176
1110547701001842688
1569860119521009666
1159553444371402753
1461763009014112267
566001759
1309467718282813446
1147908724494950400
750500102398177280
150384900
1562607559831199744
1518774702336057345
1559567405256511488
1071182589262737409
1542758807750705153
1104027414231961600
1370472504188362753
1483647523315019776
1303065782700703749
1001480345701806080
788083734276771841
1544681682653044737
1565730897361510400
1483590265000583176
1567489979147763718
710972918663086080
1554411471433605122
1564962799910010884
1434142028330422273
1567250370040152067
1518746727808864256
1500702831002664962
408066215
1295899834751361024
405692295
1463786246178807811
1072134990383669248
1479683129271062528
1207686658587537408
1474606629572079616
102382741
757743403769528320
1366772123641987076
1564717271926247424
890585748315000832
1408272874155122691
722510770379100160
161190362
1022545380872003584
1550162557834518529
952116686819295232
25903411
788879917635112961
428349266
1545188615004848128
821541662677667840
948688862
1401003449312026629
1483893386817986574
1500720322634403840
1486360316036452354
2427844560
1509663418369949703
1562640344713289729
1562544196162289666
1557346777749127170
1498338798727487490
1471507312334438412
970781247537590273
1331342830384549889
125497686
854458829135900672
1559209829864017920
1403228270083051521
1430930229233651729
764455694707765248
1520998745097347072
1276306477
1275596592431730690
1354567935818424321
100720033
1518713593956499456
1553788590739673089
864241030744473600
473015654
1125628178184192001
94486589
468830721
314257959
1357782218014343175
1191226998405812224
942457017356161029
1132949048
1553209456435027969
35583219
1549671956
739013222569807872
976972086647324677
1554471715249557504
1553185282282758144
739595634907488264
1011067661231550464
1548842006742331393
1407831404914823171
1324820518487273472
1476991760505229314
713213181338984448
1159520390592339968
812662221658591232
1296408232253063168
1151542729
166751745
1550510800766308354
1547953485789818880
818181528643477504
1542961521789227008
1429520861443338252
1550500101168287744
818659129
799576666544730113
835876650764156929
701651067512160256
1545662033928065024
2960737793
1518917190761824256
1894835022
3318902369
994925579475587074
1549228067930853377
1505645644320440321
1429935196707639303
1511036852928753669
1309108626485846016
1134597016657567745
605870077
1427347624810749959
1487508217500471297
1544062193968332805
751596676888997888
959792760592232448
312848382
1359934549694836738
833510865949200384
465557388
1369468551032008705
1540125095942930432
1485760573040205830
1451544863883808769
1504215298102251520
1287357559737929729
1540422594565812225
1216818374417797121
320370596
948624755975888896
1383805148154138629
568611624
1050875642739351552
1512160127834591233
1481827120988966912
41400048
1481811012739383306
1533917440631001092
759789568392658944
1541903307295207424
1301784951277449216
1195730570933886978
904844509
17625383
1453720160586518530
561320240
330035909
1269666141074362368
1568964506
1095826783012900864
2742852911
3387726713
1446106585743364103
841009073277419520
1525646353791082497
1283057539458818050
30405799
478290267
1494864384010641409
1321203011142610945
1519490388612030464
1491155346626338819
753364769717915648
317210152
1349828861433962496
712844521126625280
1432921627856031759
1537811169297195010
1318203925326168065
434573147
1520571294265315330
1535281767183163394
1067959773142888449
1524119685561729026
1476444233439399938
1406360287872159750
1535954953910484992
33905880
413312369
1456079868588957703
1355899781613297665
1529863514239684609
726750375101886464
1268106159719804930
766992815117262848
1496985864412483585
1351576154629677058
1511357408794271754
1519359128291975168
883669729210224641
1270894341972688900
1506677096352997383
1509581842503987201
1435340411078430720
820033022862958593
1518748983505694720
1522363555978297348
749607928768917505
1355721251180961792
1293039197226442758
2904878821
103413933
1523626148806152192
1401345880620339200
1522706316376092675
1526392936572895232
1510265875789713412
1167036987439628288
1155449500577742848
1520699948941119488
1244011346057932801
752749072914591744
9688782
1145702015374438401
18205995
1030443493104275462
1375204226717077508
2763048042
719745008304263168
763247257361719296
1337826735207936001
1467477613052665862
1487968439692152833
499184035
756620199454007297
1894134102
1298023294050816000
1006667388
1467241825
1584525564
63532573
1106290072998084608
1184289498382905344
1325992976871526401
941115341488427009
1220135746981580801
1365811217307234304
1486910965333385217
1416526569552498691
1144780199873122306
951264586472112128
1507124022299049996
2187505229
1297396287990530049
1469513953097170947
1511174803218173954
1168644556226748418
1364242006147407875
1458221380185505798
2331779224
1559154078
782367417938747392
1495097016187248645
882751735655256064
1208531712193499138
1366619018656948227
1494989213426667524
975563242964701185
1467838514083491844
18990800
14503017
1276869632876576768
1481582232863227909
1496541367392256002
2793426281
1432129870943956992
4105765714
1499760633667018756
1498841891634245634
1489369519940321290
1487576483912687621
1469569125441683456
1004370121513684992
1466784840641097737
1068988948918267904
1489140355442245637
1496010964801626114
2586385549
887264594
1375319516448661504
1474385822778413058
2647929202
1181538165783433216
942149754041094144
747828821420834818
1246200724469485570
3226391988
908364949361217536
1490782033529880578
1320401686398144512
1313689119160184833
1266159767254376448
1487407835256434689
1212757194984181760
1098018107002638337
1485413848400150530
1481432656445423616
1479224220039233541
20319707
2591983027
1364007163329449990
1458494658338775043
1486054403048099847
1460467516246052865
1480707059117137920
1469083368956567552
1482861261771714568
264435775
16563082
1427794389355671552
1482567614299844612
1482302312576135173
748608249910419457
1462964405365194755
956997651177852928
431071870
1482555674127183879
1435994970574438401
1482000580914597889
1481773144427966465
1481347846435704833
1222718422276022273
1458307214700126209
1481678847456256005
822942758818062336
795662610708369408
46294243
1481399437427503104
1481328545175687170
1481327082261164033
1478914078982782980
1199430639231143937
1338458783375368194
1118290517748527104
1375915101073649666
1475025604164599810
1428988256440487936
1477473961428537350
394301933
1475465899712729088
1056323614872686593
1213565296893542400
1317108078
1275272770407063553
1475999015095386112
1187947586688188426
1298865992781594625
1437835591299698690
965693540150988805
1020079327168278529
339955591
1104347010230964224
1684443572
3000179660
1237339671212036097
981247865375903745
1197778168955826178
1441226796263895050
1468069265551290368
430671504
2359977164
823003518957211649
1471117337084444673
1237581663732928512
1427340647426662401
139618269
1469396707175768066
717223802
754293793613111296
1631235168
979700483853029377
467722042
1452635835287937024
1219604355021787137
832085735192817666
2595321120
955550189770637312
1158542103611432961
1465125380105326596
711157428730068992
1414924772610293763
718171019534409728
1455114073163640833
1434647890912219137
1468161276010504192
1095548968401096706
1298794616075022336
1467543725899399172
1427755430319624198
1456253984096735237
156379136
4341439276
1162531268711596032
1459152461017477125
837376608033886208
1420014817562222607
3146634482
64749038
1248258579565629442
812143614
838889800203526146
3135666467
1381544170456776706
2248147020
295435547
1336854958725951490
1313508743779364870
1460087227556507654
2606172150
1459822084150996996
1103336387011477504
1461390032229523466
1462605374133977095
1458109043260764161
839518280847089664
1054925184325435392
1350521817186766848
1406418973407776770
1268293656085069824
1140166239937060865
3307150086
1433025380764594181
1462302472567939072
1462036943517147142
1445317514762887170
1392908434174103552
1892059088
996762951112675332
944666510961856513
1422750562651713537
4200639435
976407655202910208
1368598350564524034
104274090
718600146619990017
952756536786395136
1282374605710036992
22659569
817034369311395841
265668674
1455714845333020673
832397935568642049
1143324892525260800
3102537224
33332251
828745725110603776
1441473805293998081
1447555405165604867
40625585
3127911327
1240400477218656256
2754069261
952982316447563776
1428146308737429506
1366209829140893697
926242381044830209
144608833
1452363629878288391
1444035476952846339
860993532038979584
967164447063191554
1385461673641664519
19717233
2660003707
1098246770612670464
1107772537717645312
2712124622
29444406
1427426413011996674
1217120445255864325
1432682050788548614
1241109933824839681
18706305
494355557
1234000168153944064
4064304879
817542983113273344
293946237
289541599
1423410671652380672
201036415
1441643028746158085
1229630497040416769
1304415721070395393
1433091860885553155
1427435142038052865
1338650573135114241
1352338328218181637
1445224176151842819
1044616121079529472
1424224817813852161
1151269539222622208
1271190261297811457
1201033581881167874
1369751090040889346
1445055417688674318
15055716
940457448078528512
1265528235581980673
627726748
732762103036182531
43974801
1347010013475299329
477089806
4701580098
1402288377064480772
866461465993125888
2891705420
1205308426563264512
25501420
802906520421879808
1320179636651937793
1377373377980215305
1373973231279947780
1442955304233226240
3058268644
963587769804230656
843603545664471040
1442487726696108040
6152712
1274692457913962497
942837695260319744
1184479080026128389
718537258534461442
3702396916
1438268953432842242
732612795078844416
1364763925380624386
503116940
1429231646474076161
1428413259355508751
1382055194872188931
1427371922967433220
1399889497144238081
1427417480465719300
1434653764108046340
1427652183605006343
1274909182278451201
2296977576
1250630948095315968
1716783300
1467554408
1425155793087864839
1428181569680838661
1432478235233640452
1425242923914911749
1429888192023449603
808886173
824428978698153984
1162305690515529728
3879285743
1429444915822530565
863268564777656321
1142606576110505989
1249494416403783680
1429734656006516738
1429561200858345472
341880757
1100437534365155328
368045189
309348679
1150996586572472321
1408541438
1427358257601990661
1427760617268654081
1306998200239349761
75297669
248784709
1416123280008822787
526000287
1421135631439171586
1325286030484836352
1420900535855718414
1104050924228616194
1401576932815351810
1938667700
1372014796728590338
1368698818083094536
1358312556981608456
4281849023
334710471
1045443221567016960
1402108372476850190
1100597984025300994
1364907040100012033
1210264145410564101
1389591367333072897
447471767
719976227637829632
14408872
15695772
1365364327792988168
1213638852482494464
1419483689868689415
1036353143049732096
1388334514892595201
1384975323255746565
1310839165592928257
1250402184
1418379028818448384
1415450783181594639
1031726898
1349125541937479681
1414481762894426112
14637033
1207725761530077185
259988570
1191364247982354432
357604004
141681670
741057139687362564
366443472
1416935150
17155142
1127304824435937280
1390726791946547200
1335339198220529666
1324606168518463500
1399063589097455616
1412945553822916609
954021544308690947
1191923436693663744
1320584986614005766
50851085
1401031152161505281
891830581599891458
1213013327149846529
9287122
2776819426
1366773443023282179
1288039706932858880
1097970386174705667
1357437213383028737
755794782211936256
1408501800702038018
860951135372296193
53369878
761568643654094848
69458899
1248474590625456129
146631080
1040102481546674176
292495700
329276061
1407472400246181890
1385186269421056001
1293295675749347332
1452888049
849088421377318914
915164199520792576
914890931488227328
1089568487335292930
59033797
794939532
1229862748512817153
2776153440
348737018
1366568967310094337
2477555833
1302578192616689664
259401312
1388161036692475909
1210535686534782979
193471040
1397726148239503360
1396971021605998596
2922181055
1280677095631355904
749222201656696832
722163102305935360
1382944093932814337
1242955764312006656
1251350418443112448
506624279
1368426927669866496
1405505449303048197
708372781
1369738009990594560
1402829467798671361
1012795873942757377
1336456347085402113
59456292
1404209270938214403
1291500401100038147
1251510910390337536
36530974
1345600452126236673
1365979620068253699
2752029255
1148620906492768256
1403738053139648515
1345603722378964993
825442822996295680
608671491
53986518
1382633053621612552
2562414642
1074421435920248832
2269864375
4848589650
1096283169899380738
37549035
1181657164559126528
704157833164525568
1286352761173442561
1093352520
809514027399385089
1115335918758453248
3373143201
1401461917101793281
1368466895175815168
1292904433161064454
17040852
1385733814685736963
57059621
1381919056941481984
27387482
4111016493
1325554108359696386
1049346770789064704
75699498
746357153271812097
93755227
382690887
1001770807
925443346293813249
1399222001529622529
1323421271795867649
1399185624104534017
1397615624646430724
21631487
3081026023
901021837
21651982
3087127383
1319333846983335937
1292129316709564416
1065117682800910341
1280976890
1170424975116918784
1362878063277715459
1094766851077300224
801679291335528448
1331000426922209281
1311818368438149122
4893854541
1345458526441771008
1345043965846949889
1132145676408762368
2918039334
1394767413925777412
929894628190498816
1329570118943318018
3816418033
749767814366441472
1112909802978521088
364687466
828253251535511552
1394402013220425731
1104161592021864448
1347936553247629312
899323715225178112
1264256390442385410
703421222
1163255829937688577
1385645123250364419
1036001567252652033
2296488261
38567942
1343205640819322880
1367611692230856705
783374230444400640
1013127858963861506
1004941619655737348
1336384611190976513
1406382151
1387976917660454912
210218107
263708316
1314320302785126403
1152697504036769792
1384884975229677570
16689075
1046216000981684224
25474495
1154765648
1116548763168858112
801927939910549504
1185554130552705024
2824340151
3412004890
1287216534
2938370841
1351438470904950784
1200626891838951425
752843798565228544
407344099
1376300673122242562
1038989217253212160
1368445479705579520
982664329
2808957630
844434316943904768
3033128427
873121346
1251260294799806465
1267270383826358278
94120963
1021130041
1162108829980663815
1366920519589777409
3228082189
1382472968308199429
1644089958
861520656
815488657540792320
189778932
1225924936583110656
1902374244
258005502
1379833424844836874
1341037185122889728
1371441649608458245
1233283234105921537
1232648294
1284906040966946818
879716667462430721
2566421205
52471889
1345546592808542208
1289906088452792320
1381073777950265349
845430108324167680
1346979198938869762
1380684373536731139
18857877
829846538969038853
1376673700192346116
759889234295525376
1176624876054036481
935871324806942720
1127275257654648833
713091070666493953
988611729553846272
3401204506
713377689743335424
1172324726074560514
1345534790813024256
1071768756626571267
2972985470
2475623330
1354395941906894848
967515905298112512
1069422303816138752
1377346540667305999
1377840219131670530
1350090273704075266
613863620
3429305308
1143934963
1123042964366868481
3239955086
1371457343658078211
2996174288
1371437424337948676
565959125
718303168875139072
876749367952257025
1253178113225187328
1126416112726335488
1267570094978162688
874357850117554182
1303774644424577025
611015486
1375550250644078597
1366407036708278273
388710046
848276549308739584
833229686301827072
1373329724890607617
1348766379223048192
1280537298254340101
1367695639530729480
1316289225881313281
1246590053343690759
1367134545745567746
1368693404020977672
4062912195
1214659202402148352
972654691434692609
1365076229804670978
2730264319
3302461004
931604959195475968
1367584818586939394
976853859703427078
1023237049044873216
3313329508
1056734322907058176
1093677824735625216
792236584808681472
3018742509
1361428989605261312
965402240855896064
320381808
1366148571326726152
41778460
846856945919242240
1008141607282118656
395570406
1015295486612291585
1143055777197907970
1109202510386995201
864606638594023424
788794717806919682
4498776677
1037372973185937409
3413276129
856502627995074560
1308757290577616896
1226167963
