1577468354914295808
1490466596531355650
1594155869717123073
2780416996
1707947579017777152
820033022862958593
1657810981941125121
1601325690451795968
1707768757534257152
1707030491453325312
1550512528089911296
1667135211065278465
1605709476547420160
1498338798727487490
1684339536405450752
1706486429948289024
23283834
717121215727591425
1706007333644455936
1705928441839656960
738911954413162496
1435810249404043267
1451753384764116994
1586018316556066818
76580106
1445367547654770690
1218336944335347712
1437227004596731911
1680775459536269312
1564950905358876675
1637856834068398081
1384573738264383491
1475575699247407115
1698807158287048704
1605395540283375617
1652040611610894344
1453821155689836548
1675997301708591104
1524226014271913984
1187652746
19581053
1612673235233165312
1586128484870590465
2246299058
1685082305772072960
1025274127383494656
1056985920476536838
1172543040113844224
617551313
1461242887333683205
1041042565267697666
1693006993752014848
350153726
1695136181015465984
1677115529226534914
1686402602462830592
1628085470310662145
304211325
1697088636628373504
1653756742042353665
319139933
1228189060587372544
1569670412229025792
1588985053308239872
978707251430088706
1694355660182282240
965431702838566912
446282869
1688575585868505088
17903343
1620832674452766720
1690763701094404096
548258435
580605970
848014739976331265
1519298358980059136
1599979013824548864
1144774139896565760
1233541983999791105
1691554784615059456
1141631690
1430809445878075394
1393739097638850560
1349170292564905988
1274692457913962497
1147200661819396097
1451941051334283264
3418210767
1597353125593157632
1678822567748988943
1507010302084218900
1686193280290050048
1690005073538031616
1606154978443280385
1675293891921162241
1689825113665855488
934443084263448577
1110434154
1622785697756086273
1445769687028011014
1666790093506347016
3318902369
971921107992350720
1412582528381337605
1659177882449752064
1585805526817972224
3260285413
1545099891587928064
1254857421891284995
1656661051042308102
1541903307295207424
1218734874540105729
1676957056392372228
1343140363469344768
1668327007401447424
1585145206776553472
125230358
1648092911853096962
1418417753145364485
1424796109373911043
193848880
1587160059150221312
14790524
1681824703336308744
1678884980183662592
1440690222094716937
1552343731222654976
1473767300683599872
839299729230020608
43059244
1674683690683858944
18604137
1478045786705317888
810164143
1631927295005843456
1469849122333204483
1387219918597328897
927385611010543617
2910022539
1684063272285405184
350822109
157720970
1320551055843799040
1535094897606369285
1644692996976156673
1087380412089987077
1455249040493449224
1670915963359752192
1492007194388279333
1682551139110211585
1155886120351100928
1132551682653655041
1682500013039968257
1682105900474028037
1593623025898881026
1640871705781600256
1651085790657540097
1560480384118407169
433365936
1349149096909668363
1585300625553854464
1679227940557533184
3373146857
1529869241691869189
1661871641096323073
1422280571150118912
1679461008534913024
1196241374070353920
1245544145428664321
1679134328326848518
1675185469431185411
1554428524991324162
1585290071921631239
1013455002
1606220027950161920
1597127751248449536
1575296744342052864
1555221266746990592
1489140355442245637
1480926325091323913
1675378570351480832
1589471069794177024
1214968787805585410
1238511837722882048
1675131709027676161
1537889878280503304
1455576852492324872
1667175518544748553
1527582947154468864
1675941851113684993
1427435835624931331
1663574554743128067
1605852902278430722
1433090320909180928
1675297129365946369
1674900786248302592
1597967069798141952
2243716134
1590128048359235584
1527027191552294915
1110319628884938752
631781675
1483647523315019776
968875021753036800
720305760782036992
450235955
1244185931206311936
1546563719039053824
1233746866375970823
34774231
1116535440235012096
249661746
1513548228716744706
1211851854071484416
90651198
252165928
1544408838308171776
36749572
1662403027431567363
1621584220488433667
1662607371284148224
81371986
1393492122217615360
966821224595804160
341880757
10946932
1670150779544432641
1357751800078688259
1669845237705977856
3888351
116363549
1669713486362935296
1228419585839378432
1603587073121861633
1297839315326836738
52642209
548263294
1597623765940281345
1439416945787510787
1262412529944481792
846038308014755840
1665931515773976576
4735176079
542242217
1527657610597519360
1662136302848950279
803257620890927104
930212715422998530
1299787733548834822
449700739
1272359012110082049
1507971293051863042
1657890405286043649
1609353101319802880
1564703324967907328
1656485133195804672
1522363555978297348
184671789
553731994
1646714741556121603
1581378983001837568
1125642706149994496
1535281767183163394
4861135554
1639001777944121362
18989355
1358772893468012544
1462997203396354049
848229428
1446465174
1587646585860677632
1267257106652172289
1241182970154749952
1657079695131697162
1601035034898702336
1628042849932517378
1385601232836993029
1595357806135238657
2651167933
11391772
1492073744407355393
509687746
1475847998928310276
1522706316376092675
1534705447097221120
1594485744080257024
1521309472513306624
1319036828964454402
1623430756608495617
1655218197287821315
1527581805318049793
1559650033686953990
1618383311650299904
1273639475340554240
1468100244831363077
1638707182731509760
1585882952013123585
2505607994
326498758
1138396700
4489079652
23379938
1647906032398774272
1405939765078335489
1559556660640849921
1195946358
1302203461900083201
1384947715050811394
882718501093257217
1191226998405812224
1637169684570095616
1644462490464444416
34743251
1588037352475299840
1520996829021675520
1270516351682195456
1367611692230856705
1231793597457911809
1628969139082768384
951302891708583936
1252187964710326272
83957204
1543535465323810817
1375588089737908233
1640775978757820416
1585398973153656832
1348802338551693314
1586750869483167744
19222164
19956739
1369381753090174977
1603997064626479104
1550448033074118656
1641561265104625664
606403456
1640892150857756672
1640982735140581376
1179396972324802561
991741610718257152
1590402361310289920
1598176077179928576
1638063078829969408
1586939104427745280
1308549999165407233
2612891066
1590920329228341249
1608931335560892416
19050667
1608273003560964098
1500814466
1596875354584514561
1462876081522982914
1605405291142586368
1631028409747791873
33332251
846949171680739328
1025767175628484608
1631902408665079809
970884857126506496
1590395663963111424
1536743771014037506
1458720638
1003645782803861504
1621448529817239553
1541565665340956674
1501127991937712129
1488443616528048131
1589387703816167429
1546612859341340672
267885642
1365811217307234304
1254876112376610816
1608647024827678720
1434964981662076930
2485559964
1622038054494937088
1361372751286697984
32002507
17028405
61630178
1340447288582262784
1593743529393750016
1619723138018803714
41369976
3939574932
3995778614
823003518957211649
1597780375102803968
1330955362216923141
1468161276010504192
1081268652245176321
710972918663086080
916734521374072832
1559598317843128322
1616593576867278848
795832924537032704
19899606
1393287208426082306
24206059
41441006
175573984
1575180862735392769
1550348008704815104
16613128
1207050674875314178
1207069611562340352
1613637884875087876
1261270683285204994
1520038701220438020
1612182740115259392
1265451076993646593
1538705932799987712
1552795969959636992
1590907935420563457
1608872035471466497
17874544
1549461766983360512
1608894912615034884
1608581595010662402
1398376668192985091
1452623596719910919
729650336907046912
1607636906199728128
1202455716050505729
1607127627629842433
801640064316911616
924478805015531520
1343935155354947584
21614780
1591826287424856064
1432192298960490500
1127229251466326016
1335254696743874561
1119126038133362692
1562052636714614784
1462579612848951300
1605909815624097792
1594572831295434752
800695400889864192
281851419
1201985743729524736
1567726194338004995
996953143802920960
1542610098333286401
1557378141659795464
1476761967159296001
1600670018429079552
1603157759691743238
1367920670550745098
1601635018517848064
1592170735807696899
1465347964252180493
16374678
1587116884394008576
1600302038952329218
289548939
23129429
809634353391271936
1589771008075911169
29912070
1601062664775819265
883669729210224641
1383086655070896131
1429935196707639303
3115864453
1599322070986416129
866005696428384256
1276715545551831041
912729106344579074
271957908
1522542451076087809
38271276
878333312288161792
1494528299518803976
1228725160376664064
776503480144031744
926054168753709056
1269070330213142529
212413613
1134584994301710342
887434912529338375
1573074338542133250
1590322372074168322
191167764
1152697504036769792
1115791460392157184
1305494124754284545
922267018526707712
1361452732708769802
177101260
2267971763
1248205883852685313
101852818
139499789
971841850695979010
1595081008964988928
1531638941216292864
850036892
54653299
93976042
1593658438416056322
1592127990724542465
1585575975013736448
1594152764992634883
822215673812119553
1591481365081505792
25073877
1586486669729009664
1467563230084087810
746884292689571840
1586094763937337344
529332061
1451544863883808769
822830346098135042
2945287090
1590327110404829184
282706947
1587881734733025283
1434720042193760256
186395658
1275075740401168387
1279209446586167296
44951059
14893345
1298781706527350785
1590080344065294340
1589720791725252643
1414226825434198018
953847938492481539
1589639888298979334
1301430625287565314
18584875
1589386821204512769
1589375465923436544
40891771
1176004076
2542291
1355662042867376139
1470336734324011011
1115064908201308160
3214466631
752567226
1519396865946521600
1458892174330896399
1431020912220983303
1296278085570985984
932993859025547264
1427197567759265795
1569798597159559169
1586690967611924480
407344099
1228879926
1585679694715920390
1547288279971774464
1564962799910010884
1520094067295764481
1352020242109763584
27000730
1401576932815351810
1556285127688429568
1428293763143815169
1566992289578221568
375852740
1284660946229747714
1534695338174517253
1348782745070292998
1438144281345150983
701088276
1216076954375421952
1339166129110065152
1397193602330251265
845134858091356161
18391051
1578345572129558528
1281062539581939712
2455210460
1316189605297901571
1428348696509440000
1469851247133945856
1512105705184145415
1093221897125482497
1241898026899292162
1168602904623747075
1251104261318021121
15684840
1338458783375368194
1559567405256511488
4891451439
32503010
1022545380872003584
603155306
1570749041293791238
1537225604554031104
130537001
41634520
48177630
3308352436
590195750
1550308785880584192
1479956348871786500
1489956224179261446
1071585991
413312369
1419713163856130054
1563331046644453376
2259809232
31246318
711535251835629568
1499082419965677568
1567489979147763718
1351610277536489472
1554220403794612224
1543245005028040704
1133847556516122634
129009730
1272961221151600640
161190362
1588068188
711773241874849792
1270821877506666497
821541662677667840
890585748315000832
23359932
1239302704230531072
818568920684756992
455764741
1479683129271062528
1388889444988641283
1155449500577742848
18914226
1064749894617972736
1503491238359539713
1562640344713289729
1562544196162289666
1428660640537714693
722163102305935360
1342174584594960384
1545575866389991429
2865078826
1091445103112138752
50721340
1520028377457078275
43277789
1384579353217019906
1525646353791082497
1430930229233651729
948688862
1549034855408848896
1518980094949314560
218718269
473015654
1354395941906894848
334739729
1369468551032008705
739013222569807872
1554471715249557504
1553185282282758144
56561449
1489389200445214721
1506386193663021062
166751745
1095735806197710851
18929234
1547953485789818880
818181528643477504
45951402
1158542103611432961
1550500101168287744
701651067512160256
1549797358849761280
1549228067930853377
1505645644320440321
1309108626485846016
3295423333
2352629311
1539847215195119616
1370779040949415937
1268328941678444544
312848382
1366772123641987076
1395692103410331651
843904157081845762
1540125095942930432
1058156687071293440
928659452378656769
9545002
1540422594565812225
1383805148154138629
1216818374417797121
1030328948419227648
4337909658
1512160127834591233
1481827120988966912
2712124622
1483893386817986574
1606029594
41400048
1481811012739383306
759789568392658944
1524050164490637312
1210702435435655176
1095826783012900864
132199286
1269666141074362368
1568964506
1271190261297811457
2742852911
3387726713
1437254522963910656
841009073277419520
1254221284948365312
1283057539458818050
30405799
1064535738
1531468688620023808
1412945612522283009
1477466196966576128
1519490388612030464
1230716279322841088
753364769717915648
1179760180436832261
873427520074461186
320370596
1537811169297195010
712844521126625280
1534741885079756801
899323715225178112
116580073
1423621883333947393
1396971021605998596
1394680198705123329
1535954953910484992
33905880
1181657164559126528
1447687802913648641
726750375101886464
1468662864353415170
1071768756626571267
2419629260
766992815117262848
1496985864412483585
30699048
2672615846
1351576154629677058
1317108078
1154765648
1486068736306167823
1518748983505694720
1435340411078430720
1178347673910435843
1368385594464800771
245567280
1293039197226442758
3308238607
1490815280817258496
1523626148806152192
1526392936572895232
1085403425527996416
1524124324038328320
25029495
747828821420834818
1353266784321855493
942149754041094144
1520699948941119488
1364243173078261767
5943622
9688782
1434653764108046340
1149828331937959936
1520136498967990274
16113700
201066140
1346461844496498688
28021635
1016908862136332288
719745008304263168
13298072
1187947586688188426
1112909802978521088
183739654
1032468021485293568
499184035
1298023294050816000
1316572140091699201
1100919736404197376
854746255431315456
190837453
1584525564
1516512135630790660
17198100
880602945632575488
159259276
860998512254701568
20319707
1486054403048099847
1462036943517147142
1486910965333385217
718537258534461442
1181538165783433216
1144780199873122306
951264586472112128
937019285901164544
882751735655256064
1469513953097170947
1491227330781536260
21316253
55331344
13111552
782367417938747392
1290696356194000896
2331779224
1504956528914309122
93059585
1054575953169604608
12
1311739895787016192
1408228756821622785
1366619018656948227
47611401
31667539
31700619
975563242964701185
739595634907488264
1005007371159068673
15168829
163535774
15750898
23820899
896466491587080194
28614262
1161261376846946305
1276869632876576768
1777794372
1481582232863227909
1496541367392256002
1472258472674791430
967164447063191554
1213638852482494464
972569324
1475584248404971533
2793426281
1432129870943956992
1020058453
1498841891634245634
514800409
1172496798923087873
864241030744473600
2407993940
1343074678450102273
1486620714899689475
1067540921451986945
1638671258
1492860789358829572
2763048042
1106290072998084608
1153042794375712770
1302278544417058816
1146508215468908544
146229474
1493223945914523654
1364838885138702337
1366565625401909249
3257368988
908364949361217536
1320401686398144512
1490782033529880578
1313689119160184833
28785486
2349347329
1459822084150996996
1365143274726576131
1212757194984181760
371517059
1173621927937789953
1446932149148344320
118567880
761751179005140992
711623702853656576
1632772304
1469569125441683456
1478260369269297160
939647234991325184
1460467516246052865
1480707059117137920
1184289498382905344
1342642197422891011
1306998200239349761
1482302312576135173
1482567614299844612
1437835591299698690
956997651177852928
1335237183234519040
431071870
1482555674127183879
1481773144427966465
1481678847456256005
1279939091417763841
1268032640042414080
27479025
1481328545175687170
1481327082261164033
3895214232
1442955304233226240
1478914078982782980
1118290517748527104
1010373434843566082
1403738053139648515
61577676
1038180252269375489
1321203011142610945
1344356576786866176
4105765714
394301933
16725276
965693540150988805
1684443572
418478013
631310817
1237339671212036097
1451131758154498053
430671504
944759630131023872
1468069265551290368
1432682050788548614
1377840219131670530
1371441649608458245
1471020328121823232
1161320496559984640
1290635110149169152
1631235168
1298794616075022336
34655603
1452635835287937024
22659569
1336384611190976513
1403237176528101381
43974801
1465125380105326596
436463305
22307765
1109891841552347136
1162531268711596032
837376608033886208
485288051
838889800203526146
21480702
1429511671031152651
1065249714214457345
1873277766
839518280847089664
1054925184325435392
1406418973407776770
1433025380764594181
1416526569552498691
1462302472567939072
913062595216728064
856162158845059073
1392908434174103552
529540495
1563299498
976407655202910208
1433997706981253124
1022693675250249729
1352366499441336323
1427340647426662401
535643852
620541682
2359971372
368711188
1268749167427543040
887264594
1455714845333020673
25235151
832397935568642049
826261914
3102537224
796208346512629761
3127911327
1326229737551912960
1366209829140893697
1096283169899380738
1006667388
926242381044830209
1452363629878288391
19717233
1385461673641664519
1369444443292635137
1098246770612670464
14862190
1034816090243780608
886358633646350340
29444406
1063202045950418944
1241109933824839681
16689075
3292463759
1234000168153944064
2610099344
1197530802080374790
1046906136866279424
1366503200862461955
1352338328218181637
765885876
1247223374717296647
2626059063
15079601
1347010013475299329
1373973231279947780
35583219
1442487726696108040
1184479080026128389
1275272770407063553
982675379319132160
21722318
478290267
93755227
1250630948095315968
1242955764312006656
3452245161
1404805140675272704
1251900966770794498
935871324806942720
1355721251180961792
1159960047918538752
1467554408
1401291757367795720
749607928768917505
78964894
53506915
952116686819295232
1025410166483832833
863268564777656321
1370156637432975363
881281177667203072
708635988059406337
1329891389430243330
732612795078844416
804950994786414592
1100437534365155328
1429561200858345472
1150996586572472321
1009588379640528897
979700483853029377
1408541438
175260985
1500129642
1388334514892595201
3133690188
3262160865
27995424
1204868621505302528
75297669
1416123280008822787
2818659595
1329570118943318018
1104050924228616194
1259874126979874818
761568643654094848
1337826735207936001
44067298
322851412
426059968
713091070666493953
36771147
1369738009990594560
1372014796728590338
4281849023
2562414642
1393652927986913281
1390762874809761793
55329156
1045443221567016960
719976227637829632
1343656635907125250
1365364327792988168
1031726898
1415415586604134400
135654493
1418385516693626881
1242555230702710784
1415450783181594639
357604004
1325286030484836352
1382633053621612552
14637033
1110309655186681862
1207725761530077185
1356168946609750016
1917731
1268524822029574144
1633141729
741057139687362564
39308549
141681670
18956073
1388161036692475909
1017287701010132993
1390726791946547200
986232040021549056
2985479932
599817378
1399063589097455616
34082620
1336545880015560704
1403609785161953285
19682803
1303774644424577025
891830581599891458
827776722795913218
1305776784714207233
1388096109424242689
478855762
2852597261
1312302974002135040
9287122
15986949
997295617172033536
896731633704947712
1008916382078025728
1100776937004457984
1408501800702038018
914890931488227328
1217398872445739009
1248474590625456129
329276061
3066800573
1055481548689039360
70295497
22948692
31746745
1397726148239503360
3222838619
506624279
9542972
1402829467798671361
823448611275022336
248784709
1359923836356018176
1251510910390337536
1212783455047536640
1365979620068253699
2904870923
842619014
10904832
825442822996295680
765909323545513984
1217490613668663298
1191383915434520577
1229443127435546627
37549035
866069141576441857
1019625316187295746
52471889
1115335918758453248
526000287
16228479
1135183911850582016
19031057
210218107
1001770807
1325554108359696386
1319333846983335937
1399222001529622529
149913262
462104542
805813819956166656
963419833806319617
34367582
14662354
78523300
214924095
1392422281947717633
2870975586
2972985470
14669951
775696688489099264
1006521602769481728
16973333
49698174
1381083480658898949
2935489123
1269252865664704512
1394402013220425731
828253251535511552
57059621
1542228578
15438913
1367531
1104161592021864448
907562109826985989
892130360888352773
35941034
3310972141
1036001567252652033
2296488261
778763106289758208
1081356422997250048
20609518
1365814169581281283
3041775900
263708316
1314320302785126403
1904866352
4865550959
18956212
19417492
252398355
259988570
262375914
1151542729
1324850911848660996
4254009279
965451112395415552
1353040053602316289
1902374244
1354501873412284416
18469669
903228570536996865
16331756
189669352
801927939910549504
2794848564
1381544170456776706
1213227521392558080
878247600096509952
1375915101073649666
17040852
982664329
1281587153668055042
990317363915579392
112047805
765618069062422528
1381073777950265349
873121346
26005689
35873420
1022055263086374912
2918039334
1329307685037240321
1354228711466426369
18247062
3609762852
861520656
821909775751479297
4627081402
500368977
154260962
815488657540792320
3081026023
1050875642739351552
838457598303223808
2296977576
1174708184126300160
1374405687359377411
18857877
275276082
18706305
759889234295525376
715044396
826065164504006657
1299007622968901637
1125695096
31064165
988611729553846272
3401204506
44424286
1172324726074560514
1345534790813024256
2475623330
967515905298112512
27012070
2996174288
1371437424337948676
1273299433783013378
713377689743335424
380285402
22703645
305211380
3103685384
18643437
24127811
530994160
1143934963
703699161183555585
718303168875139072
902200087
1375550250644078597
114060003
1083416987479535616
611015486
325979892
2835451658
879716667462430721
818905354205622276
844434316943904768
375721095
18856867
1373329724890607617
833229686301827072
1004941619655737348
714234573345931264
859409582426251269
1093677824735625216
1494648920
1112003189895806976
1345043965846949889
223595894
13850422
1367134545745567746
1345531730116153344
7227662
19739126
715979593090359296
27522964
258005502
1273011895486877696
784210643427725313
4627236323
742823052354945024
962714807983071232
718600146619990017
1368693404020977672
17182043
15392486
22214972
1276652162
601535938
4205133682
2996253413
1230848592
3239955086
1357717304931479552
2231109295
53979469
767960339547774976
1214659202402148352
2704294333
196168350
848276549308739584
1012795873942757377
20800915
972654691434692609
783374230444400640
931604959195475968
972909709
320381808
1367584818586939394
469960224
1069422303816138752
1145702015374438401
1176624876054036481
306389855
51241574
1209417007
1023237049044873216
189305014
1056734322907058176
3313329508
1058807868
209693451
487297085
3018742509
792236584808681472
1102987848741998592
2853461537
1043185714437992449
3267456386
976853859703427078
1361428989605261312
2884771
16664681
6942422
846856945919242240
395570406
1015295486612291585
2730264319
1037372973185937409
1109202510386995201
109298731
9581122
17469289
1352973686232510465
788794717806919682
4498776677
499230066
4914384040
110835004
1069720356552916996
592730371
873051724604334080
1201670995435646976
3413276129
4196983835
856502627995074560
1308757290577616896
864606638594023424
18266688
1226167963
759251
44196397
11348282
2467791
