1344356576786866176
16752675
3980516359
1354228711466426369
114060003
1299007622968901637
1321499645697159168
956543009658671104
904809776454000641
826065164504006657
292634416
478290267
1347269285727653889
1316495709814747136
249834807
1353983860598444032
2379531505
3291691
915719718178361344
1354279519637614594
1335290259651899395
1353040053602316289
1329307685037240321
1300945465580695552
1016203122
1041044330092195840
357615017
879544389021904900
2826804048
1069422303816138752
4829941521
1347692614963744768
1347348048196882434
1212880411887489026
820808196956655616
880602945632575488
3044789284
1030013098730475520
1343727888336482304
1008508123412299777
1203880363
944864788336824321
1019625316187295746
1100525378043604992
2493528643
2172596028
2626059063
1340371272354684930
1174708184126300160
1290925531148554240
1339263581511159813
1120799561260437504
1151629504089141248
42435931
1276956778782248961
1205166688389320704
1317245448822902788
803420516438724608
2784335164
1013265774067310592
1107810326526001153
1146714432803753984
757832485
1018948984264642560
1231939616653107202
1286866071283093504
4497682306
1323996330730180608
1275952472188760065
1251607619560771584
1270489357208649728
1004070871097593861
1056740805723877376
1323297522933239810
749016639287414784
68599584
712844521126625280
1204002460395806720
933197582662123521
856669670744748032
17908294
1158825025056563200
1263205289618214913
1316774433143640067
2414798558
966823651495628801
281065795
837322733784485888
1078432689957556224
1285504186914942988
129019194
923622293015793664
888898460384210944
1102987848741998592
1302278544417058816
1310060918018056197
921417467313967104
1242142787904114704
1309924601670111234
289423264
1234000168153944064
1303407122017849347
1202291058077511681
23951440
948330059428843520
1059243682023391232
592730371
1305604982566256640
882394506435461120
711361894775398400
1291500401100038147
956997651177852928
765909323545513984
802480365386526720
1162899685670965248
922251984878567424
1034816090243780608
3066800573
187680645
1264663304573763590
23010860
1299338401167048707
700462997810999298
362619238
23549130
266806337
1293668848462254081
75279569
891098592869404673
1298692698518429696
1232517078130647042
20800915
253520378
518852512
1293311800864382977
935843606690254848
1135731778541445120
976569885009485824
18961404
951672097423740929
921916347562577920
1098091506886471680
914374402183237632
1218955796605743108
887264594
1211780664703340544
1218687933391298560
3257657167
1113190711250313216
1159818172452786178
2475623330
1261588327255420929
4885613402
1062395654696128513
17060573
1127937954637389824
1268749167427543040
1196070618921406464
15392486
1282465580260499456
2891994706
1282740676808060928
2853172431
1022693675250249729
2937949498
1055519571703197698
940124009798209536
1280852842862034950
189870199
1155472988290080770
257145200
1192471267779260416
3924885327
1054047079599882240
248938388
1236707545256951810
1251510831877107713
1217559748557647872
1275613587566821376
1061860628
1201670995435646976
177564016
899401541177622528
2313027666
2694459866
1024832168768483328
1112003189895806976
1269783673198567424
846856945919242240
991741610718257152
1037327180810911751
4012983256
1234143534812483584
752896090681204737
1267257106652172289
1267293188814802946
1071351177357463552
965451112395415552
1500129642
1094065498260615169
1270911243180703744
1139297111638446081
1645409810
1271111825887813632
859409582426251269
1222773302441148416
1172324726074560514
940508505663877120
936238338356404224
1269649283952893955
920028217
1011484278239191040
1149881262259265536
1007134548055003136
996272419
179932936
1251664189673934848
1000553231821561858
1055697719354908672
793737262542356481
1155057826584096768
826261914
1268189411323281408
1063961320532324353
1216454244536127488
2289859485
16803117
1014193568
828036716749414401
4418414504
1266859397084516353
262375914
1236771875172343809
1895640367
933865229850632192
502156623
1237413856265322497
1065415419127898112
935580181225529344
1092711257789087744
491413472
944759630131023872
863740956910043136
985971296235220998
1050478262009262080
575945430
95142015
1060691715756044289
875687524143968256
2181493660
963175761745195014
366449865
1453400521
1260257427120939011
1649363450
241072354
1235301391104716800
297655080
1202543449850798080
924836857988313088
1166366182569598976
1235321942640603138
1213537719340552192
2481356845
1058681997197959173
1235700070651064320
4415366053
415138288
617551313
21522338
874856436588838913
1084649480564166656
1084649480564166700
889578132105285633
952626408496488450
1215684797697155078
14079408
21480702
347562985
856500980766171136
1302485041
37295817
1107732377256648704
266816841
803386766975713280
90813976
1180871463395454979
1241123916959096839
311902008
263471180
1239301297255432194
966299443401195520
986326330944864256
2787424682
1234665266388373504
908094848749719552
31064165
1228189060587372544
1147920334248665089
3295423333
27583598
2253297418
56497037
2426189960
1226902070705491968
2214652482
15079601
1218336944335347712
55730130
1222899551448645638
2704294333
3108666882
36442519
1151542729
1099343905634553856
805502502028398593
43661233
1152662634161934336
47190382
1037700378240987137
29921247
1193303590766600192
1185977202569076736
36053632
961504257051521024
1949272500
3214466631
1225135593937465344
746509515131133952
1100266332283559936
134891802
3486419713
3591987254
431652945
1104165722996043776
1203448778948317184
1174445804985167872
1203177816793210880
375742729
1567341092
1138844783609286656
402290737
1021807348132794368
1218324988966531072
193015501
706939333786230784
723349112070889472
24506246
19489239
432557320
35184346
1061622238959583233
47436923
14276734
736582619886800896
1054946877374951425
1059883746118303745
161685142
1727777198
3741032655
1074208018034774018
1059871261092929537
31301911
31946025
836219692763078656
363510768
28639189
410318537
548258435
1219450758044758021
1055217338763624448
1221445763118649348
908548248368852992
3400737969
119137286
1210426191334826000
1139311864532340737
720085546983235584
2834129892
886810743127060480
137474474
136024087
1204812708312440833
415589384
3093242123
26572460
874366802096263169
1178831253161697280
1148384329657200640
1106890204294627328
1205610423665475584
850129855337435137
1012776873925992450
1142488109654904834
1208105839254556673
281851419
1137684447686529024
257186608
596872028
25721806
1124556025712062464
1187811999775899649
1075216949347577856
1179065850755719169
1106698965947432960
1931893196
841569150
866771086012231680
1029127465699037184
3325025921
1027488180
4529971048
897727622389665793
4091789427
1098318808710811661
1026835556863537152
137524817
1197186629292703751
825442822996295680
825592107272388609
1196873493629026305
77130240
784665469403877376
1191254241941377025
790781142857199617
2201831058
752749220952625157
716300518784688128
1084308504406421510
1187131553392087040
92844900
2274646646
1146509923683131398
973576766651592704
1047214654450294791
1135640180012900353
1183041326993948672
3410843525
1189955820907315200
85784336
211608220
952262175128805377
1188866723627192330
1142064494157451267
873427520074461186
771148244432719872
3095130883
948303184019193863
262424642
1091718864952541186
37070732
967515905298112512
715044396
1160594566573121536
2434443876
1184570418511917057
743907455369773058
1125947439905742849
788902922113327104
16197780
1107805505844641792
1182805159849725952
1160439476423757824
1153334492662312960
1065461244
732795673
1136770786713329667
1058298327094251520
1097762760014712832
1145702015374438401
821909775751479297
1177478752751644673
749607928768917505
1179085067122929669
1166572800796180480
993782191439208449
1174853831848529921
908863517050028034
882271951523168256
1158642885077753857
817379985455345664
926974140312993792
721478458518286336
832667646764032000
1175109271387824128
3009871927
555182642
118406943
1150202411736358912
2841773610
3005203860
1155805282997559297
1164176887712796672
2784193669
35873420
1127547875301494784
1668798948
565959125
734192215
956167365330272257
2740108585
1171426951954759682
785256721732075520
1089983811784531974
44114927
1096886143881220102
875478110048858112
846739637779476480
346353732
3740309894
1901185670
1163214721690087432
715435146015473664
763943280966905856
826525977228541953
1173348081951289344
779209579
1531689397
1119000592255520768
1166880735212576768
1154897094450302977
1091972343939895296
951132965471440897
23585166
94362332
915085129847996416
809567324529446921
1041702448795013121
1058533098311335937
2467844166
54380372
2794848564
3415037892
987216169978548224
985121545789100032
998388367636226048
805987830505869313
1169350162164195328
1104161592021864448
1126578759304458241
1139564012880969733
424489075
138203402
1084453199199784962
1048012125141196806
826231871725985792
818306045508362241
1363569630
2562398876
2997628781
226688335
4787545161
892060996310847492
447749014
1151261114384171008
222582311
3551827156
1161031053303255045
1253041111
1167693501758226432
1164849221045854208
3231733715
746707887083266048
1115833432075132933
1159860435392356353
118760827
827318448262877184
605974171
2791988124
1095607314
1165046567902076931
1157230785910497280
330036562
1134169758146994178
788794717806919682
25866103
160594322
1162965871041687552
406353065
2843713972
27047824
53329991
1133190939449520128
907553856623652864
1162350230311854080
998194792436727809
1143640411040358400
970947708306575362
4884361744
867100233699913728
978707251430088706
17349381
190002396
1122183906009190400
1161999112897802242
423811635
1151335320622964737
1131237609089437701
956051641421189120
1483843740
459390022
874753344
828288871075086336
932094347675238400
1082026015403077632
1152372215746199552
703699161183555585
726386299733696516
838976899783118849
1812055789
46799622
34082620
1150483266241212417
19899606
194693651
885838630928994304
1094881364887986177
823603819867054081
1155583219624005635
634990472
816805880280875008
1037341913907691520
1153042794375712770
805912073502801921
4705937713
2383282580
405903788
1345094270
16689075
962738290628710400
738171927974449152
1149830214173765638
262994158
809287284
1069470172417851393
899323715225178112
989258559673290754
3609762852
1096847156462276608
1030725698460246018
1152335798357807105
1078460701176463361
911316744282796033
21614780
20973159
818905354205622276
1087811515
618669291
826243563075858432
1009072198307500038
960822482738573312
22583033
702247731524317184
903685831063474176
736625714
208711264
820287683289317376
1064650195131076608
3761046317
197176970
1152610161166573569
4375340800
1127150236034576384
1852899224
95480831
971498870772584448
1071227430851887105
1150280853219663872
1126985039432970240
3090520865
1150188498751827969
1147550094067150848
1038029969027424257
1066503937111531520
1145429843401695233
966180794107559943
3060473583
48114116
821407410279608320
1147200661819396097
778299238979473408
1033467026541445121
229535989
3283242398
754342297710362625
1107042499
1133869304854863878
2683391701
874101252
1111093447979470848
911169858594902016
869309108175941632
1050875642739351552
1100404917896790016
777026637581856769
1012795873942757377
1142559305750712320
1110722076715962369
177812997
805167486127767553
1140076230571646977
1125430715540287490
166885495
278865526
237768562
825445747
768402435215884288
971157641912229888
2432264118
1124898159379922944
4894000274
2204609910
866752414245953538
713057384294428672
1135239267272339457
65368061
1133245711896547328
10810102
1132519815174926336
961445378
967829811862409216
970329117974585344
305211380
1092515666689703937
1135194447224987648
1581322626
1006925685867405313
940750918215069696
349872163
858305261022437376
77126471
970842941764833280
1001115815582744576
997975957985202176
795867123545440256
1132949048
1026435851662884865
1727668796
1035670932868747264
858498609095909379
1133506956042350593
2407544636
1110346658729082880
556269451
3149499958
1127478600184279040
1132481675894636546
837555557804339202
236972328
2352629311
1116345515761909760
844253741620457472
2852096265
2835451658
3105470573
844136511079559168
949606444613042177
20722476
1100555479024001024
962650783182331904
1113110520100524032
176755430
2179104894
1044928850
1072134990383669248
1025274127383494656
1096189997370298368
1012824078011412480
1081318186652520448
872579755442397189
776279308041990144
1116746994788159489
1011824074622939136
1097235643632181248
1116195036381597696
833042985726021632
213253856
1000503711330791424
904093873546424320
2372361066
1114625414817828864
792436389988012032
1116766980596543488
915647230681534464
866069141576441857
4183248796
707719536
1074469177736511489
1109145312227217408
1112990088089071616
1114710618768982016
928574759394336768
4439232376
4451084686
1051565990826467330
1029600409554309120
855318254
32240593
167115847
136047627
147829467
477864155
1096952562228609024
709116264019402752
1048358290130751488
1100541304126226432
1099752211163291649
1100348746884440064
1100185918651142144
1043920204005355520
2954837951
913970923245469697
355989081
905563470707515394
2297223469
950225377124933632
1080062275149455360
1045129797674905600
27329169
21626308
896841783711289344
1083026985255870465
2976867205
1096249970179624960
788853282651443201
156763697
968855764281561089
377600047
1029990944211382272
713349508134936576
854458799578529792
25322711
708595485435625472
3430619350
1234512097
1011113083144691713
4779292217
31046750
893074394465136640
1063488630017134592
1005007371159068673
1090646051084816386
4297750456
811028649826611200
826035745659944960
829779356
1078837716207382529
826672071900065792
51733619
525793866
1010243147098656771
102219035
970168709758242817
1082536196876718085
1146864120
1087967764810268675
350235892
31981508
14972982
1071863105599221760
3464177241
27859170
282791275
3283507633
1230848592
1084777049456291843
259430094
1021081818588762112
778222109159940098
809823522
1083490052754337792
1083217609821044736
941109866202091521
947828772362956800
3462405673
1015295486612291585
103413933
4568475535
103592756
2828212668
1081763449338847238
1061154167400460288
1078877020891734016
1898295032
1074053859792830464
2997862837
997603378027905024
1064254732900827136
1071418778955759616
16029910
999141396924772352
1702507362
1076934700793544710
941456690808995840
825593358483652608
19679563
37190937
2446162202
1072909224299151361
388413509
1071431363503505408
990638459487424512
82487821
1055477725744586753
1056985920476536838
80571323
1069720356552916996
608810707
1025536901531557888
992523469215612928
308701309
941753248620449793
3829612290
869193235918454786
1065628427322036224
772576447349174273
1062053865930084352
811662404769685504
32792712
930555286741569539
3229305373
1061688916330405888
306389855
487297085
54412900
58579942
1717348572
833200111987494912
79102489
1057656943806824449
792286843
1026996667122245632
1014624624
23838809
771223171181588481
1046750691660902400
702828295415418880
1028669802410373120
980876552534740997
1046517269935861761
1013780245
1059394731698864129
885306013934604289
954238695330074624
848276549308739584
112253363
823548035368161280
1036001567252652033
721366481213128705
3932768472
1626294277
74664986
3372178235
930467156373815296
4563974475
984736099615608837
885208683352817664
796160035869126658
955586323452219393
990937717830635520
14803414
990780772993982464
40053694
68712576
1051894569044983808
2985479932
189305014
2835128525
2442466385
878087280321335298
704520726452183040
248469208
16282520
1335397489
2249022318
125386940
478733284
2928451870
58348452
978237292631511040
2407993940
1035208933240008704
880099708802392064
848014739976331265
701746808045830145
963480595
818948638890217473
2370631296
185887462
1145998106
919462469956972544
913539750149070849
2602239103
2913722920
965172698082152448
934443084263448577
1031747223569227776
1049479400201306113
724804317748797440
1033363553997213696
384910109
70295497
773734047646351360
988618563157151745
888964189
3307289846
801679291335528448
1045658590751731713
994011569397878789
872148729184362497
2497703605
1012091515328499712
25202268
128372940
717229113132642304
823145454137442304
21888595
873051724604334080
1013997524460294144
270839361
874658640774414336
271160889
37920978
1058807868
898186756100681730
900285272298053632
1008025676946051074
20941765
346384148
880638146970562560
232731795
1024080411431972865
900473189704187904
3181143200
3434430759
992191188881960960
2262140184
964996994623311874
21975415
1426714956
816486921920770048
2965083477
47687609
775598465082531840
2378272532
962081565089021952
803704565778497536
1017558437801033730
1032336570953682944
1028312049221361665
370711395
241534687
47606968
999274189688274947
832397935568642049
120964814
2875501614
9287122
2863210809
147857744
2157350385
1026142277033492480
262192574
1009588379640528897
1019226800315084800
184671789
2489613282
881949101876666371
178006397
907096674169896960
21139956
866414441025478656
14458643
1017483468010344448
1027551514863095810
742823052354945024
18166778
1027995272943755264
283549956
2573363284
986781648
927531930601521152
981761620853473280
15416505
63910001
911782056
4215990492
897190829118414849
3295347892
867580464298696704
202658229
4498776677
961357741586558977
2279670090
1016650517072580608
974740425830477824
118567880
39847651
2690546699
4843548323
4406212280
822299610018365440
800849507000942592
895879686294691840
1005106107164086272
919669786166157313
382078963
1024099153176027136
757808926930841600
1019918733412896773
1018980105153064960
883382034638540803
1021911538783768576
957114354
1016802461661704192
739610364975808513
2327400218
23341369
1021246171191242752
990317363915579392
256652425
2323032366
968731672169590787
1014882653886173184
995851864578052096
1019273767225212928
4878811191
1008662636932861952
930233510165491712
479953114
979854661397118977
965693540150988805
966150527523450881
983483059428261889
1599141961
970816739763204097
14346127
413457123
978650306828529665
713181919689707520
2262100846
966877648868687873
2743220509
3517612832
34409451
901044932244385792
821541662677667840
4863621565
3107761646
1012516296456589312
968621634780311553
428333
26814634
335996055
127569195
3385499955
980049145741312000
98418697
3363921843
1515078908
490438248
1015716071083528193
947407121166974976
882531736613158912
1013142422790868992
1012457824729862144
14553947
966165819775442946
829077470691274752
3036990288
701233899137949700
718090422300631040
911369443418050560
1008401838608211970
955878400572477441
9832222
2815850443
954317913967611905
169686021
1014309445193461760
77046494
991702950778044416
58237389
990652258445475845
981985911834542080
857779386010882050
1010327180256030721
901633990163144704
15529255
843855385903685633
25235151
1952745222
809634353391271936
26520948
27285798
1573066255
109712752
825167282636779521
843636970538618880
125128723
776384191739072512
900402576998400000
1654188770
1000140518716772353
1002909203323916288
858178012486840321
868152995640463361
1007800145038045184
4851440002
2980614347
944551970089721856
488706003
827893661203587075
877798659722694656
606403456
894728198382080000
126755086
1345580348
815302435
936621560470814720
879326111733305346
854777337832984576
3833502322
833033505374347265
1000250340913106946
51738464
741578371
50772918
832342783922823168
824834350868934657
865223780502732800
2964836768
16192490
981939816408399872
3128334438
363159041
980682873123557381
1000868999100497920
2904460977
817880247777435648
2251421492
997295617172033536
1921142294
70879242
987661393
1276652162
1942539883
3041137959
3781643233
832733391082565633
892121929116778500
908099057951891456
988516177080090629
988326383800680448
44196397
998671596817530880
2991660165
968794179882094592
853593085602869248
2456612208
741377469765156864
556467544
583252309
16734909
6098612
2319415633
212479621
47437206
524832762
26735842
950899826128052224
1616994181
1459226126
1158387404
476318345
891141166221189120
532501889
769183564105707520
766838334802960384
861026825216159744
347313041
727102019215962112
2802168925
988147877519163392
958642023908524034
954141491357716480
240426992
15650882
1631730378
540903862
3145190810
23979289
952754816777900032
841694471293173760
705643352050413569
816039689127739392
1952855342
129834917
3331851939
805517942897180672
2566535282
1914396080
976951098513743872
3022759141
342909656
827589534649032705
374594501
110835004
810895268971479040
976853859703427078
24673899
890173405420556289
809614172
63183956
940521146155376640
862493306382626818
974082019121618945
784872435770241024
22919206
345562309
33665720
169385200
952083659682562048
970884857126506496
971600374137225216
807512074893004800
864012677718429696
881565438953615360
897635322179313664
22055226
733765787152945152
372449148
744537539512459265
215762606
127538853
951644393525694465
412611735
962060706232254465
114557610
48809111
818659129
945662464208781312
396425206
2761560870
907760571461849088
921167527098556416
2815394001
846274195499630592
966491835802832896
966393225400541184
845070010720542720
772163109880418304
283215530
963548232855953408
57523002
216890677
21778166
3271790814
2648228908
965344249121247232
2530589917
61528025
839131344
131946141
944472204024131585
802623208704741376
4889714145
929111392980033536
918308125140226048
935890009600774144
33608041
809560867125788672
4076789116
958678506036228096
961381589799272449
61393631
3093737787
19310250
325244346
243084105
885981226120732672
708635988059406337
268829174
568143078
248478594
2895218447
929745467075956736
890316080702529536
888246897852297217
22456513
64465025
972089346
423619576
174715313
3261776403
955954738130030592
538787226
839962660603060226
915294702454353920
891424811095920643
930473370642255873
890634935438118912
326584594
815388229893378048
895347487233462272
18279320
430090745
880812021440229376
31246318
58007320
894570912686776321
914172183265542144
922991692843749377
94336415
893525837684899840
421324707
2239362155
25123197
192230195
3017801497
896725759141826560
738911954413162496
950898166479577088
890324113016750080
884171328743514112
938611707689226245
832886564
883510576667922432
946379913124306944
941593355561160705
948305139902840833
798172555
306888172
918459747480850432
821157243752169473
947603843398930432
945886688001347589
944613510008459264
948262524243398657
21496427
402225369
873971810194292736
3307704849
14272574
20118767
945968368905019392
2646454764
274567177
370291114
216920220
897284008807198720
897957805566689281
854948861374345216
72783659
946357586873393153
870826269662990337
946438248502460416
1007288292
4688848909
935070636938055680
944628588598513664
447209956
746158854212198402
917442861200760834
4497880153
4675595521
907444497444896768
60144582
889057751996837888
628038157
2516676608
887542732255657985
796722200715923456
75561107
914296939692294145
938232813500993536
924540710249938944
737797023236231168
789984025939054592
704707974833545216
943647028562857984
799756677733986304
820487719969259523
887758277420867584
847804409044099074
19458635
2798214847
98956941
1900293397
575658149
95228628
942122872948043776
53275601
703378711610060801
896845651790712832
105355215
828039198078881793
796910319591428096
803527493902700544
3107509399
832319306541178881
777389747605954560
859457064493621248
908174596381265920
29770501
65698096
467620549
3957788915
905164973025976321
1641052512
890456866014208000
924960596310806528
160414550
866981923091906560
746345581120004096
851583986270957568
521167914
156738840
845767731160891392
941265601091244032
895814938995957760
940694146054066176
190821375
2497458150
918200532145029120
858847164000337920
2957427955
1034065926
870496902940246018
819189273798864897
917894388705120256
337611162
1694945473
561890079
975200486
730693248147030016
931257110129729536
917410092106076161
934369061269639168
25172565
4403039254
78085410
2329255640
3331835352
1871926728
937019285901164544
890088898495434752
366443472
928439430041419778
3097951626
929007824042065923
936775674785705984
3273338030
42463851
4107849270
786814056757731329
775696688489099264
747807250819981312
2559647343
727693543951749120
30441143
934510836680462336
933495112461582337
29030150
922640618232442881
792200949850865664
719207572306145280
800171412723904513
783874633749585920
931936419244777472
756921073120190464
4891298209
1064206014
18466967
756183891401019394
415850821
2699143866
931303039142637569
931472220781658112
919712173089271808
3013763125
749686190
590211920
19415893
563883153
730121169194655748
380887640
3334188461
1463525274
785645094867128325
928790981473964033
901818498002944001
342803375
2401987555
868153770206736384
814653067140464640
3080953538
88784440
537709549
924462918988632064
917392234319941632
4853227804
3093551696
808152564
373703200
831193110575198209
3093566865
868149810074980354
804105386135552000
870453485984129028
859987260124606464
905691229035384832
847551962056929281
796189293073100800
3370328157
856162158845059073
125471278
871650706381561856
168432098
917469428081659905
2921008274
725809806095859714
14184076
896143758097498112
811510910816833536
3222072558
3291787650
111556423
364810202
610065715
925403313578954753
899648533510316032
26183714
880269508409270273
921035226469535745
260347851
924809815515205632
881276407
824085323227467776
749025764327067648
2307195656
796384520731852800
820419484309684224
59553554
819385146897997824
43906698
894748894789115907
910313304333074433
892962317322858496
755265125700014080
863839761156501504
3140507271
729019882688393217
47611401
828253251535511552
3788262252
714477340525506560
197224469
715979593090359296
2474279864
905375019672506368
182563991
897935311275216896
904467421993558016
157564072
832731697628082176
4498577661
2476583069
914207514933284869
915824570908717056
915693670657085441
895528619501645825
867858949567131649
918552536939941889
891739600842096641
3418851852
183739654
2907774137
920856008498524160
883522038853509120
201223844
1129720458
774893842780696577
167903718
3262737374
761799487186735105
741068948905578500
918860591296475137
918811250561253376
90657826
405605548
3296797169
142018510
916659483740340225
800748118971060224
916820672738770944
53469304
1630603508
3278893092
4880060739
753779635691855872
2910353851
910221269550825472
380648579
3145706092
755153314778640385
189186078
870149492603006976
755946180618575873
889301844127821824
206367480
705405812
1114631166
2729109958
28611453
5074681
821150646317551616
16298441
564553280
202643200
717338356590321664
832972496395784192
724415181732741120
894436309
827539069
1432029667
2773918108
704034081898668032
24590113
1081264386
234622732
3292463759
22146210
21822997
1597105992
725361360931065856
853370305573773312
786781243648204800
74672763
170859968
19563355
861770432
888107981782499329
1494648920
855930932
27882000
2780538444
880988268736765953
864845960429543424
837472786218119168
30154152
738524159911682050
21622754
2817323221
84846698
894691621035442176
856991644134068224
743941068689932296
196134547
54716387
4717143307
1563464372
903175680757833728
901638834571575296
879417781623504898
3984199213
3267456386
1609476776
893708946334023680
17456691
825186316157591552
789303014192402432
826098849471143937
67295413
776582257825853440
2433335246
128457263
15739391
20976349
4598760014
1098361754
814267372315885568
783792992
779138331846250499
719286464341610496
804534945024618496
2331322904
2530913162
860795611
33160996
339143341
871767242333081600
16912739
600958397
18487179
97480523
16669075
25152579
32470142
151730349
18183134
468641334
1606433658
19071682
19206545
831984906896961536
3872346202
15401398
3246819331
796552034782679042
1441613017
18323373
900516348811456512
4877203143
876570335537233922
898744501837090816
3219461544
725754026894184448
20578061
51661036
321190259
829772982033776643
271957908
3456496461
35558917
2991909932
1074128436
871027039209484292
3422474392
1115569892
351049789
19291441
16651871
382717053
104691452
24822993
1074815863
4499382678
333357345
60996791
871756999612129281
726440510332784640
825613359592722433
837723029476093952
105235413
1075333315
802722284289064960
886207832
47709488
789334139224948740
3418210767
816037407015378944
827251780295684097
2301990517
19908673
39753444
3100482716
1447296895
2363337385
220478007
896989752
297007299
237299871
3306208659
57655062
4917311502
21044127
865516973567778819
295731821
849088421377318914
763935668284239872
88222637
244187812
822599947396796421
22850120
892130360888352773
51039749
19667766
15647676
18144581
800215970040016896
2352957686
3167930971
891040315079102465
879069818862915587
838466690006597632
890956975718182912
3394104999
3195774341
866195552744218624
823693635564802048
4032212303
555648745
188053555
149760844
831623531829956608
877995890899906561
887174932781772800
2323018748
2281325286
71545482
864606638594023424
740237927754534912
745115840547164160
359403242
278409971
172537702
867228049770782720
493206826
82396486
726472651275931648
22576307
838932232505028608
753939280670502913
2414941962
882630945785905153
1019011346
703970735421792256
60429771
884317046632312833
4462881555
3645029299
829596959589535744
3386144187
364214133
2601822318
260312077
17874207
3427962981
735409323078258688
4925904109
2666936809
787847062213713920
3220758997
855555105759928320
1250545933
283258239
876634770918309888
1264270566
720126981950566400
226173506
739354674285957121
113987669
3107961830
4549070952
90480218
599817378
88168692
3949049181
804517574578962432
3301171864
3266602596
404179950
829358391550152704
793431783320748032
817452386234994689
718600146619990017
2929718880
1717464030
14429823
382328081
1608751616
71320740
855406927513141248
2165235380
805944257911595008
265556439
782693901513601024
776966190
4627236323
2983331559
526000287
699688233119195137
858066056786694144
2426183605
19996935
791667008827981824
632477379
2939434389
321233780
4850531673
261736294
813094291526549508
779880363111936000
861122235272232962
741773431000141825
2835707324
15258794
1669197841
326176182
441063307
5656402
2187403602
338341096
32626129
861351828482666498
40991755
706068592580804610
827187561667895300
1239742202
870687858402578432
2163908557
788148641533988864
725709705289555968
43885159
754185648
797596428403175424
620339539
24368246
36675035
845501731
715737316111699968
66967746
19397942
2152381201
330497152
116876382
3413276129
15996661
3370804054
859179371310882816
2316246829
761408394653753345
4853359857
824468071544983552
699745106174283776
72882689
4495375097
40753111
4031793741
1059240924
744070482832596992
4904690978
802674586764582913
59033797
830563037123850241
4292036594
786913559389179904
30789784
3418948360
354041953
2754133270
538460424
2953819517
810113325686255616
15815757
760413054903394304
2784958261
158383944
346053433
3156236822
708471306702823424
1244965662
351760702
799437766153175040
431071870
1329723031
3015774951
3165121248
48565376
862412810
224097357
234466117
2836861970
842136687681638400
811801083030945792
25083002
798031621144379392
554532173
796383305117507584
820935110
867930580587077632
224296146
3215405974
17896154
281235442
4900128680
1544900677
3168027631
4847548282
441389311
797827644071018497
805223648499859457
811301883516047361
2233659691
762000644047794176
857583870383927296
3092076227
1008695929
2966215144
867248235454353409
756951966526255104
30405799
2975936339
857079941468348416
281295728
1957125536
705663280673591296
2818886564
137413599
792100655443894273
216042190
3296504462
789969215650422784
759251
326255267
838457598303223808
303933058
4190307435
4627478657
814365134403633152
1114955359
143888401
829869028588011524
3128774644
3304756649
455261114
30925817
98149955
5943942
763771646549356544
2192417166
800704496246484992
810590628727914496
2611940521
840119809283051523
37447675
14377605
14434063
14075928
3950481494
1221486553
385711643
303126116
59674605
198512092
1540951016
2516811990
631781675
757683962114347009
210424042
74083560
372393029
406483952
796778201943048192
4606976902
15962096
2321127874
23580800
227245275
721096238020628481
25446957
34428229
4884762153
814293126336626688
99859136
376453771
305202222
1531974344
937254745
2369750928
839221565745065984
3216762959
709451112739262465
1592061668
18706305
1516626181
853496307155181568
139499789
711273343396278272
853594533002694656
67765647
2795404498
2185710656
839657945302462464
742737337042358272
20826129
2336027556
382820810
66923871
723603674841382913
1514893184
799665568022286336
2869469656
789458742194556928
851179325080702976
837907565929365504
778293671682646017
513700646
853464760452603904
32772630
53606937
19236097
800221027645067264
8150772
786283680373366784
761238040656306177
80032312
739804789651963904
835127348693504000
820516959351689216
721502167811489792
821183046086959104
764244624361652224
11862562
129571843
477408115
849632709995630592
571202103
837547385144254465
773699453790355457
743232734571597824
3053854771
3634508187
166694620
4106597901
2833443577
91175834
3589586532
226325141
29442313
2984243591
826780051777654784
23041630
1652541
702524531412488193
211620426
157161619
4719527898
18121069
772498983201550336
4716938490
732387407211986948
812065653603471361
373649738
243043587
1429337504
3055633561
736989573201301504
251052944
461407034
843693023330365441
69707519
2424016218
711535251835629568
1512744475
48560080
752499373989326849
830095333787049985
4105765714
2525262385
3075793968
798712597612634114
3003863477
392580002
39535018
4884663951
11203972
26177280
756255959039606785
758764127179436033
4871418692
832779092378341376
166990746
552160419
884304968
4165642155
28350927
499230066
843730497243041792
841723783849345025
345149891
287843201
770404850664366080
838964916388249600
4266488652
2937455270
735024071843426304
847990436845191168
2291989712
819519525574111232
3435649113
711784627686387712
2865078826
734194808600727552
267467141
786384211535990784
22891214
377705836
2903455919
4184457737
751721874569121792
82541470
29487664
297457814
852254905075159040
731625421956128768
84015988
16896485
3223687856
601535938
828877578274557954
96839588
700594693097172992
17372211
26637348
284667903
138810824
844067450178207744
3311711174
19612749
4884814474
402836420
773767013609172992
49708023
56575160
61079268
87971558
3161872574
15455253
4236091225
4922951833
627901855
60157860
101868096
376794851
8839122
2845207617
759065247537922048
312696314
47806130
2568270758
7900962
829782369670410240
18956212
37501003
2579858442
823367015830323201
618387795
29210791
844434316943904768
47233194
136004952
1209936918
15970820
3362016513
745100931776188417
805545418801217536
426802833
3264454478
153252061
828832499585413121
15871160
776843875688194048
4842151477
760249850562740224
539615809
389595863
1554838501
2714517152
3433022621
772406410227351552
4810512147
3016301278
3544638504
2255086447
774614125095817217
4015490292
1850929850
377763356
526799287
808715359704514560
787675627818061824
36417257
827562434219094020
2265048648
81155662
827605029783756801
734168839735349248
1513392108
38579125
1875486991
838270068274380802
3235222537
470919829
2739596257
41500006
438013425
787047241022406656
610136142
3254145463
2432310906
42091611
1534650458
16843618
1462903616
755631442961596421
459872442
25545512
71026275
702506207345549312
707278892801765377
1228983170
726894220452200448
27789999
1924740265
4175166177
827258161841135623
219983463
847853719484071937
2437661736
1552100222
530001834
141984694
1458839425
30500021
15757578
702153001314562052
736743954582900736
2916054140
843904904863268864
2336050548
47739450
15143478
827669214462779392
1110459402
1297451766
816849656802058241
741057139687362564
786021788853547008
2828301882
725654281605492736
15254984
42901906
41193473
807342736135176192
713031225141669889
847581344368652288
835700263839203329
173382292
466645191
257790013
824389632632778755
842093747106111488
777263844221718528
337778202
18088673
846534743801901061
82191042
341602491
766797410
1609360616
42227444
261126056
729598358432546816
110855805
804349892416208896
34265417
766647487
842964217284214785
822590608430796800
487039635
3232881455
97920553
28746590
42825230
13029
826155076280545280
845831137285079041
16878629
724297255943970817
587125722
3039519921
29980664
722243878359683073
805449024602075137
3296597924
2340337768
58120509
3037009238
29309901
4216879030
28422142
19208457
2512732765
807812802761158656
3301819140
3410689588
2302134816
562372370
16639736
798882027541925889
50325797
16129920
89820928
803813695
781707318295748608
30699754
16912983
494758799
1668992125
214639199
40443752
348798406
1356030014
19877186
2991847975
3731653519
20944649
526537146
3656836876
511806716
2575309712
4288322237
777883544924352512
95994080
614517275
818301811970949120
762951917865689088
194663746
75541946
811425843855507456
357029197
921533490
786656240445161472
2705346282
1225847300
933653886
74760182
1226167963
805961131709833216
925666188
164221821
826807179436888067
827782546171637760
1485334766
2944981166
141834186
802692342473838592
776696966784790528
2472715591
842416556403527685
88749392
4735176079
15518286
827011794644242433
786220750034337792
217585327
325612339
757303975
2438831503
787946792428064768
908203088
17968150
446228264
3419210573
76671280
19844311
139974630
3144579418
951008132
2938879381
36066690
81018286
818928162449068032
44054652
16930489
50072011
1222639789
34852681
475802156
82687751
112280016
44397959
207784631
2231109295
182824991
786599389326344192
16995760
2847364398
786608311437111296
481376138
1588922282
29562422
48117116
969072672
1259751343
523632806
15812159
17879692
83992997
19878055
23865085
24133242
39384517
14862190
237870401
95092020
209693451
181249422
49234326
2972362774
744992093479788544
790019230389248000
790341604535967744
765756231789215744
792516935539761152
2452421030
115075503
18164289
16076032
19599446
18050303
18208354
1485188648
1020383864
58569513
398455975
493641440
759081003168112640
14749383
1534167900
394840496
123125338
837250555907096576
750502962385063937
119837703
805675755095068672
1171793868
18005085
18519933
4510064653
824773845454249985
2882550469
24870433
2416900776
182878105
558182738
3995778614
771254340560429056
570324105
1326005070
771803472442384384
835860570561777665
14728168
1965508532
2534342832
824629442781806593
798973250659352576
802963915726434305
1050111
832353969334808577
361255413
49915511
1632885751
3098026668
65664359
3011256515
3254088502
36529101
814113926237581312
2530039118
830128820447539208
1564175305
828688977649602561
92169465
18087450
1471232930
8349572
545068087
835767838212255745
2552820313
810698204375293953
2485068888
152696200
831944315572256775
2893891829
2206757473
115557718
2841285942
824055278815559681
304634523
2548320163
132482136
833784316266098689
888235405
2485285513
14480405
216279704
3131434985
720205156357267458
815642625139036160
760707169419427840
799699638949318656
3511366996
799513205815046144
77853610
3855272473
4147851323
802940428764913664
401675584
17983365
300565895
714881719065841664
751816649687179264
3177515983
593918371
809550364697468928
26860506
833656096959168512
2502826764
2591826998
814508407499661313
844129537
581929353
1064031036
121624263
64229716
350379608
3773329635
15798091
540166258
1623471690
2864960801
444133833
825803585891946496
817932643203325954
19039844
130294479
730204715439534080
1271025590
9989862
358464377
421151092
80082384
18244206
48459553
635608354
739085337906053120
34371118
757715998732644352
4858458939
591349485
73181712
321528322
3217278321
53813160
254742760
388983706
15791186
15081182
10207502
211297946
308525859
4465540512
534903573
234163619
968650362
3184671876
5548212
257245904
942868836
1058580434
609297027
768163409170796545
2471389873
83470331
3310686488
2716396488
43875280
473050495
807038979145134080
3748940352
3459422594
2705002822
783374230444400640
2904870923
767683830471942144
49136127
3007450381
825894473297252352
163987185
44914646
821863733664350208
4261318354
351976618
407490941
819200364675072000
4174527256
224940210
451746511
790802842571243520
260527870
1013720544
365594841
788221633517400064
1658893915
756350860142182400
795402912151244800
185042108
466183294
1689074430
812135885328236551
15230401
3139471681
18195110
415985101
581999965
23719684
245963716
29465136
995087286
776418872438251520
195019820
767556308
2911039074
532664440
66732795
795822874431000576
2411485364
1464212647
83189866
3369925198
22872173
9624742
2858665159
80233893
2492095741
3266469216
60784269
816630956425674752
799746375911084032
15663565
752150893878009857
3122340123
119099353
334921581
4717892303
733017033319849985
741348287093964800
18073211
719276823809540096
45414295
3349925638
761952638371979264
44653060
36089117
2147913574
2926205539
146249884
2312893002
893338705
167603204
818910970567344128
788989639654797312
702058036014161920
1122705594
239386936
706959926879334400
3134411065
803346400553664512
550250082
822215673812119553
818927131883356161
822127086194348032
103771410
66369181
717803408518938625
1349226860
308629160
2488123544
131204770
475988505
4926173698
23798694
54019702
822215679726100480
2363203740
19370031
2349347329
2368624716
1662709308
52352820
1267887043
114718372
224351791
18906561
320524842
59660286
72579376
4312282894
492566290
2868370994
799900703917543424
813081714717237248
17337857
21829541
348778908
2798085656
26652733
17798031
83748727
318892040
37764422
608471241
809402977
805169000355340289
252566795
26588095
4658042901
861759409
372706077
2641993872
803783017495924736
334241684
4102376488
2463171746
582135529
4041824789
19737700
264501955
2748582465
704765946905411584
53787946
745326578230497280
3035205392
258561642
1849938847
3974665634
802280381324083201
3652958232
14645160
3347017152
796646436809089024
2832135565
88030347
718785668219068416
224651523
146037421
18521745
4910270788
731533639691964416
704287801311928320
291874773
816034340253691904
3412642223
18227519
796415438930448385
2478015324
60317232
1921960099
2988912073
902200087
2358311520
53979469
3390247768
745375187055558656
18250756
2397468266
757119536596344832
1632772304
63291287
182433311
48779464
21261661
17564591
22286602
18206234
539566673
2801177472
4562454393
3073529252
27522964
780053848677310464
32304381
757033212
34262462
348048556
445899726
14326840
2062801
771708205
20776147
777239255500197888
260954365
2588329891
716326723814629376
15396298
18336787
600581009
264268489
4853549680
102094667
2718300505
8162322
34900333
41980930
725018373998952449
2288735413
758334964827992065
314120493
731732329572376576
50135146
65555085
50073507
3299935857
216299334
25062618
701251180010283009
402181258
200681161
211918431
247981000
3018742509
940368062
275276082
193978434
752495149192654848
3837629183
806401995397623808
18379614
2466940272
65644824
453721580
95717760
19139963
4520698393
758856499456200705
21613794
801099420
156116115
767449398666113024
213002883
14336757
30811812
51241574
77889049
2472399354
4835333710
381289719
3308560736
77943492
742749379623165955
787029716293279745
624210678
23119276
1244877632
131320481
90552683
8799142
1190530476
614627531
2242085304
479181526
759850368272654336
2167347758
929963226
14666934
3313329508
801962070
16206579
798681172519899136
4913810798
262903423
2429083328
217749896
1656057482
3154508072
1376536760
727347984963395584
193160214
3260503620
767960339547774976
4833868619
495288236
411380833
75592503
38709058
87250503
546886420
113137765
24127811
554835606
2335726278
17685258
58209656
325005382
107433523
2559925034
4848238043
22339165
18939358
4429973234
937429922
165039823
485373368
561654065
55868339
713706813762498560
39078695
37515801
263608284
4900881673
825501626
2557545077
272114651
729709984217337856
562255311
759215795083837440
2596517640
761236000072806400
44135635
438829747
2939942884
857001662
21150492
193405529
18154797
59550291
205905252
13524182
18280993
16113700
347627434
793630593766592513
3294258552
121217779
32707036
705461595749683200
2610290468
340408298
761225179758469121
1493267851
233933230
56449803
21809256
1339835893
740665946268946433
19527625
375721095
970207298
216776631
47285504
618300542
139823781
36169080
32004130
124003770
244844283
2996469091
4299954755
391692889
6724252
266894776
1901135058
20544618
358610010
22377889
421575263
751776769087311872
3159852925
775509051199279105
4906853915
109979045
755800378147495936
89297892
10292132
19742034
710738910725275648
18055296
1387956504
771666649887801344
1289548934
121626258
732980827
261749735
15438913
785475775029997569
273542042
324236072
4510755552
559802746
237348797
30865013
774733335562256384
154350597
406626656
1620821233
111216929
733828747690811392
903377622
752563912164466688
1352940997
40156246
17484454
1202933538
344462298
423695614
3761373672
16410897
14945261
42158021
2855864495
727692881620664320
17582355
2329458438
431917957
1441971834
86868062
791841379
874911452
20400202
867908994
12144232
17118279
107210947
22689128
126848897
89485180
82113500
27508334
28782732
31540671
54900089
208155240
16032925
56413858
33270656
56561449
3416153772
35078551
44781023
2717695087
1394578368
1084375028
240454812
41778159
398105585
24216951
98967516
768487808088420352
2876374846
59903830
4777108129
499528233
2477686087
381108914
2996253413
2585061890
2148332881
2796811537
3318845028
19400611
224372609
281610530
55271579
777618854541340672
611986351
4914384040
721167931682390016
14458620
2376185485
144916834
137245465
3151620258
2943204281
4703317886
2429342827
823905
594886554
1337503098
3895952067
16787084
783041834599780352
177544031
402503039
2213512260
1256753802
2752932015
3875728756
2211873528
635938883
1590170551
708344070263812096
414465416
3962047102
3415038574
36645898
342894187
45190383
3316694766
4130968888
708984704448335872
3669988757
779286626
1420720760
45031918
703285543493312512
782434193334607872
21888315
40768215
185635130
781195479052800001
705441738391838720
177100626
315207449
350335797
757396587668799492
1866727674
1497210949
3371934153
935145523
735321998793048064
747883651
390861996
1913410831
780140389701328896
247078573
721095824285896705
3252457706
29009786
145832580
760507702833471488
11783502
22152577
3306629815
738177614947356674
232901331
4302005571
1080576949
159132441
42786325
52136185
4121225056
783836435799429121
359390032
313038011
353060311
30696928
2845849081
846152197
3683042412
722119464263680000
930903062
26487169
15379484
240274902
72426152
44482542
23839068
775900422779338752
49013218
3433581652
90651198
37760670
18149266
539154820
388543577
1564327968
197496309
33750798
4922500107
17469289
1680677036
111778335
841704092
1356123823
4761064634
173269540
2534195028
69201760
3323489113
985569962
27559988
300878435
69469543
3119988399
4041846647
4547869279
274218971
712282022840938496
1857985849
22542822
62006607
358204197
19017675
2339238427
2336823235
1598799781
505505379
4864056067
3995952972
187578616
16666806
1759181
471672239
573863902
4707640082
16247383
522132942
368621253
393469195
1411455757
267929245
22677397
124949619
769296387561299969
755098462690082817
5820642
573530851
705902960967094272
23181999
32483486
18856867
32951070
18247062
30534986
297764495
596190000
254189974
3013635301
38497702
896258742
1627096298
2546562188
43277789
203226736
3958327401
32989815
164070785
19222164
469194846
15669672
56562803
123975474
43969372
115754870
287413569
35039490
146095589
850036892
16989178
270412323
29458079
462104542
78523300
334715818
39308549
457984599
339005714
1369895352
2728672957
18643437
2597123546
2916305152
47253057
4862238712
250895796
16589206
64643056
15513604
14669951
22203756
18805644
16157855
122207745
22703645
158769098
18646108
7841652
223970563
28628850
29216764
108465379
39349894
16031927
2167525794
474464413
23022687
76966145
1074480192
216881337
22956220
19173787
50769180
14839147
27744185
196168350
27382597
1367531
18208120
15976697
7702542
3108351
247723476
65493023
95069715
35818542
166270127
