1708770842857906177
1698095546211143682
1593729648399388673
1708516573135159296
1699435775270465536
1706997125609881600
1705303277879910401
1441643028746158085
1706349894816980992
1688940423979409408
1706902622031212544
1700076251484946432
1696527928631414784
1667135211065278465
1609574756885434368
1663630885772754944
1703895344445022208
1705597523694395392
1704135065612206080
1687083408017571840
1052941885952675841
1704306715477565440
1684339536405450752
1682910119430959105
1134927780062347265
543190544
1600075964653912064
1687835519084806144
1702141719406645248
1147200661819396097
1698378359506632704
1588602245033123842
1700291010457473024
1434058586171207683
1685827340947845121
1662463391661686785
1260966784301019139
1651004572314533888
1683485629835882498
1694408335343448064
1685604129761099776
1697673779932024832
1650903253377499136
1683682618972291072
1696467525851291648
1697088636628373504
1316468026716364806
1559213391364984832
1649517328436981761
1667353809629351936
1684377031931203585
1687822525055574016
1659853043381293057
1660644912541454340
1675378570351480832
1695526472901898242
1684489986526027781
1365052425271463936
1669641672899313664
1684973290765615104
1679190556113797120
1659174924622217219
1431693886116741121
1640022821945454592
1451082422381129729
1692272590172102659
1656567536333275136
1691607083618103296
1672983216721117187
1657702448088203265
1534292717882179585
1680775459536269312
329941260
1599447821953933312
1683252898837192706
1657874399171694595
1678526145367621634
1685344438573584384
1683538207684608006
1657637815193051136
1687067857925115904
1688051346950295552
1687969539370385408
1671700255505629184
1656544899926458368
1378521896
1659202633561952262
1630965552075137024
1684061597218533376
1663538613143969793
1671493745760432133
1686051257885011968
2267896368
78456263
1656510210687614976
1679134399269412864
1663717979408977920
1515915916227198977
1684732703403294720
1670839212227149827
1055220360398942208
1414022198797520900
1450612454002597893
1646186014300569600
932993859025547264
251052944
776384191739072512
1649049413061603328
1650053098390315008
1589703081738092546
1638101548122136577
1358936582779138049
1196241374070353920
1674683690683858944
1679178677647732736
803420516438724608
1553593239567216640
1551362893253320704
1480007065909096448
1677115529226534914
1475108118879248398
1578345572129558528
1662839146845556737
631781675
1663345190893912064
1589452358207029248
1623778868451500032
1588024950996094976
1654977179241832449
1509393975538507780
1626940488237342723
1597152522594033667
1641210699820171264
1666112180255698951
1628099665655922689
989991181
1670936242442358786
1669845237705977856
1483590265000583176
833007702704025600
1666790093506347016
1587646585860677632
1631725013299601432
1516792216802390017
1665222829988519936
1654196456016826375
1555689494791307265
1522706316376092675
1652351142108581888
995821385191636993
1654690369148272646
1388704801588928517
1594148005522849794
1662680522458546176
1661395380670537729
1581501839022997504
1535281767183163394
1519577257660059648
1599595922501017600
1639057905583357955
1589691965674852353
1657166166693928961
1631093012464844800
1489140355442245637
1588700550555521024
1641962527515869184
1655061962781335553
1502901200269762561
1656099722468159488
1599851712197627913
1648676329288548352
1591227806142308354
1594112366152671240
1464072850088898560
1607913539913621506
3308983670
1653698560041570306
3022845167
1430262453426868234
1651085790657540097
1269380361450074115
1647967669847564293
1589471069794177024
1622385303708205056
1640871705781600256
1587612300319637505
1205297065774989312
1393787484589281286
1643340483047948288
1641639267997736962
1601345217562656768
1643388949933563911
1646186139668160513
1495443738960744451
1640917425917919233
1508533587473272836
1529392591179075590
1597780375102803968
1207686658587537408
2828752021
413312369
1620832674452766720
1643024046899052544
407130636
1601401737197195265
1639350645282013184
1618287784464089088
1640177858294185984
1614034599327240194
1462549851829383177
1346147761129992192
1603123036684779530
889953622624272385
1639001777944121362
1015295486612291585
1308852474271461384
834788212900057088
1301306733344759810
1276652162
1319340723309785088
1271166573760389120
1273024354574569472
2782991882
1361787091789643776
1358772893468012544
1365086833969889283
1595154178363559947
1611859634851135492
1625943950182781041
1452859222404653059
1595946105027457024
1608452694506610712
1361333653733847047
2535347251
1631028409747791873
1590128048359235584
3049460688
1442560302650777605
947166162072334336
1062329423196651520
1594887437624512513
1625123223661674498
1566796506165923843
960194515188506624
1595272344389537792
985860153227599874
1006274803748233216
1568341859398811648
1613238962818015236
1533681243044335616
1605964669352566784
1547601063510888453
1526564332083064835
1630379320308023296
1602050416908595200
800603131
1477602803489062913
1619704460560719872
24431333
1530749455485509632
1619958076219576321
1345484158965977088
21626308
1335889539903139840
1624854712951492615
1621448529817239553
1595081008964988928
601646361
601572553
1612187112421433344
1626830146467467264
1575690840936443905
1445292678867038208
1619774927132835842
1624390290500128770
1619498900393443329
1618663001267265536
1546754676288376834
1556824282231177218
1392009019141754880
355780441
1308757290577616896
1361463377235742722
1585687197575184385
1612175544145027072
957114895060885504
1414779405034037251
1590572909810032640
1619762442820517888
1589617253485404160
1597915219317198849
1591614549609787392
1605003381931753474
1598477771889598467
1519662443739459584
929065103449784320
1591314108778848258
1617534361846403077
1490704944827039746
1439221439090003970
1586249362396553216
1031726898
1518716752594677765
1523658772287262727
924478805015531520
1568938182749593600
3307282308
2586089180
1438639223867953152
1522629366718492672
1589375522496253953
1591054313161383941
1602273671812374532
1505951364958101507
1412724952671739908
1233637371830079490
1415399109524168712
1364871942524829697
1286818076
161754235
1362848187694907392
1540447587744071680
1609441165350432771
1445732057313841157
1453267793797857289
1375973772570853381
57154896
734769023049682944
1528241427297325056
1498955619201605633
1557156959555559424
1432184995922202630
1548524381978169344
1460150176874516485
1507504594187952131
1421974805905960961
1591632820610666496
1519133256184180738
895699671313555458
1425951202215448577
4760154015
1461754984769507337
612254343
1609616363424735233
1570507882247888896
1475847998928310276
1481328545175687170
1599322070986416129
1601635018517848064
955485791018352640
1599221475201908736
1481748052125888513
1362449216035987460
1528575538910138368
1454805741974523909
720085546983235584
1030725698460246018
1598969662376665090
1481582232863227909
1585890738872750082
1602817429406683136
1586750869483167744
186395658
1608816942667759616
1460467516246052865
1608872035471466497
1200060765203509251
3418210767
1592127990724542465
1482721834860695554
1513312925443837960
1461055693688029185
1596875354584514561
1589421189243338752
1127937954637389824
1590108189504294915
825442822996295680
