2953764475
1601005533183483905
18551451
1662180114329640960
788574140
1592791613541011456
1684227889775128576
1346277797883486208
1671758716473942017
1586782615381721088
481796936
1674780122023616513
1404425995877298187
1485497573607882753
985292742061371395
1224054309362397185
1665468108562391040
1401954094059704323
1685491881936105472
1454186737790590986
66457635
1430670818
1657285925330890753
215123966
1694524437704724480
1542769725410664449
1128674567273234432
1678156500584345600
290865285
1565886614106152960
963417879852003329
619330849
1498999271466561536
593772597
1660075786647539715
1050717808328396800
1674829029373886476
3694206556
1602686717768728576
1688969063853133829
1227928236
1523727486290472961
34637312
1487219735586643973
3511388717
63389777
186555820
1436027703052804096
1549127344761208836
735390831847329792
1472085402949406721
1590361566901420032
1635091655463251969
877589062374346752
365520604
1056027099327283201
57422137
834642576959479809
979331779
157108709
962815954290921472
4472341046
972901213334208512
1428745597021048842
1091357747696816128
1662785648468664320
37697988
1278610637271203840
38949216
1644014257
1407578020576169984
1413494762921807877
1604812494085709827
204756881
100543486
3018316519
1029508578
22292357
1004431718911180800
196952479
1008276692
1664977176
1666227945411858432
1646980839711055872
1501282846157201411
193270268
254175308
1586555120447258626
765383994519072768
1667037843204579328
937243285
863314160
852977788709679105
243928398
422352538
794622444682280969
1518871383111053313
18164890
1327994024855265282
2299555147
836933633902510081
3386144187
1418480253455028224
384191177
1666312484297342976
1166607373
1184157377186140161
2782370185
1279137538104426496
1252809933956890629
1001038599578685440
1299915099210158082
1519568513706430465
415869503
1574784481785004033
1510421346102448133
42737907
101988742
1301317155137318912
845493815938990080
828744559484137472
1594850442277752835
1518763484074459148
873149091827638272
1674889547874988032
1334371744879009793
1659950645149937665
2370430844
463234909
970459841104961538
810629822787584001
15823799
472331331
712804813
823570609581998080
411621494
84572885
1399656517880598530
1361056758643449856
19755575
37752465
1516884093211922432
489044338
907687366978088961
1517285228473200646
1476628851753164800
1083639199
1470516379946303490
1496950143781847049
2829127143
363841594
865912596087554048
1519778400025649152
129230858
97382646
715021231
1465232076978810880
1246204382917595136
123126877
18132778
1663739686563586048
379311547
881231409054089216
1586395585271148544
239574951
2960304734
1577793835031306240
1214124214195638272
1515802722326491141
1443652106171387904
1279836982353502208
1585065964416258048
2162507767
1656304692278829056
1186378867696644097
1658969833336352768
1481111591546359808
2559367256
155028046
1091553065633751041
182908503
1452323746946158600
400290138
1665549407998078977
275219328
1087397928145223681
1527352730129354755
1654309908622491650
1460590746642358272
2338845175
962039763321569280
1390010360682455040
1441391127714729985
1511767604620238850
1332336473333526529
2333161686
1085963856181121025
1611457806254612501
1333243467992952834
2875490842
1599964364336930816
1662588952388222977
95204605
1520155623312269315
1639719210543882241
1083828201800040448
1578446235534589954
1513996966123999234
292280860
1649243735522156547
979467890553483269
1188951578046279680
1597565825644625923
1611052013789523968
1445325620859179010
774665877841141760
1279457343327985664
1645340242264686593
1485567073090686982
973966000772263936
1512447965536739328
21307783
1652816161459916802
36522409
861059508
1356015027862401024
765210927406940160
809764232111783936
1597374320149495808
1590798002477797411
1343640514407628800
4803915202
1323899449685528577
219949236
1619942734114193409
877504684080103428
1654784594846130176
1593954995262656515
1593865138058272768
1434915446017437696
2362046619
1473490043553599496
1577900750289739776
1130074180878258176
1636177052570206208
839907552242593792
4341486614
3103762964
2213752105
1118997501766328320
1721136462
1412126895689277442
1410170890105536524
1267574527782981636
1576498551093219329
1645674857332342784
356803134
1597936134092357634
43550952
1491791017304989705
118505539
1124007324803325952
1537583078540992512
1518924642639134723
1607136306609414144
2511289860
1319338613109186560
1579746986026205186
66994837
223170412
127828526
1396891107804413952
1047156133
1460270654813470723
3304499628
1597065186946392064
1026245999092744192
985448991218286593
1643319248134045697
1426393353705431041
1583469907337170945
313167898
1643219262624890882
1911287796
1565625821875798016
1644973806698606593
265478136
78427561
1101333350579494913
982444208559538176
1545464270116515841
1532745845988380673
24729351
1464142780486279177
1266905289317650432
1586101726263869442
1144975509467684864
854003431123677184
971305101896962048
1483880246990540801
1385299110073274371
526272509
1630233000788262913
278577665
1637359027171786752
1519202490142572548
1588602436205281282
702236887067422720
1511113113252372486
1518931010624368640
1515806141657272330
16707686
782343409264652289
457178082
1585732998535708672
1517498448723214336
896987461053816832
1417216531793068039
1510886453361864705
2292015091
1598660017779089408
265597400
1519913770012880896
23249416
1519504628312055808
1598819462051991553
915812071
884288646152507392
33304539
1378939659284267010
1615134659138015232
1628677977499402241
3883137801
703028450
1591263848841240579
1519776574664544258
1571957355033817088
935820738
1611144215370547200
582291703
1472580717783793665
1593385009993633792
1542170151415492608
1513866468571885568
880856026496421888
750583182391709696
1534714729670750208
918244782
1527278623127838721
1579756941726736384
1410099542649835521
1434919412914655241
1336809389362196489
1627330819948703744
1617029284677173250
853367648394108929
1168267685127479296
1391475263507025920
1604385134312099841
1424635563487817732
1598621698672062464
1611179722100154369
1291198763650908161
49452498
1587799876489789442
1622218893837357056
1605891316935802880
1493268497916329986
1441284072794247171
973228946597859328
19083455
59359165
1569779007557877763
1427370558560296961
1542709129038422016
1600967145021652992
1383101682402406403
16847160
1446122550354874373
552961201
730137070589648896
1621585204858200065
1123223342843035648
308901591
1570636103040004096
981376562842005504
851150128769585152
132658386
1036594568194453509
1476140850576965633
1603949120221323264
930037875143356416
1211856440035401728
1599838251250028544
1864112928
1312439854958026752
1435790140463529984
1556569762985017345
1566131700836466691
217084238
534814027
1589876970221076481
76994533
2748574667
15808482
64757246
16384656
847503984
1191724305597554691
704437932145385472
2264409416
1156585712134889472
1211747290748092418
770394461289508864
1481966281985343493
410736932
125660002
1599044492169859073
386796948
1399442750970470400
1590303705730908160
1471222627062661127
1586001160414150656
137343243
1347158709861031937
1308612477932929024
1619120828360040449
1596409634771779585
1038792746583121920
1616914153859604481
1382036637014585345
1575505294695989253
1497678126788317184
1542810725608894465
1570720395157999616
1431409186504650761
1492936343160303619
1487038485928235008
2618127255
64379989
124939570
1535932397589409792
1518796992192946176
465395317
1609211614678470659
1439181830918316044
1603523730466082816
1401012689091149824
14367260
3565262777
1367493088395079687
122479748
1602875632555212801
1518964328841420806
532019596
357085467
45603216
1614925455215284227
1528433340449054720
1468459553721561088
950262869181919232
1417256464490672131
816732915954569216
1198504938474622976
1491443674927886336
1597415688662138880
1530393514021896193
34568422
1578231261461716992
89750271
1280073832305291266
469399746
3269320016
59544970
4215564674
2271043432
1280852842862034950
15290571
14391906
1587638878596390912
2539396761
1494351634142355468
1422810221408186368
1507408343832293377
1596955979610001416
18952495
1499278393719746565
1302867708627673088
1053870056
1607806349672316928
1599583757010362369
286784921
1581512186752540672
301604171
3234394208
140899739
1519291515578855425
1341338291984019456
1488917956969091072
2728984603
341901090
871086400657125376
38756199
1564305908230135808
1158801608097927168
1576785241330491392
35833719
4840024241
753715911278882821
1446673616318439425
1584784637766664192
1558095859912691713
1507764300332494849
1513906070430781446
1191116843391606790
1593129481945993218
62687012
353638699
1473696200943620098
1395318496653766657
1597721818844086276
1307042333477801990
930097191623974912
1587149328744943617
1417847055276445698
3761491637
34951165
3191978184
1243142349590593536
519198904
1600096775829786624
420569844
1518588031913013249
991614011044065281
425110470
2471170842
253796989
1585749867913105408
979502010
828968198900957184
1276105952010387456
1218807320450342912
4626168870
1480451555996278785
3399357199
108107541
737898797167202304
715909856285343744
1523107837068464130
1587840519568228352
1597467345366171648
4880906592
1323663462
16849944
989098958411653120
31411427
1829300720
815956382243557376
325922098
41819791
117440808
101025976
2457826615
1496925222267666432
1599081249741627392
17238668
1604994824972673026
1599050394461773825
1488605042492022789
1464373858346143750
815847274236375041
1578064108166979584
1594002807023091715
1472797016845598720
1602715189958172672
1504120533033619460
1347940138819727362
1029568853964140544
1600158733291569152
734840688
1157896713639780357
1588854648458420225
1336234489
1585819407716126720
1595737409341251584
1306623475
1521509685769216006
1901359724
343837929
1203214225264594946
1598187650162180096
1587620314644709379
1586179490337677313
1512382304
874618987
43353139
1519037261588975616
1586852428699226114
1519051895502946304
25762575
1412786223815401482
1395515554828480513
1587872324409180160
885434902790852608
1585744158551166976
1496610559487262737
1593271213547307010
1591849785887264769
980850112527327234
1591504933488041985
20554879
1583890360836685832
1590731731275059200
975025934511337472
1473562623690088448
6233342
1247592910440333312
1258074083545284609
1248951241675345920
1587520586779168769
1107671444157136896
3423033197
845386399763365888
434486371
3434515294
821003433847193600
1587087530612203521
1302649446350680064
1292620434702307330
531591677
1584921219224199168
898466234
1572987549441818624
1507331460973449255
1382468833269678080
1464723949460275200
986631394792280064
20868219
1147649808737419264
1476788305266159640
927729637769207808
1499827625795194894
1554941187810803714
1422333302166466573
1644445573
1485913282787647497
2246154158
1243705095344328704
50339996
318788780
331588843
831440921543770114
1604993246
1031234304741847045
1852004736
1405574262
1499531882416988171
1281997237543813120
1512368988583600130
958388517469589505
61673391
381234311
463454481
1052843870571048960
949818547
1164794377
1217480185714528256
907689691654250496
1362297978
1139653386759024640
551851921
1519321561601175552
16727598
175838495
1435639251337715721
1220304885691961346
166345746
1561806275075137536
1441306554
1554175424741027841
1322632236269768710
2254180266
1548320374546264073
1216752414365274112
1440771395756048390
937773648
1178017469329526785
728377899825266688
189966431
45115200
1519317071946936325
1008732132812914690
22281651
2610667604
1480475400023199745
197939585
332553789
296890747
892727434981908481
2219418584
872508437900529664
320501839
1393170713864019972
50199056
207368556
1263834446719000578
3276921342
1101461131
475119487
1549610923471544321
828611337852968961
519967324
760337630
1392890982585323521
1501270460222214146
74869627
875997477802868736
1459003244672286720
20784989
1218447526614843393
1450196532553203712
1519419668145999872
1394473855956267009
985854705027792897
1071188360390213638
1514157597162627072
1062168589376147457
101908804
889325215
1510784520483745797
537449610
1433247897089449984
1400596626046078981
1519302012592140288
1540350272832012288
245086024
1544857108373438464
138090913
4063344855
302986433
785743682
1886230184
180016160
64753536
1428697583673827334
1470984547
1540948008333971456
1525532623942078464
30697466
709415578449084416
1514726462191976452
1529522185680916481
821516235326291972
1271814207344951301
887438637595480064
1534884725365645313
1139825956275851264
1416772468371513348
1176854767068504070
2397717833
22349746
1595717119
1386684748408393729
1526343929259606017
1279857018430468097
2950411888
1529085093553352705
2607092048
993139225
97927516
1446927139190808578
1353499805654413312
1214998714386993153
1240112650199031808
1212742103916134403
1969447885
1178741416194969606
891791982800011268
2153835690
1581404281
2862685575
1487443482906144769
737609612300410880
2182395300
1339702065573093376
1523864237336141825
1515349374032748544
1350540170723000320
1039936926101499904
1445449064191909891
1967433145
1440482023693381634
1501536646629675008
1514012348499083266
1072855297
1436875369911627781
119122017
259277846
1065649952918028288
1518750255843471365
1427088134794264583
1516568990130356224
1476214799918845965
1519725298614423552
870593200238411778
1519050140480425985
1482707943128764431
1245490697915990016
873873133
1040304395563528192
1516167145641627653
2693373439
1515398196318679045
907056868211617792
1505624953323982854
1423784519358889986
2850579939
582083760
1374441684734410752
1087935736102510592
1512545648402440193
1477860313424797696
264184205
1164176547923804160
1271537967019053056
45838237
1272308004751204352
168191194
1479929994163986436
1373742868783894528
1211310333161168896
88027270
2505607994
1003117964084867073
1449087131998171138
47003974
296456785
568077637
29925232
347624576
1487937638480977922
769683079
792738436193128449
1425055942664654849
1345300069751382016
1427287792313307136
549604782
3610274419
1416766342980591617
4319224823
519073765
1354520356082638849
1500386068327120901
469211661
1498561270718828544
1209149332039098368
303402761
432985442
1434475140247691264
2361386888
900821100522872834
1244347462325764096
193049035
1107540567590760449
1112047960773349376
56234980
1228118037280194561
1503103460983681034
928883984540618752
1021515994416783360
792552378163720192
1201074877073108992
1637603870
462221775
1965748046
488947708
1182038830456565761
1382444043402047488
955492833217007617
1294889589480382465
890338285884715010
211345707
245033991
845364013714190336
1418658170017288196
23177026
532602984
1366885613669150728
2283962508
1108454895454220288
2600691980
30281809
1487663853831954436
2812766966
32433124
813602400602902529
31420086
1123366364
1512969229
1321492843
4455693552
1497225438967615488
1435466946657591298
230753438
1120196666970083329
759929091336175616
738486583725305857
15232595
520016930
1401537106804195332
1681715906
1485657158473895936
1486911486752538624
818650602242801664
18034481
1103744005102338048
352679600
2377947195
802195427101708288
709867470
808611371965415429
1128697081500192774
271594090
199535667
4360931654
1492410424091824130
914491177356972032
1466509988390744075
1305603506460602374
864233997576134657
2573260759
884842525890011136
877995340791783424
520767740
62270598
1262935980300009480
1019417957640761344
3728560213
1492892731470974976
2382026402
410617862
1355301291514327047
1124582309875863552
1285214203360563200
715146025586069504
2363874240
597158893
1219716220427153410
1107636210
1345298521176596482
2187056377
1055086243
2844435437
1486497234900369412
13598902
1407416015676329984
1341263766
1448509685993074689
903601655622627328
1612000766
1375150963498000384
950064674548207616
3399987305
1489807154282639360
420188169
742512916591677440
840437498874613760
1354515131133255684
1389694194248257537
116197132
956904752138391553
900661444345311233
837915908991496192
324471495
16561902
1472582312512704512
1260829732607791104
127674914
1416400148
173609298
20189023
1441885855556071427
386776508
1478051510185463809
1288867915953995778
318167982
20653257
1487655983576797185
1411945512719114248
36136859
1300536534131707906
817398648887775236
1625329500
253793636
809730005680922624
1330450656331788289
3340867240
1074704422943580161
1467850539430039561
124506416
1043968808459927552
27306170
120377612
123592814
410436427
299314453
884801467869253632
1436293603337273345
1386904304
1113921706681356289
1076340990095421440
3557322736
4502546190
3941880252
1029489400558706688
1476478205758484484
1456081524827332615
2371409671
2755388274
1379280445993537536
1337923475630137349
961807609
965378311
2973365895
724531123
1432546112188133379
1487570186
1228908593971228674
1214891930833825792
1393193854002765830
1374077797635866627
56168229
1353713904342470657
1476156721458466816
1002639932882595840
2152926910
1257719722591703048
789718951198617600
49641651
260743381
1408348290140286980
3271071613
1125637721605718016
2571982645
352663486
4836472767
1162928268170944512
1445056317081612296
4137611533
991677011725815810
1207563155506892800
1301963559304224768
1175679259
1436281353260126223
822484798681845760
1472969774447669253
21832250
1328944399
432647972
1334461632
1479106395261714436
1169425896
1087005020
2916005885
2555781824
328293658
2804263680
603089050
373440866
1006670661505507328
1221892087735558144
9154182
1254006697
769950897098989569
3364701759
754531050
438507258
1274065347985977344
1444073169623687171
1412852883586965505
160591174
565883475
1422675575983022082
1062220737291997184
1274923789869035520
1081500357933625344
232519829
1191440155908935681
3179683945
21567660
170839550
11622712
1470845327729213444
1311473161326612487
1280099120708009984
1469369105572671493
931910483325669376
787869565640380416
702920535919960064
229335841
1195022130469048321
1471132326121857028
1152132633129652224
596298542
1347514998256402432
1572641586
4733077337
227868718
1445128596939550728
1407100675
1172844223764291584
1468986040757198849
34118751
1299461102380765184
1468373498489933832
1212074331867451392
1306623538036707328
1448518219627642883
803567982052044800
1348409982325293056
1323747180860026884
1686362874
480534041
1080590187749609472
1002325528114876422
2901714113
825091243252277248
1258846712946401288
719865361986953216
551888186
1328103783226691584
1469232561368944641
3390097275
580052746
1469440211428024326
547537252
1371350647832911872
864144913520308224
838922610
249609205
841476116363669504
1278936961
825728106405183489
958298994991599616
1443363914482270211
2429715967
1392987081861967872
1366609673231638535
183499118
426654639
605789649
1193582815784394755
63729822
171889342
820239280316567552
3571487962
1456845693285326849
1044415722716372992
950268241292570625
2330742776
1334987521776824327
1252153339778945029
1462608302945222659
109842268
2788287163
36129259
1427428336557453316
375353974
945686332290019329
603037063
419852572
528417511
325475193
994505703523082240
1430373030996307972
1392956425
36565815
856674990
948464444274823168
190971452
2996852383
3310875608
1133351030391955456
4726300796
87250503
2398143769
613296234
1389311275084263427
1171566258686496768
21631908
234379193
938670256045854720
908648893541486592
1361465955084365825
1390503573859946496
786736005898436608
1385864559530061824
235583939
1426971622800564227
1406694694361485315
1313110139633897472
1060252010748866561
1436667618644082690
1341088181450645505
1293617116634140676
18244006
1200383347
1137348952649416704
1454584665759698951
1609677864
21079163
1441749364012032014
137322271
1594504182
1385786093409234946
612779170
247695307
1455896743913066503
564269780
938295356202409988
40098148
1458055486314536962
137375075
1450319951076659202
1007343442710663168
2182990690
1426592935756304389
2197149233
1286045962092400641
1706897030
474438465
1512079760
117188599
217763825
42659581
913171092
702676351497560064
1186613337733382144
1428407125508755461
1363551335652581376
387664492
31495921
1005002920222339072
825503743642726400
1928970410
60180537
1713932995
71186868
2340988752
1297950891195195399
2859411327
756523586718924800
1152544413492510721
71857191
1368519662846283776
2989237486
256490818
1333905864453976064
1443991132069941250
372754277
1432814803207213058
1121856670261489665
2162842123
1445087210840084481
3235497068
372795695
1223737932718264324
806298454599368706
4367051176
1226638375190351872
267904580
913518212
52909549
1407067522957037574
2763861151
960585029922340865
36787933
68090059
752838165443014656
3023417647
1325929662053277697
940616857115156480
467634948
1404734280555708422
1104429681904771073
1434879756579729418
15587145
16156157
458800724
2690892570
34237169
1267611906489057280
1205929963917991936
1388231987492687877
3124990443
196693975
59418506
967788462635089920
25336187
37299730
16115786
1250804326831808512
49825611
2466341377
33602047
1238159062812016641
1273398274599288834
789069029092757504
1427740683901620229
2607714107
895286779867213824
800309723186634752
1364662529939673093
250511201
1236802388536819716
115353582
1399092614591401984
912521923644489729
332695291
63490118
907273568999763969
882878730456240128
101005569
3118460825
4292457999
40668159
1431798117159120900
1424872747927281666
20892260
248960975
3156787969
1030209809650409473
1389964558459080704
381961185
245032330
1108203031089299456
148193361
1348644924661653504
2537465703
93621830
42090817
62564469
1243595158454775816
1013432609395834882
1333967263997812738
3905715931
232530744
1397474402908971011
1415031805217067009
1155192099492519936
73302755
76750822
1415617468492656640
2824611572
1334801556051435520
1339654116029677570
1000298458299949056
1379185737476808711
1146192302861275136
905702863325855746
18851009
1378812117705441284
1185186528445849601
31370763
35654170
253204716
1099289777927540740
314218609
2298736908
39494194
304533041
33984699
95093837
46712366
247467877
3358872639
337883952
171950553
57919648
1896863150
1294344565047074817
13896082
2180719052
955997440699613184
493784589
1655746094
804560202
177360768
41831725
865110961
1209167980988452865
1007802481
4892048217
1301483702816575489
1268648989781635074
14719074
2935479828
820317324045598724
1412060637446934534
1284957399187693568
1367890605427351564
1304300225356537856
1420590913194237952
17429747
1415139882368970761
62354888
445433518
1206794218213126144
1310980162096443393
109392826
69567539
1275651300873699330
1420582064655683588
15925503
84378411
775516793855107072
381104227
1339650831763656705
259314444
87256981
514687390
1287802493791924224
4029570743
806518977589612544
1349110612723453957
29017926
231001221
212352043
96308150
3250953601
21603901
1045527085605826560
594793018
213292535
994361860307673088
1393225869930504193
411322060
106521596
798651930423607296
276284818
17277507
32547887
1153215437230018560
316617810
849070131779121153
778327856
1086313014930870273
1142811111433134082
403168439
1363964429931487233
870269181538783232
926868157926658049
2677988186
1042506562970034176
1146226991705837569
41575435
726350147207057408
243002953
177134474
520645427
1397650200173465600
362132644
965085670107529216
929860548
853546338000273408
269294861
747402723620962305
169068355
3381560782
1349943622687485952
756005565172711424
1341427514837585922
117001495
1324736137
1147037112518225920
587899521
190167892
28632936
4195023148
1201928052575522816
991799262202810368
1191776544819236864
1338328777156399104
1371695641890488325
1325494981700816901
268653902
42419815
161889915
393617350
593504785
1356754795151953922
492363657
2596402814
971581333
1103001012216963072
1137620938005110785
1350526181666390024
3077810349
768736230
54367851
37155153
969578214
511031074
57891650
2824113095
1375144663280017411
895141972326920192
1340239868081840133
159219211
1037492844145999873
1019402164622581764
1109868085
4542754047
78301393
37970045
16710995
1394337386725724162
374929174
954407585330888705
832959499
274813664
1199452303704625152
1334223601
1286510868587409408
22442937
253698248
3553047017
948905311317917696
1145976970263449600
863985055
2964042242
2241382291
1233220201770102785
221229764
143935140
890256693912899588
83014101
797661878
8208712
1102884350519988224
1254119219731599367
1153583513452437504
2280958860
337596065
2645078151
83674617
1359134165678100489
1254807824346972160
985682223612551169
958468982
1176780251982004226
443662503
1093818389016076293
1194941257258172417
1356953244493307905
1211701691248037889
374635268
952715254747693056
4556956992
132020549
157005711
359930458
1676648952
1598809188
2333574733
359306189
745469861183131648
1246902215626723328
133865788
841031450082324480
3261747409
34088889
1340107764861825025
1236745632741617664
716191307534696448
102075132
1516601209
1358474898
266484361
1345825508664225795
2561045661
1269480737742426113
1325994323708694529
173524780
1851877248
3474945977
2544141345
3370448703
1378434892204244998
14001822
188821232
4902863353
1180120867549761536
292126666
1301949675440754688
1336503518597885953
1117870345
1163731055163035648
934392287160930304
1172175477664092160
313890362
2906556193
2332474998
163035709
1095267834131668993
93025942
863269561
9704232
69270758
146042518
226319714
18161415
1393180028318388227
2265675031
2734206781
634035590
1608268963
17741558
2497007996
2727305971
481202139
2605958833
43526968
3210449751
1360415443480100865
1275590962421444609
1390485423382831104
1249151341139812354
67693098
1274468523369267200
287527726
1256887822109245441
40028296
2842811085
1290806335802675201
4730994863
298681398
95378571
1061142123964096512
760358206413516803
1564394012
125013885
828750606781313024
1217398872445739009
322512693
527613971
347452150
278846363
1143194809605246977
35408475
797507230354591745
907707493052186626
367327839
203123116
78517756
971827776805376007
289807836
4014416873
41581019
838150208810807296
449773202
746411866436448256
2884694243
1138697406470590464
1130114493302890497
1902325945
627851417
35860455
597864161
464247911
746864969669611520
20574860
822684444964388865
1268981754313895936
25837711
597533931
1355115324
78010879
323800963
239294415
1319543676658384896
1154464687716798470
99225221
2273253990
762042068
1199994672363528193
796887654482804736
1573400346
4182082486
325147426
81938323
1250825826368708608
3352969947
971716059018428416
1593048763
2329309976
1052255685025689611
879047158405754880
521551767
884154721426186241
2528303766
557575886
1195233058032619520
1202886016194891776
1102882435245711362
1719334033
26645342
1151657673395281920
1305201824064995329
1149043800838483968
1189485713911418880
126440657
351944806
19883373
923575134451130368
334819936
3105317531
1237409267650568198
930729181
1265809987647033345
1192622814727221248
831704922
1193536141695365121
1271601340070977536
1304478096301621249
1169237068641423362
1022145223982571521
209120791
286160029
1250005009
1209273741848567810
1455902761
522400301
729115476
881909951341441024
1272374367297474560
1241763571521990657
1308495712301309953
33923617
2163427190
51330648
41581597
1013162371135758336
352132858
1050986672513568769
912795170
743919042705031168
4455690917
1262101144094064642
366785595
22707958
1299026578542743553
2342344777
1038124796
784855236
1241388957310398464
291186633
3623795001
1302604392172904448
17248326
2986478332
2261031632
1041972060833165312
910238894397980672
1894590672
734443908655120384
746499078
1276996420822761474
363948577
1109458688891342848
788806770093334528
217377280
1135201163844997121
66902919
3301855307
767480224485441536
1273759726820626432
111413852
872116740322451456
25145373
1272627956180045826
1189637923437715456
1134207573429694469
369772565
35814494
1263105557914963968
2209090494
724721912748859392
85388256
159205427
260885614
1612058808
78144823
1012406996694327296
971026753232744448
549486814
1847723138
783515005882888192
609124933
918946809409613825
1258734938473615361
383418826
221695745
3313108245
789456763695271936
1354796017
727705955492888577
1037749060462104576
1241604437438869505
3350162957
1259524284852117506
23545373
933417126047698945
1356092868
35507496
533283479
1537601714
183242908
574856223
44386887
87357673
1123054257408811014
989859538978385920
115070651
33388704
1258875464480722946
27366152
934568546541195266
904505379517751296
47469248
457955654
20240571
4537829544
933723385225457664
928693921655476224
923111789541380097
2823818318
346127355
952785027577782272
1255933360708431874
23591817
1168117136855879683
1101518315309154309
1053012900
1162089287111852032
216945769
3998081896
1216096053990232064
422577072
1200926829953064965
1058060176408883200
899154657544511488
2790716996
208947857
300895497
1912308060
2542554985
875092519146500096
823273526
49060615
1213466308139859968
29848307
1151885207185833984
527104899
932255389063761921
223105284
1202615177360871425
52945570
1601453354
1237847040849145857
543437963
1168314627257536512
3394065790
1228909687707447298
4857072515
1234669273231978498
102495768
210845357
2810427675
111442299
1096434743598637057
80599160
1096085627345518592
924488719800741890
1682910240
1925926369
1356262172
155921866
131666614
92785420
712669083666227200
1014337525911994368
1232882881199890432
795397101018578944
419446856
2825491286
1112761237258072070
1162783494910595072
449662379
838261272122535936
915517860
93872100
1196014070287282179
17010653
2279550642
754413637784121345
1208288412127526912
1119753767321100288
1098761192267546624
107501106
457228833
438181476
191005840
1225460303510614018
2869797306
836948324
1053338998201085952
505612937
439464837
1283339534
15711730
851852031409213440
561200688
699529546551422976
1214596973791195137
107231140
1173653060561903617
1194515002453037056
26918555
4883134295
1116910190
1058808528
1111179802067853313
1221936691457470465
378442599
119771879
948688862
2780643528
2270249934
18085903
75906815
245424351
249646761
1217911420735516672
574876139
469947759
1095753451655610374
1196419673803374594
1219975233261768705
1172161028060303360
1142010169670287360
331105597
1092082245995773952
14607581
1088368930186514432
432438060
1001933241778139136
4422497117
1044608227286167552
1038143700029898755
45824485
1145300358744272896
1202502823734173696
1090582414060081152
1169286608
37150024
51588583
706296080242249728
1668206922
796174212377542657
3264740856
1192145820281384961
3257856258
1027853096318324736
47529018
726337258270371840
1011809412
1045249947082395648
866956254169759746
954330763687792640
3266876196
1175714800476852224
2609450861
1263083508
96063461
837820012018663426
787240862900219904
830018012753313793
1188252041358917632
1196353707149053953
215179987
2188741785
917522739056877568
1696703299
953333678
784738950388867072
1188850466941263878
315338868
534688870
49568716
262382569
393481821
836572493099970562
1183757317956919298
933912170626211841
753106371458035714
489974670
114336595
777949191163097088
2837166594
3401326463
434410120
875619738402955264
2330449379
2231552725
2321293250
277534750
1168066477716434945
243540899
898560190328524801
716020132380848130
1145391764737540096
1173281432661307392
1146795457454202883
19722179
2455015577
255234877
601981075
384099892
314877125
132963925
1085711403657224193
2434308258
1055154427429113856
3657876988
471953106
992125259338977280
557895730
1187067609256255488
4828433324
782644917084430336
967548851245678592
483102601
394091644
1015234783289401346
2290615207
25722009
875192048738902016
979881475146268672
822843002615898112
396035727
182857231
175127890
4026083074
206090511
771433181203591173
1184747224443609089
3308436176
1180443068765487104
1942474795
174283302
19211550
1038469840426688512
239849017
820722596
1172263685768785920
4819319296
1100354609510375424
2782847563
143883542
890603182451240961
1108156053911293953
954124423
576623689
859756985339834368
19686924
2480039071
957409900111585282
827585453507346436
1167361062988959746
3243442856
851083603
999871199470608386
92218788
970972399
2974110382
731608385645318144
969023535325818880
95921744
2946580721
878791524087078925
887349614390632448
952124790
821817164697112577
3304021160
599537003
259131814
867435445390651392
1072788948
717962826
18125677
821067856708124672
984127109378568193
884784565910462466
120185934
2439069333
635335269
878630633706332160
18285602
49097621
348229435
44559787
50851420
1436114456
192104752
885670429372841986
2408924386
819520711
3392464253
826795964463775744
83352139
601143255
830220013239943169
857037465592496128
275411097
87659725
2266721829
28068619
2830700399
262873499
705501406774493184
567257298
726469349184299008
2452941261
