1690913451818835969
1548273016143982594
1535108163766259718
1697648954383687680
1649915223141400576
1586732760110178307
830325540296876032
1385020973057933313
1648376062244720640
1670839212227149827
1687514419272486912
1333258349505359875
1250749305427820544
1339679455644581888
846476049747607552
1555274897458450432
1450677379521785861
1322800472537894912
1586098828926717957
1657422991964160000
161190362
247100030
3307282308
1166793829309042688
1508259117860802571
1022879742654115840
87498858
1591760265158094849
1646186014300569600
1422123204768845827
2972335899
1607876953746415617
1263991801205059584
155074794
1350528227266199552
1637839835065905152
1633667983984984066
1638174707777425413
1593795856402194435
1538288322585321472
1586149207660019714
1634676782740942848
1602820424399814657
1106630917274124288
1579226140807286784
1546025634740457472
1588609538881634306
1610098952401031178
1629203997436305408
1525165202618167296
1625935641283293184
1627766359382695938
1596492132721754112
1625479710481481730
1480305548155256832
1511746454263578631
1598048451983511553
1419433283314757634
1527760875939147776
1624390290500128770
1499110351593476096
1519475226144215040
1512130771837988871
1620126158145683456
1618678859007926273
1598525466633469952
1364356837278183426
1496572115297968133
1618366112344809490
1565788478922801155
1601255953093234690
1617008655366508546
1440420543447007233
1463173344996597783
47266965
1616084687188856832
1614731271309234177
1614804810381012992
1894568358
1611097390966095879
1323038813225062400
953333678
869533101260779520
1511192628598960129
1609708735252910082
1609606161317171202
1608076038457753600
1608011824032538626
1596939507747766275
1487681102361907203
1463046498074038276
2796325911
1103849431043067905
32783084
1589702233624543232
1600718872562511872
1601459742450163712
724611762000023555
1219599864369176577
1536059784528801792
1599261503231762434
1595561145573728256
1596101149840797697
1595369968392019969
1595194787321241605
1595033973079564297
1486785993667657730
1591253061355216896
1437106868971835394
1593693617566236672
1591849785887264769
1591700615209619457
1591651751295336449
1589375465923436544
1520326131248992258
1583890360836685832
1271943179806392322
1590731731275059200
1590030950372712450
1589873270165307393
1590040437934665728
1589556411759038464
860998512254701568
741295260081360896
1586103290198167554
1348011647110049792
1531348347478581249
1095483694159200256
1519030294933913600
1586515530776576000
1586747626782867457
1469008284409647109
1586110172597977090
1585797415998660608
1585771657859403776
1584733738243657728
1573448573404041220
1498444839561617411
1531425385342062592
1553788590739673089
994257440
1571347805486338048
1579723941567938560
1579539169113686016
1274321138676572160
1531769195582529536
1322707010526367744
741068948905578500
792065316146774020
1447083444
1498418745139675192
1571528396701581314
1568742783044960256
1514966314615455750
1562584000752783361
1563218498746085376
948412610654830593
740643377973186560
1185215867505786880
1550909477984931840
1530517253132804100
1518820473597009920
1461024281459052545
867405253691494400
1449796154183540736
1491450447873429507
1539114358977994754
1540688594431627266
1283030887458680832
959832494093856769
1519483949411491840
116251267
1539580367211900931
1541959519512793089
1543702301176729601
1543300609083842569
1432075604740870147
1493579476084699143
1347936553247629312
1533489199214735366
1289231326449668097
1541234160135700481
810261527269777408
1224398636378771456
1524876840111706112
1528610561168138240
1507204167567216641
2800866414
1440428914459885579
1230698347129794561
1420383811444084736
754481100240592896
1260681793
1539808472564264961
2541153266
1541109649230991360
290324812
1541141061514428418
1378038430823813130
1520052532105687048
4207865598
1450407128
1109822213241360384
1384933637985079299
507742555
1421554656161976323
2481677991
1180523369785106433
1538535760663543810
816528129862692868
123755606
1482157088017113089
1534581074281517058
1442428703040962570
1537561831824412677
869273210520555520
3424579095
2710013689
1451553196703420419
1498339338643378178
1518685465876090880
1519332687324061696
1517247272395972613
1481399437427503104
1413002894002036738
1362814699
1194229018687655937
1384597844871417857
1520762863127826437
1536111003301203968
780139057569525760
1519595013759459329
797779756104224769
1342182015257505792
1535707123266600962
1535315304049426436
1269144094854516736
1210300994
913344208546623489
317567434
1520588179966808064
788879917635112961
1488844595672797193
1174105667961049089
1524852346219528195
1484939196410339330
1244797108676419584
1395408397214887937
1460642614877868033
4524840323
956694055
67058821
1534143591953612804
1516902005431844864
1270028891625791490
1523186736007979009
1374668761349955584
1322071838999093248
244299859
1421040853053689856
1094978708371374085
1147361675408023555
1139125778711531522
1468729078823862273
1154481699318878213
1109973641645690881
1319207295805542400
1518747062111772672
1519389517593120769
1186264888143953920
1400166730249474052
1438808441825419264
1508179862154002442
1375161399522033668
1046654546754367488
3419114890
1525138519857016833
1514327127142789123
945280480965951488
1525126753311678464
1529443160253947908
899391099113963521
1240780672173633536
909913941886808064
1531866757484486656
1521848524488515584
1399889497144238081
885544294081331201
826078844801134592
105631514
1530658946146570243
1530750496306343936
1471987798404173832
1494607840165580800
1530344373338120194
3234546451
1498078500250701828
1041425101441327105
1274411619267874818
1495334284860792835
1529227687662784512
1308409015446179840
1519731661205876738
1391036262270869510
74609380
3318902369
1266617034823131136
1488789412574109697
611793993
1519854146479869952
1519793590544723968
1525485542833414145
1475319827480727559
1020374023308496904
1442894083156893701
1510309335917903875
2787155674
182778011
1519133256184180738
1387464376920195074
1524119685561729026
1481327082261164033
866749606754910208
1351043611505418242
1524784741387493376
1523958768270258178
1172130179960819716
1196461974101512198
271398754
1518902002796875777
1430644177189195776
833584886
1520156671519207425
1346113861657755649
1420027001151397892
1508123630336630788
2347751442
1333108574025887747
1496331215242088449
1509877495835029504
1525684177122693120
1382160484762271744
1522671152874897411
1421368175338344448
1521243490939809792
1469521589536534532
1522717640820674560
1518770106171490305
3206769749
1491487646702612486
1448379538170425351
1523463079979274241
761225522848403458
4911324614
976853859703427078
319321207
1519264695316021248
1495745698553290763
936267184078065664
1519499939402948609
370254529
1488411448548241408
95137312
1520094067295764481
1448978934691999746
882228876059037697
1519673084579618816
1519776128243671041
1946197909
1251880073658986497
865912596087554048
3224780893
1021596229510291456
1322738784082022400
1519750748376031233
1369715967543152640
1477333411677286402
1519832102241325057
1520362378713616384
1520850000070295555
1481582232863227909
1089279307480875008
1076825843383578626
1503886615512596489
213970535
798908575385063424
1152393002079309825
163156678
1519394762717118464
1298545648246165504
1518699090548301824
1518784046322573314
1520176105717743619
941781
1519539469883527170
1484771034507227138
2913992376
1519789525815410691
1493051031735144449
1466830385841594370
599456526
437359678
1507078380675604489
1290691990531837958
3564993975
1518749324158685189
1506377725451374602
1137901050130784257
1519066197018488834
1487285665016410113
767110969445257216
1469832845069893639
1518873537528090624
1509663418369949703
1276261702410125314
1518734972248543232
371856207
1518779638717181952
15247497
1513997686290141185
1518697918877908997
1274160867207032833
1482749004911947780
1383126468339896323
1515628849828179969
836055936
55368766
1457835340610379782
1513029114017435648
1379833159299256320
1167886623884881920
959837278179942400
1346848200976695296
1515015124561678341
62109531
1514620050996543488
1458889886
429447937
1359435997
816998886032207872
1135549182284931073
4836694432
1445449064191909891
1418555868241670146
1445611765958471681
1158812631127547905
1273953060474232833
1113677958819012608
1447214249227472896
979536688098758657
341124850
1501103845979607045
1322226573081108482
1504262396319346690
1416489379556691969
92072794
760192639253684224
21369586
1427838626877018119
566268133
836800571814383617
1393760623540928513
1403737285615443968
1462497410677153800
194781302
1496631382679986178
565959125
1466593172369428481
767390240092717056
1481347846435704833
20489190
430857295
853340048774889472
1266915918988275712
257074624
1505129472080572417
1494989213426667524
1496850411881385991
1440782038106136581
1469368286588641285
827429167352336385
981023893321322496
1496707594873888770
1497300304462811144
1497075096766271503
1463626455858962442
1496010964801626114
993266012542861313
1492720435867406340
896390903081836545
1491670302769569793
1358123076861505547
1488698632132087809
1487392944801951752
1489231662634487810
1017552440923697152
1487246680890036226
1487859191918309386
34450953
1480707059117137920
1483893386817986574
2442758571
3385648175
772081586040819713
1182482861934276609
754544015245205504
1366592331244314625
1590234146
1396996312537735169
1304107017771134978
759881703632605184
1469502150514405379
1459465372982288386
3214466631
1010301326851563520
1480687393816649730
1447397159024873473
1158747547
356678194
1071227430851887105
1481750441793028097
937824984436637696
1312371082205245447
830130885106221056
594638120
91201751
1419846656212623363
1478479124788359173
1427620951299174403
1352398569559347201
1477737758298882048
1419666738921328642
1518402325
1478053539389792261
751484246372540416
1476930281940701185
277547904
1083217609821044736
1477811705174376449
815066189110059008
1471654537576558594
1145497774907170817
1475164923516887046
1476050509488291840
2901810468
1458961893561831425
1246388626839265280
1471630354524037123
1429556174735675393
1476460376694923267
1476044138491617282
2721877566
936750410676817920
47578654
1475843420346359808
1237158431162802176
3997336994
986785671598821377
894234816
1362742258160840704
1251510831877107713
952665928898109441
1125687693826871298
1369310974570688514
2995491239
2232869809
18325616
1420855685777182722
1316956901633105921
1474634019002372096
1337802019
1474533129343877124
1472344338675945481
2996797754
1011633550918111232
1225755860237832192
98686011
1324394934649147392
1470959709381292032
356986797
1472971638627049475
1467171521181499401
1470864124154462218
511298176
1394984536522514435
1371059076990431233
78626786
1470803628709535755
44930067
1352766989668913152
1219604355021787137
1468202103910944768
1299432663737139201
1430517429109764096
1433981412391129091
27090234
884105554553180161
1469891844322385924
1270708059837362177
1368456103617589248
1367695505669513216
52923752
829943980662022145
704785435751481344
1427330934391537665
1464268751168507904
1453256019329626125
1430584098431639554
1138025683
701903376410419206
1266898684278648832
990794440586375168
1466748378503655424
1111629457541001217
1469117754120622082
1220135746981580801
623013059
1070019569723555841
874747680
857492399202938880
1342407601364086784
1468289486954332160
2248147020
1468512825182236672
1385350780807491587
1450893020937785345
1465452987006926851
1468070190433079296
1467919679444377600
1453100346608336904
1099619419691601920
1467669102189858816
1243943147744436225
2372888671
1465009415904534529
1467108373237833731
25540525
1400898602562514946
4136394028
1467225591166476291
1466544122731319296
842929756559486976
958723337492074498
1375129159790428164
99379216
1369873902785073152
1440503977049657351
1414580848410693637
1324435525894246403
1465123600504012800
1171434177230757888
1105091405733486592
1466033758952464387
1465976334023331842
1405629820059492354
1449142384718188545
3330046823
1465148333555687424
2440889071
1419211306876514306
986846316750778368
1314363825605541889
1430636899828441088
1463708041572802563
1345086414413852675
1456197950628155396
1034173011618947073
1364007163329449990
1462608618969341955
1077820076
706168701
1451478217592918050
898246883298213888
1366375334875193344
963831747094990849
3415926197
1394319385570029571
1339303550984347649
1559368134
1462179999838965765
1366570765836046338
1375204226717077508
82290782
513379717
1367829093006336002
1436529567368286212
1456262310624829442
1349475188493185026
1455994826265092108
1456411506736762881
2655274954
1040666772901425153
65463466
1346253585886060544
1208523603701989376
1335027632036048898
193846109
1439819651907833857
1191923436693663744
1366407036708278273
42742890
985972493407129601
1354775735081304064
1341540303292002307
149545708
711334897281945601
1350247817453973507
1273710572329218054
2334820924
1453339436998144001
898083770087206912
1451269385591660551
1453267793797857289
1454054062870179848
1435982986189680646
353772582
245296421
621164399
58362433
28719425
1153016997954953216
1299041410398720000
1441911520011505667
1448013374965624845
1312345046
732681128646201344
440660885
1408882885864542211
515653431
1372900964047450112
1311185730937348102
1173644312485216257
1884280430
1432709545231634441
1175674113148407809
1436143188910034944
213613857
1053116779071979520
751891417
876987395748614145
1344777974
1426017566
4274211433
1286486466114314240
1443511606730702853
1348780063324598278
1384560736396001283
1428413259355508751
1443389368463511552
3396412632
1112914336048168960
1439314315115483138
1378152316478631938
2263025520
794600713091432448
807595839308857347
26502864
1440364964900835344
1306998200239349761
1274692457913962497
848737378374217734
1429975483802820614
384507803
863194218310889473
1428258372621459456
1428929466185621508
1561479637
1436393351830548487
1209902412242157568
1267133474990931970
1044638659620810752
1433025380764594181
1433123968731521026
1234544427181453312
60144582
1433108369968095234
1429090576524222465
1173622703254921217
1366179742353874945
1425206235264163842
1324790855455043584
1417152283331104771
510070844
25818922
848051318077792256
2985653155
225932851
1269418141769035776
788353052017356800
1424552062474498048
2473237641
1189009999416180738
3222495560
274567177
991025237696417792
1155561036411543558
2148058824
1324205962077573122
1397615266557739008
1119967699281563651
1333885435865546752
1368195175529521156
967774678986215424
873580168467578882
19154278
1252116466826186758
1422272409294589953
119137286
1358739058944483330
1097703198473756674
1219636710
1555945177
1407753005265571846
1372285070011170820
838622012222263300
965081907150147586
2782770205
1306025909900566533
792063744092364800
1369141803807633414
14901848
1115789130045239297
1418204964
1394484155396853762
408987856
815750087192219648
1412828876493971465
1395824076833366017
180975803
1386633543829360640
82001593
1326173820982595584
1368367069197180928
1409895744610476034
1349586919533940737
468445437
1056734322907058176
1366585708207505415
286889083
20641940
1369062479649726469
1365950928273235968
749767814366441472
1367808922149609472
1408600853930385414
1297899429673013255
1249868787438030851
1408327690806087680
895854952651792384
905993515636854784
2706891674
954900494954258440
2398126605
135406005
722163102305935360
874853297827565568
1222836673
1400832749607346180
2812271136
467634948
1371305750891425792
1381073777950265349
38361712
1046678912837849088
1367843697275133954
1269978655536623619
2256058692
1396083826581979138
478692825
3912016595
1071768756626571267
3429305308
88019839
792286843
1403010024956440576
742424858089381889
1692639260
1380696552138739712
371922337
1369920783779303426
1350528051441000448
1155905458374434816
91731522
386365642
1141950633131380736
1149143217453117440
946239397984460802
1010196879173246976
1303018343847223296
785769620
845323838581702657
185883817
49400164
896074081019277313
1006995287783755776
1195735856
1046906136866279424
1150598972454723584
39847651
108490185
758392604589297664
1366764985834213377
1903101824
117587721
3383369033
1132146005669961728
204559382
2945287090
1012348473604177921
741841789083123713
1222283994244345857
1166075927509516294
3515220027
2756719286
959069171848904704
1376037418978119680
1135987028611350528
1370128972470755331
1036385071220105217
935349020
781914484734464000
1346565316546093063
1312805286797860864
15711730
1061388836402532352
3554839752
361295079
23012945
1058744646749298688
43035478
20479316
1221689963579920384
200935964
401133481
1356101051682701312
19713595
1299197963835641857
119133773
1131751709514973184
1374423340719300613
1249661383601315840
96623443
2471147161
1261159249389875200
1104797528749412353
1480742346
23871915
79158109
973679651561332738
31679025
562930631
143161014
45479490
916382586213228544
49865825
1366781519667359746
1898295032
239951908
1388966975511175173
1072159128187998208
1162016738252378112
1365900439540097027
113137765
2325716786
1610975198
319509317
1297207382209175552
1384639838478077953
233338979
2194576196
1125245053608374275
1267884424772947968
2263430953
1644089958
1142491317932646400
1328032323695226883
860024314783043585
1360161820523200519
1293752731409227782
550422164
770816940025741312
1323866733564686336
1050560898
1279684653247594496
999008167681028096
615220378
1327610313445871619
2910343727
3054607437
86024141
746477530253828096
293558725
4848589650
777338169209462786
860325601
1384795921062535168
1292129316709564416
1335255177696260098
3373143201
46404775
481653554
634115429
1154883570508455937
494355557
2235692570
41378284
1328890298961965057
1403757089227411470
1358391948470591513
1172324726074560514
1357038452794089472
1331739460174798850
1385091264173969410
4782461357
1402692690379259910
796862655017394176
983010260
1065294192736374786
1571104459
1274761992138604546
1267344896395894789
1402285551546376198
1378687400738762753
1075959253611929606
974232954548371463
377686106
2269864375
967164447063191554
1352204016789450754
1270794059561545733
293012285
776882717736579072
986259020959879168
1125092958
1264256390442385410
1374448110739464192
1397460708850163712
1392908434174103552
769332329877688320
1336738941580406784
747394283498442753
875412475000365062
29024224
1337497975183077381
1345458526441771008
1351525075812556800
995821385191636993
1296206070340136961
1380754363447140352
1386797935204122629
775706997266284544
47001219
1372958689024434178
1107569015030013952
1268106159719804930
1357221268341223425
566479653
2262100542
1293372938511618049
776384191739072512
1379258066542211073
2795038573
1121493960449458176
84129927
4866142955
1132033298975399939
908573161054076928
1109202510386995201
1251642753584422912
1353674688447307776
838362472851505152
1467241825
1367009312866922497
1365888247436619777
1366197301778124803
12949142
1354968776140337155
1347367712058695682
1348410654571393024
118229783
712872406260572161
263817009
1343076926768828418
1313974613165125635
1307058208213737477
870380523872436224
1265795367850958850
714972908
769327432331657216
1265763601949896705
1093352520
1298609179700207616
1041173532745490433
3290892218
856569902139920386
1341318499675893760
1104347010230964224
4137246694
1004755275746856963
1340461219132579840
1038147348197789696
1243784311335239680
1274450458883604481
616772884
1337554176625152000
14553947
1272253043761909760
1041702945820033024
4204070483
1338179303717146626
255156642
1330946899977924615
1194966241879851008
734126987506241536
490149241
4639246335
1172965620398379008
405778979
899765511201882112
93323927
2842059149
123164473
1334670917499301890
1214649921787219968
2870652701
4898922679
1263165615281332224
824633953290166272
751025826
1158216040188456960
1325360924241223680
327823484
1270053366773592064
1149881262259265536
1080299095150002178
1211401039007453184
840433985939419136
890077351
1303774644424577025
1246200724469485570
1221930944879304704
1268396646049734656
409738475
1286773962085736452
1329115275019624448
1317910873894248449
855522317845364736
236300369
1128950490719490049
17289855
1283363561771868160
288548982
1329638979839397888
1269286821424508929
1295929622870228993
1307673919562952709
871320926318723073
1308476115078582273
1327985006166253574
431056574
1317239145715142658
1236857284308938758
1211005131283554304
1310397396640321537
812870272210665477
1865273095
1326836182613962752
1316900522998353920
2852548007
1286024124649943040
1260375676730957827
1060580881666981888
896245356123566080
831995481278529537
138882249
1326491064094629889
925733711286624256
1253740236984680454
65535908
1033508724495794176
816412163606716425
1157918432899170304
1361752656
818844726518513664
1144089145083682816
253793636
941023430736048128
4207102888
158091935
895897783982542849
1283953213482373123
1280710305010589698
1294806943345733632
1324559048990056448
1618102956
1324495730648748032
820327436080517120
1097307140690272261
1296188027052732421
2888669860
303307443
1311806042335055872
764938076
1324129975390277632
800825577599016961
1267239166661689344
1315298867378872330
3105362665
1295558327351554052
1322716255724470277
1179702978514755584
960723539866288128
45921620
843862911516917760
2576369718
887264594
16161976
1297689848577429504
1190042353991598080
1322857467425021953
2872539789
242751911
1322713692799148035
1049791881146761216
84414053
733312801687674881
717483056156704769
802909835272613889
1311826237309030403
1086350689771634693
1281421844248031233
297882984
1224445924648407040
2784308211
1320358729032863745
1215021308792188928
1309101320650059776
1242047226228211712
1245987973264363520
1317796946229198849
4464581428
818821543010648064
1050343857685172224
875654351917793280
1100287213324193793
551290667
1056740805723877376
599812197
984883015909281793
1307199391288229888
1233280999670157312
1056972920474517504
1088463519194836993
1268687733079379968
1311549339165048834
1268539492463456262
1314007190181687297
1313627839791599617
3301855307
1310164593952649217
558357383
1145702015374438401
730141801881853952
1296722751407915008
1303754220005257216
3573054076
1281013055086891009
707284988069351424
109460443
1307810687381463041
1260825973546577920
1292494628592193536
243791846
1293896241915613185
1309371737851809792
1309052425030991874
737914781743652869
1137286083148861440
1037327180810911751
632945459
1234663272697122816
983497567
1303675395892555782
1295921630892503041
2935244973
1269692902466297862
1291824500762275840
956167365330272257
77362988
755063448690495488
1241211921531129856
1190650121836347392
24455809
259088328
1071881666744860672
799092854
19213273
1271823336402755584
942857612365664256
1262428485634666505
2888208616
709644251655757824
746266998670123009
466266268
1249729843
1063839885205913600
954047833
50417308
22673835
551998130
1292211068010483712
1071138556725223424
1225871047112699905
966681366
2270083340
1254864672584544261
4706210480
1079033136363827200
1260648618417098752
1142788562473103360
3283507633
548136534
523085134
804083582
1140627402147729408
1260199035656421378
1292041566249537537
778794008038428672
918906377807917056
938135533
538787226
924367518302638080
2991660165
1272326583039201280
826223912333803520
1054870778120945664
1270824800550744065
717223802
1110872351216947202
1295494995441418240
782134381
2737839626
2697001392
872092655018233856
742467990
364687466
1223409621987135490
1269010750829465609
49485394
1151905482875068419
1318685504
871932656560353282
1272185181881991173
569923883
2885512147
700578928356777984
1260728958649131010
852303583554838528
1265591393298202630
1025893555
1280719962655645698
1240782070135177217
3288238953
404874210
1009823263
2853172431
779887317959925760
226892086
1655396540
1282355088800002055
1116226112286126081
1182243393520521217
2607421675
145857163
905551149171740672
1254474639310417920
1275678745265872896
1275288078022701059
1200884423077462016
1161015459229130752
24200110
1266288287301263362
1274239551989362688
370506800
1273748146242412546
1261270683285204994
926536316
1143238486335664128
2954295545
1024154554684846087
1025284173081137152
1215428282495242245
1222914238005596160
1269734070411542529
191329633
1138265991132209154
1271620401106432001
4896028222
1252702340093636608
351629772
1178988967540219905
2264475498
1265880846130503680
29772139
789441511
1251510910390337536
1271510341080547329
1269099001304899584
1201935772158439425
3300280898
1071789826666627073
1251023513730899968
3240819887
1256513837551038464
47256078
1237453163390799872
1012776873925992450
1247223748949880839
1262915436531912712
3179698566
263471180
1173099199585542144
1266825456168337417
1149576178069626880
1261519782664450054
750462268551340032
818831186
939643920195100672
1167960440204398592
1215044544137437184
1254857421891284995
277314811
1265706889310060545
945260774435332097
1133213314669002757
18600948
957024008091955202
997259955542593542
18915471
1012292982
983828140790136837
47457013
1242586414954536961
1184479080026128389
743098985536225280
1242627121790451713
958033691690840064
1205909083846516739
309207464
15074862
2191070611
1928987904
1367547072
941520171486851073
1216138069524377601
402797989
717529891680313345
325979892
1003386752919224320
1227232877689135104
1211784762945236992
1148326949405810691
1188156314800787457
816257953615454209
1255947344996155401
97331543
587311184
1161906789195165697
718537258534461442
1139294941455122433
1053058944
36228219
1104165722996043776
1197186629292703751
835908866953084928
1233113216156413954
1243295011036368903
1165485511328358400
1057733309999054851
1127547875301494784
34735606
1260268946290348034
1148620906492768256
947926878219796481
86293183
1115420719
1230858450063810561
1235213875903111170
901970609663483904
1016415233475334145
1204834404981334016
1096007706
896396707612827649
1220418236249989121
1213151836955242496
1199237765864443904
19292704
832793144085262336
1223399464200822786
1087022330818281472
1025332632253591554
1155848060016181248
874221618700185601
2192917914
1243188015708737540
468640410
1147274464113152001
2834129892
1203881193273511939
816415878145339396
989567033430986752
36699408
1233324722433249281
214142907
1257143088549691398
1236877756518076417
594049196
14101483
1163463706929500161
1239586337675784193
82211797
1250946927002345472
1245565069322121216
1215127429704048642
1250542750744940549
1137335338236612609
2876805107
805842653782962176
802238817411289088
1098018411978936320
198547044
973865971633995776
786581864517513216
289423264
991534572662816768
1246957748350119936
89624450
1175424186816184320
890396277246238720
1185977202569076736
1246750912917504001
93081569
1140133160035991553
1216018194294607877
1221246374106345474
1234106699876880384
1106955784565465091
1150382774370652162
1037372973185937409
193015501
2407544636
2391897518
1163142152907644928
1197125611237474304
1241167123763904512
1017058225559080960
1207807582443917312
1096283169899380738
2225395476
1123882718306230274
936011103527677953
1241109933824839681
159953262
1211050124203323392
1241123916959096839
2161036068
1235321942640603138
1197887413667926016
1230948208781778945
1162168561206538240
788096451658313728
1239301297255432194
1093297314830135296
4647987748
1296513601
1234784417677221889
2960091960
1125230849329324032
929207199347478528
1234166915062386688
3021663385
879311275519610881
355553437
1232777401723166722
1201767456181608448
837820012018663426
1136922713690447872
1158451693828345859
1232702960502702080
694835008041713665
1085938727279575040
1190977838377254912
4220606834
42287619
1190425359533191168
1011694198276476928
1229852048436449280
553246138
1227648489770881024
401113434
4847217081
1069720356552916996
1219017142655279104
14462919
2430199825
174127986
780791260328058882
2419511190
2626564365
1227292100531761152
424281809
380758861
890744795160825856
1225117928393248768
45599954
83382182
976972086647324677
51117367
991690824948834305
57949883
2530913162
22746775
710370158510870528
1202042621037813762
38353253
806976758213996547
191317353
188974544
843280482485899264
3028639947
1165770597089120257
752035207860158464
1059883746118303745
302730365
528991036
1154992243696160769
1125363814877356033
972369958029029376
888488830487191552
1214660118043693056
819312223768154118
363039718
432614294
88786572
3374475687
737020800067375109
868271815218606080
1221445763118649348
4331152333
1166532699093229568
1032593355463634944
1194747304072372227
1076877018862702593
1596061417
1163135849170649089
767830276047265792
418777242
779413113154207744
752749072914591744
3379541332
860355559
21222677
1119027102857220097
1053855558330208257
845070010720542720
1616294354
1207471945232605184
2819364904
966902626624323588
719293082877825024
1177669927660113920
705465773154697218
1187858100708990977
1210894310259838979
1144036241442127872
261993852
1199372734578483202
3349572312
890853470856761344
1210719423990026243
4737965237
1212139582109569024
204174601
3358485004
1168591784911331329
1165990115434467328
2330779034
913265042090491905
222476103
741652063503953921
4091789427
1159219382712786944
1967626812
1026494297112236033
402290737
3092076227
1147660357877534720
49097621
93755227
962929493508796416
396706287
1107732377256648704
1204636185500536832
1085874622497579010
751059576259239936
973937423221653504
1039332980379054085
1193504476294000640
1156238619243352064
22299835
3218677655
892399926033907715
1205254717615624193
1040085744633700352
1198277711216689152
152698082
705123307650158592
1009072198307500038
896213347296739328
1207030234337271808
1204656806221373442
1188473103179046913
879737457893363713
1201522018786709509
53895022
1196618311389384706
1031948026384986115
1202069193157296128
766005214134558721
1146112603074248705
1027838617396240384
815728164722774016
1133677871233470465
1167508359085547521
41108476
1191881645248278528
1189490564347113475
1106487832632324096
1190952186211115009
932163762718572544
431187881
1188191926408941570
900200802
3410843525
1095735806197710851
3002457954
1179979666200899585
1186392399049908230
1182889057501663232
2266542944
1170495643795808258
1736266464
569462705
1179278420196253696
1167212620413374465
912806875598655488
4311840815
1020079327168278529
531645932
761363750196772864
757249856175878144
861520656
1020753951988338688
1041693938451509248
844622893417992194
1156925600042553344
852091473344573440
979461998
2767608269
1963527768
1086917954204184579
95142015
3172235114
763932866040385536
1071209718331437061
869753976819810306
987119836693065729
40625585
1169611681174978560
1165431090548477952
62630259
942660351702601728
2213795851
873470215006433281
810358084778524672
1522508088
1173117218554560513
1031681052740399105
43683310
1175049333407985666
1174904418321350658
944678048535891968
1148222555846782976
43702019
3483430823
1159262439080366081
910883562311835648
1173348081951289344
1124769278438400008
17224376
583252309
340138664
1172663976670502912
332916203
897231271004258304
1168244736903323649
1139564012880969733
1156826625171959814
799362330672984064
842158809707626496
1170395779627773952
897079877836341249
780851678731919360
1141947365261217792
4635060759
794288876361613314
953118741595799552
3219461544
3316269755
34218078
3431732692
1026686791288582144
1169668545770328071
941487270
140838163
912989771663859713
1079073768214069248
90234423
826525977228541953
1871926728
715435146015473664
1168671873732874241
1165056982719614977
774211994308059136
240779308
1056381052393062400
962738290628710400
1027488180
754941912348372992
1160238776997691392
148695680
1007093133341933568
19961060
1162903949353111552
15254984
946365052453613571
1152527017369194496
1160334575295520768
779981036067299329
1005097326220922880
1168646002133393408
787675627818061824
768402435215884288
1006767182
77130240
2882705464
2367209376
1167561424400334848
1007570168762044416
1106381805551345664
939895773633839104
1161298693523419138
861395420743729152
1134951062769754112
1167660721582198785
1147894246952845314
95053385
233728867
186131574
57411369
747025684661415936
753054172275208192
4926640077
1021173134790193153
1069374519847149569
388158374
935453274
827318448262877184
1059742737853890560
854751441881362432
1410662366
746158854212198402
3123663233
1124975332510007297
1111747587160199168
137834176
873585463
3687590537
2924390303
1155497491787370496
312211140
18706305
1097369191529701376
918090271207886848
1060819463648563200
1053822662412247040
6098612
925559589801734145
1148332547744698368
927167976905744386
1014002412
1139972336373944320
873644670424895488
724769842524524545
14455623
21327598
26933188
1048204887614521344
624656560
1029734641429823488
1136601619913760769
371433061
2231109295
52352820
458592002
14711272
989258559673290754
744670868937318400
788794717806919682
866752414245953538
513372570
868201974533160960
1072502019997528065
1873473560
361628602
836277620639682562
1155987931342917645
261749735
1065775800719474694
2283238285
821285761496600576
125013885
843285246367973376
1104735450265092097
3406050634
796417730198937600
51733619
828475048792961024
1027456394482438144
1013429684300865537
1162899685670965248
1165095490918260736
971509219995262976
1018641569572970496
1146066516
220779036
1146878840985178112
1164150289806635008
1163973323837059072
3063981052
31015961
1160537265770156033
1110677467608637441
67071520
1161150267150102528
732402660180152320
1137797476101054464
310257800
4330569813
912372317682114560
1162965871041687552
955910135834185729
63826026
1116236881409089536
1145145708284186624
715515199227305984
17216460
222582311
3034700337
855822386700193796
752843798565228544
1927369778
504228747
326584594
207612822
3303378830
1128296472372400128
973006806216855553
742454539
1050077172440944645
930476682334568448
956997651177852928
913779373140037633
899323715225178112
3108658431
991940185716875265
1081862644343234560
1023237049044873216
379252048
847651800412962816
1133190939449520128
833033505374347265
2168348689
2356017962
1134191141929099264
962305471783739392
922946072669954048
715993776515317764
260347851
1087520967641972737
780102959644291072
956224007011004416
1155931396537552896
740715900085510145
770577537265176576
50738644
845237686608769024
1053431568088342528
1563592711
1112417717670346753
1084453199199784962
1151881667419791360
750399018
828482173392953344
3335498679
544886223
985125233408512000
896470550289186818
1052240289539207168
994949630222712840
202658229
553027990
2447624241
1042838541116616710
1145063468095221760
1090732081242689536
768082692009299968
1037377916466855937
1151213763070242816
2629458370
1130932262839697408
1150066439002513414
84337252
949223232
854346889814319105
1013421075559002113
1328664492
865516973567778819
1081631826152706048
797982673
2290122559
1081386081327763459
22122985
2809274999
1140094937356128256
949705925635518464
1063801496544911361
947757653815468032
1025119124022800384
1126985039432970240
927638227422507013
1142244174743429120
934807689238020100
1085912126420541440
808886173
3020425427
993992087908446209
832042114422800384
1363569630
1074955233594355712
874658640774414336
1414107324
1139591649347231744
817707182179418113
781001334
992571740
988428853155696640
1128677931062980608
1135963574092935169
1130197778024587264
2432264118
620339539
1137086941030207489
2956940206
962714807983071232
188411919
1046913591268581383
2351783978
844637307214987264
1016203122
956419093309083649
164441682
476562608
185508695
3400737969
3009871927
1135239267272339457
1090912240100880384
1364336012
2676811723
1094380268440440832
1134169758146994178
435785114
40481356
3317514080
821795813676515328
1133421700220096514
1006901199633674240
872636634436702208
351643293
13977712
2329330632
1099436986522169344
2191803465
1129856066748129281
1071213733911977984
4849768080
905585546805764096
1124579503207006208
1038101359592128517
795832924537032704
1039702432312385537
4498776677
492689214
75561107
2285429016
1128429882583736320
2382733897
1487420558
1110911949498449922
58007320
166885495
824045958250037248
1130241882821279744
800455364
556969755
256064425
141854901
3468503423
968297744480681985
22583033
809567324529446921
4877657746
988611729553846272
1063266870969753600
2890635478
937815731743309824
2457180217
891986155499118598
980876552534740997
928574759394336768
954156039800348672
1129410774584242177
49225602
4182654838
703216352140533760
30649139
984819250903814144
1062197256441466881
1001115815582744576
1732603394
702247731524317184
756262555878821888
1094433896626823170
1090170866086887424
1052707477802762240
380832138
217834632
4272988225
4532953272
1125112459189080064
1058084845446983681
1122633356024471553
776560422619054080
1129141095751983106
1125430715540287490
776907865286213632
110962476
887503053632548865
825445747
1109532876310302721
260559266
877186431432744961
1010257135840710658
1071452227523538945
2809256199
824834350868934657
2761074833
704426366708662272
2689564745
3283242398
1000266283420545024
833229686301827072
1087910449935515649
25444103
38878208
475119487
1587278377
961054746495934465
790701890073989121
59579197
1119005523993661440
67975341
2717699083
526880189
1085086570175070208
1060506597510799360
784089439760973824
1107272297017163777
25721806
767156881391493121
1117206895843004419
1045129797674905600
454756485
967515905298112512
136719264
2328572515
944022723776471040
1085213672530677765
479239349
3302461004
56733855
730848576541212672
858305261022437376
23545373
2185196618
893789672035332096
1101400739727851520
1009832042568138753
4700137995
810342093637857281
479794966
978034731580145664
866069141576441857
19204438
812382709406461952
1078460701176463361
852486915525922817
810895268971479040
60189921
386144899
1117942073016115200
924884192026079232
1538009570
935654063076757504
1078821153781760000
1103837528950370304
838270068274380802
2652807043
1692213060
2854886221
922623907189833728
746707887083266048
1097319199502938112
275307218
1118174988173967362
431785296
2999909453
1073695296725635073
1008416415462903808
1118048310940532736
2172708457
1081775226399215617
2191380171
1070042926506500099
279236217
816845446161252352
1019205511823151109
967264395968598016
1009109859873280000
1018144154445144064
1035069856918298624
1109379084780331010
280000083
488706003
394725061
947336954680565760
860332264781213696
1103922262246219777
1108889682887086081
1074756099973234697
1096243585291354112
1025679808494067713
4548885736
1034307983998513152
860901086
1090232119165517824
934547436147798016
977364433998553089
1105398166654988289
945420782569644032
1112762346307489799
733021500807188480
1024746313995317248
2752029255
160594322
784399151891095552
1110346658729082880
1037438720847355914
790250149465423873
636352283
520535914
554446395
904300784766025728
1581797180
50524966
202629418
1022164097297608704
1053965296904609792
262382569
1448264286
878144305226973184
515451557
157718178
625543588
1101576702453534726
147982719
1111780382335074304
1047561774835281920
3267456386
1111093447979470848
1047556683000700928
1033074111340314624
1035486308565766144
1110417235942752256
112900548
1098429474364887041
1107254939192094720
778164937541779456
870805136733491200
825728106405183489
927553662087520262
796626155952570368
1007121509020848129
3193954386
754764352683737093
262994158
905852725904236545
171653428
781176931030970368
1096828724195012608
1098828514424320001
1102758110010081281
1089891962516398085
1047405141253603328
854740652445315073
795867123545440256
817506928800763909
369184678
293579338
943273399513575424
320522775
82841909
2683391701
3146634482
4881025918
3217278321
907993157098340354
905996684701917184
868162232969986049
1078837716207382529
29362681
705936824280043520
1008397264128225281
58861344
1081618237463412736
1088203004774252544
74244533
908472159571517440
1040241106133364736
95115251
1005007371159068673
948303184019193863
26665462
950035076
978707251430088706
4569991359
779208371484430336
889196321885876230
1089568487335292930
835876650764156929
894190837185224704
4549245201
1712097372
1064550545497747456
2808957630
949832406999224321
899417437434785792
4180763655
1089331799761870854
1082265188529831939
2592288341
958776527994400769
3103685384
2329219443
1087587477412552704
2470463042
833510865949200384
1071649577193721856
1088102246309642241
1028456894728351744
1052884668524027904
4889714145
3074098423
2943504513
2602239103
617412267
277844631
1085578420208119808
872053708808310785
1009657602848903168
1035670932868747264
985271581353095169
4352470153
877169420518514690
1065055530190655488
943609588552732672
792436389988012032
2321127874
979479501485854720
16029910
1016257798504525824
2790845054
220478007
1041178240402960384
1336277768
3418210767
308701309
4691052144
711960412334526464
1078120727461543936
738824954
1074053859792830464
865685025009811456
961661041854697473
1008694386991992833
874518888184070144
1005159812282376192
1063585376038674432
988463808644513793
758650563307470850
1066207689494200320
4727710155
75297669
3316268159
1043973450916712448
741201901501489152
3761046317
1053786795035541505
984144350941732865
736314798485295104
126987215
953966019223179265
507516242
3418851852
785276534877663233
867858949567131649
1043857143949086720
955260756521562112
42463851
860838734056521728
1045707048933982208
970650205505847296
999769848719822855
861389753563959296
718600146619990017
952164002557243392
720026030186975232
742709933351796736
4105765714
1009380176764039168
2475215048
1017182482087759873
1015016528771600385
1021911538783768576
2349347329
21335123
837555557804339202
849075021381337089
116634902
1447296895
895694513460609024
908324706046042114
754342297710362625
822299610018365440
9287122
985341937451503622
21778166
222665185
916503794569175040
899719033335009284
775833306692595712
938232813500993536
2848273882
2368624716
895879686294691840
752581915459235840
1612822579
900443503817347072
585180145
825869395817791488
783411783671377920
