1578345572129558528
1605043250284429314
443719711
1310390278231121920
1683719641238237185
1537382593141821444
1008141607282118656
1920274747
1405729191237087237
1416212479865196545
1656099722468159488
1366375334875193344
979822308121595906
819290561068810243
1605948326247120896
1390355134467739652
1451941051334283264
521167914
1196241374070353920
1287423615215063041
1645581640746299392
214142907
1529960610632458243
163802435
1280921980749983744
120281679
1556285127688429568
473504628
926479003476561920
1538705932799987712
805502502028398593
1600964443122421769
1110729902439849984
213058411
1317568613189062656
1267156833946472449
1490255686252457987
1877198120
1072645040709595137
24179966
1261895351302123521
1428767477249368067
1122265194036715520
1500204023240175618
1356953722581090306
3283379683
250259063
1342174584594960384
1314968154230214658
1409010065248460803
4389650355
1641556210309636096
1675185469431185411
62630259
1078478716307529728
1274239551989362688
1628167963713961988
1098425078608482304
1221379356917927937
1526256454184972289
1560336808210157568
1372186389719171073
1616593576867278848
1491298838879031299
1675941851113684993
2359971372
3213596780
118584046
1342535102723723264
1620203520799506432
1449773344312766474
1663574554743128067
1545230232650747904
209693451
1364159160267530241
1482560732973735937
1488119310337806336
1632837792387543046
1410317774044340226
1610721837737967628
998218376848658432
1103274329498882052
1469074531465711620
1428293763143815169
1653876971791679500
1663758574487580673
1410678149361307653
1335254696743874561
1635343362206081040
1112586312622592001
474833666
4735176079
1372278133009825798
47063142
1084107871175012353
1640435358352506880
1595083261528637443
1144411486074204160
721788566175485953
318672016
1606852990115119107
1607540187491360768
965274646600933376
2982376319
1526843685144494080
1335237183234519040
1190298167666806786
2194957453
1104165722996043776
908184141862195200
1149355245719490561
1290077344703680512
1597438040720506883
805503196730834945
2377703834
1547650133218643969
1241894850682912772
1054669807537156096
1231793597457911809
1544408838308171776
1585318602944700417
1054946877374951425
585457122
1629234523685769218
1613637884875087876
1352298509039353863
1197723661349707776
1502306136975945728
1213275904866050048
1650253491498000386
1234150672473501697
934262870845677568
1552795969959636992
1549461766983360512
1075291580863561728
1556895808917848064
1653162792306745355
784665469403877376
1090068803562684419
1608894912615034884
1574918591446765574
1621584220488433667
1585136937928638464
2538196992
1528987322280206336
410598599
1651673662464970752
1186749436342472704
1477738062776053767
1498032293671325699
1596128302875480070
383903024
3206256441
1481827120988966912
27752212
1647331070998638594
873427520074461186
1568148595861250055
1512682935547277319
1267973798625775616
2336537732
635246196
2816466267
1115071890597478401
1618119470190305281
1618998292586586116
1542088334125801473
1603561263015026689
1597714044311437312
223743682
1615703774286254080
941881891489116161
1474392309915602951
1261270683285204994
894957766598635520
1533469377437356034
1494752909510295556
1468544372182745089
2996959115
1461696083860598788
1242777826501234688
1408600853930385414
1039703701584338947
1379860706883948554
4914384040
24118518
1575682700731568131
1197293978
2409551606
1547227626791657472
965451112395415552
18847830
3393521
1127547875301494784
1297988294630764544
1058747380772884480
62737122
1596200402856431618
2519513510
1530129316901699585
62513246
982070158125682688
3214466631
1308469881529151488
2789086655
1475231323480543232
1365444576530563080
1061941567
515899572
1594014923834654722
25073877
333357345
1357707989642219520
1539396470922792961
1482953932817059841
825445747
238864812
1584393009088540672
18083519
2270786730
1316005112461000705
1568938182749593600
1095735806197710851
54307047
1893935582
1549483028397060096
1293287008241094656
1424751159550558208
1281062539581939712
3997228847
1551824994749108224
1277116863411937281
1380369254269083651
1502580158330458115
1431721895272062976
1448817356495413248
1483893386817986574
1571261226247659523
169686021
1389035217562779650
4722105555
1509913938296639491
472129983
1524407286910930944
3350699860
1522053643570417664
1268386008074121216
1570831914348548096
1548443285999366144
2794848564
1553557608174424064
1325866249360990209
1271514997961695234
388017651
1462953141696020484
1431809630926032900
1562545326652723200
2924777742
1041425101441327105
2918039334
1496192458811715594
97829983
118191384
1564380329741254662
1523658772287262727
1213273196268421120
1473857754934689804
1229772625821478915
1210776737967038464
1081230450998288385
1538640359235936257
1560698937492873217
1468839885876252674
1547598080173678592
21614780
1557429084543655943
1425411206844764168
1546228059367358464
1492677599390322689
1341814365889179649
884828064282279944
1467896662047735816
411283452
1343038570039300103
1468662864353415170
1492220962275840010
1540460409190174720
30514190
1547643100633317376
1495840832091566080
120924076
1458791175519973382
1053313199053983747
1501364396903309312
1468161276010504192
1161906789195165697
1518699090548301824
1518980094949314560
1534889904269840385
1200098878063861760
1534327201948127232
1525484928061906944
1443198019881611265
1048012125141196806
1525968391995019268
968823075218243584
1516837323115462659
976122249836154882
1458619599835082753
17060573
854746255431315456
1487113144438861832
19363528
2505607994
1456352281901867010
891098592869404673
984427868041170944
1465094099502088193
1129350406721683457
320370596
5943622
1071986199596806145
1244674431747870721
1180871463395454979
1518631040637718532
1481761562889236482
1518736910243356672
980516212059856901
1434720042193760256
1326229737551912960
1065469740355854338
1514271598664196108
4593586875
1083884006624522240
1447737187072716805
1392871516002467845
1374405687359377411
1343452787141718017
1487439047521886209
1462036943517147142
1488454211067170827
1431657528220344322
1511377628145532928
2813957184
3286144710
1158800425325383682
1463491769996169223
792672007
1294663151129178117
18957805
859409582426251269
20736511
1466909927729999874
19784831
16929349
383031509
1432395891651010560
1504991102260158475
1401044135994433536
11018442
843208193719328770
1480926325091323913
1468270296603914242
807784040
1255907018491269120
1321203011142610945
1375915101073649666
1481582232863227909
1280885827804028929
1486872568489381888
1104813751671369728
1078548240239230976
1273783206790209538
139726526
28254715
1376064428676767745
1443263688853622787
1245446934858469379
1094755594702077952
1222553947
1264774037798096899
22675279
323913608
906234475604037637
436463305
899323715225178112
1322329445617831936
1213678229824786435
1357717304931479552
1486952816467922949
1399274161944530946
1440196401120509960
1442558040306171908
1003645782803861504
714496340592627712
2716396488
11319582
723896507259322368
1482688723103985665
2259809232
1434198741985030147
1348018768442777600
1050343857685172224
915316112379797505
434251349
1447064737921974272
1403716142061998084
1310676455433465856
1373521707202310148
1155854603931541504
380578024
1070715394539827200
1402496960469245954
1333825323616645124
1414620680910430208
1465966343619067910
1467563230084087810
1469866827954098176
1025410166483832833
776384191739072512
232731795
1357365335733776386
2984061568
1382376686960963584
810895268971479040
1345028127030980608
1394022478536663040
18706305
80758969
131877932
1337151218880311298
1332242746216763397
1347431595997863937
1020266248620236800
1320401686398144512
1386209234996633603
548258435
1109891841552347136
17294582
236944232
1365618894392741890
1338547796337709056
36771147
2304121598
172589155
795770805854633984
1325554108359696386
1265053791050743814
1251900966770794498
1099343905634553856
1347010013475299329
931346315677593600
1257445981320359936
1194116373661782016
1329891389430243330
54322957
1390616517117624321
172204240
2493528643
492443928
1228256088748961793
918804624303382528
1343935155354947584
849982797154590720
1204516592010137600
1218190078461337600
1012848315744993280
392161661
856162158845059073
1733467884
1356342958765858816
1351358893771911175
1425531375751421952
36065771
1365725278539022336
1076985997454442503
1365807589276200960
357312062
1339636894498484224
361289499
98976495
1387757869932728324
1383580834695827468
810424
1229835589530177536
970994516357472257
1319307316311674880
1135183911850582016
3242695138
1251499262350942213
1337780902680809474
14312391
1403738053139648515
958778807766237184
1367817531033939976
13418472
1107732377256648704
1393420333303087107
1335051121774223360
828235712411627520
244647486
16029780
2231109295
611986351
1318339453186965505
1263090423343562752
1365765172112076806
1144346832669171713
1039443327404453888
27522964
2265046032
1394592005179772928
922267018526707712
855947347947335680
287898116
1341827746436165632
1242915559420956674
26649679
928881657943166976
1012425607764852737
1227639556712865795
4306713141
961532704482308096
1332483198039846912
958937008008826882
966821224595804160
58826629
1172544753864511488
776509880
4870580612
1238511837722882048
1300085226119598082
48223503
1280019062
893039853901934592
1373329724890607617
1236779154923806720
1266310339102007296
1282044648735866885
1357781248714891264
766130434224844800
1355589268094279683
826213575622524930
912729106344579074
1145702015374438401
7900962
1336545880015560704
1367134545745567746
1365086833969889283
1304125480849768451
1266821924824535045
1871926728
1161261376846946305
1116548763168858112
48048466
36442519
1122611217216888833
805813819956166656
1363751041771126785
867528344
2568108282
1289725608558198790
1201985743729524736
253192410
1138861424590168064
1337999055914491905
1080395198515929093
898922311553822720
4239551
1221441944267653120
1264199016088317953
1324737805474562051
3817258229
1348430668506791940
1260615548158701570
1355589699746869249
690823
1015295486612291585
997603378027905024
15745674
1273299433783013378
142813453
833510865949200384
1230273491288522753
1332743085718200322
1036808284903231488
1201151984600002562
1176624876054036481
1174708184126300160
1094099644064264192
1237339671212036097
1343303049847029760
1213608979386920960
1217559748557647872
965693789192032265
487777321
1329307685037240321
3015067823
908099840181018625
2204609910
3018742509
1031747223569227776
1306741300138475520
1093972206655336449
1210711945877344257
220779036
1268032640042414080
1304537279332069376
1308059808034152452
718303168875139072
1309970183390482432
1278366658571182081
1085572304241913859
1265305765885206529
1319607679728406528
1245706416809263104
1316189605297901571
1311748941306830848
1310075199791001600
63354194
1122904904975179777
1062395654696128513
491905571
605974171
1094978708371374085
763891964261568512
1295494995441418240
18961404
1217504511503278083
1267073027461783552
1161212690993438722
1267257106652172289
775696688489099264
1105567415138729984
1282674494876917762
1290797851442905088
1012795873942757377
1052569424539074561
715979593090359296
49524978
1276614352687247360
75561107
241072354
534434172
992183078226362368
1280852842862034950
1191411165127041024
1269036369755672576
1267586846000844800
1353802260
716256825621004288
1270911243180703744
828423898693779458
2355254546
1257792281614200834
80102659
1169791982597574656
971157641912229888
749767814366441472
46818898
885149590047141888
98549214
735024071843426304
1069720356552916996
1205358506020397056
592914493
47835452
2413186568
1121861214806708224
2853172431
1109379084780331010
1192476465054601216
1243227520138391554
190422460
1322560452
172537702
34613951
1242955764312006656
1156409786885427202
896756820668170241
3123270851
1130508317816758272
912951056019181568
2382733897
799362330672984064
150923186
499230066
1401136226
1214643611209523206
1135987028611350528
721096238020628481
1239301297255432194
78774833
857847380737011712
1177213504627105794
432557320
1030064031716044800
124209201
4464581428
874833415551496194
24127811
1141434866124447746
1166366182569598976
21201150
23458300
736016951332372481
1216444936335196160
1051656660815503360
861734399552782336
702169674553888768
214621930
468640410
962860018965114880
1171980372441067520
759251
784738327425589248
1103837528950370304
11912362
1116766980596543488
892121929116778500
766326031259230212
1062197256441466881
146556805
1156970700
529540495
742402133232734208
1048743055292080128
1151642931322937344
988467944
1071213733911977984
1091619601358569472
4736829527
34713362
3108351
24209004
20090888
721390246756282371
83992997
37819699
1189192694310068225
29921247
1112469503609327617
924478805015531520
1006419421244678144
65698096
844251061535817728
1096189997370298368
2894040989
4785515727
3761046317
866069141576441857
41905954
1071351177357463552
1148620906492768256
24457744
1129532119192096768
254479097
62816265
14362241
2683391701
1101576702453534726
1015016528771600385
4352470153
897374037143433217
2407544636
1067437048275976192
722152836776243201
972654691434692609
814162768018411520
1112894563881029633
1112762346307489799
51391696
3400737969
2352957686
2925441313
170254080
322569026
1092261721300000769
21480702
21626308
51936011
990759289877942280
1081165577991921668
14634720
1435461
111339670
1630896181
21215254
969109324583796737
1009588379640528897
2507677199
1056985920476536838
2911588628
2413821780
805223648499859457
960631725230616576
57047586
274567177
808877428852621312
1010327180256030721
701931160297938944
14662354
1026216175527763968
78361556
15309072
15738974
60959527
704437286767828992
70725281
59687305
1265726480
331803536
17560195
802480365386526720
18251414
526000287
17469289
14677919
2687061817
966855219882659841
265481588
606403456
14173315
35773039
801113147499311108
5392522
15012486
4078951408
21397917
976792022672707584
22642788
618759534
888829579816615936
380285402
2514675292
16686144
844767384883757056
4105765714
28785486
183767243
1626294277
64643056
14138785
6134882
2884771
9890492
818905354205622276
26799530
924699561989419009
13393052
29770501
884869770218262528
948303184019193863
110396781
4170491
233288673
7867072
18086993
188053555
87775422
5988062
7587032
91478624
2907774137
4627236323
786599389326344192
4833734239
95480831
19563355
2843713972
2405216660
837555557804339202
375721095
820516959351689216
934654549775745024
1931893196
18956212
844434316943904768
370291114
1129720458
921035226469535745
744537539512459265
864012677718429696
3154508072
14276734
47436923
24506246
1474717591
2740108585
896235387592601600
4717892303
2349347329
196168350
52352820
871650706381561856
2739596257
970884857126506496
1226167963
26576457
18201801
