1706720156385169408
579780672
1298781706527350785
1695085914836402176
1691392180781477888
717477807052292096
1672681487315943427
1523710661297164289
1248006733466910720
1451131758154498053
1512085778800656388
1668260529851252740
718679496015028224
2420831851
1572994841285459970
3064640931
1518790201128148994
1578479495803174913
1477329321899474956
731409577
1063552170891624448
3262160865
1088277934878715904
1599879262420566016
1587179964343779328
1369939043589488641
1586816829003014154
1497349310643589126
1587183203030388740
1433930577321811968
2528491525
1579365808249208834
1343038570039300103
1409286824544157697
1098653258300751872
1296247812963917826
1558638250658611200
1334918947918012418
1373093264442732544
1531300178187235329
932762008696614912
1069953671750975488
3760449732
2196895352
1083884006624522240
1153926075480719361
1447383498961063941
1503453819207917573
1064911441847902208
1263802718
1403257320516329473
1416524284751663114
1478127364399841290
1457510723920277508
1146144292546781186
1443373863014916097
1427601211759505412
1405917952159985667
965020998448959489
1425933206830948362
1363174828216373249
1422624466798931970
2911813751
1246474607512760321
1391640537501949954
1287810724190806021
871017006
1220533818026840069
1378657046564798467
618351675
760647384854507520
1370423204406300672
124560213
1369521061243588609
830027233
1304181904611123200
1155906054359867392
1233588255049863168
1357365335733776386
908144969696763904
860795611
1347992865205592064
552321344
1225569740359372808
1365177174
1141067933495336960
1116438715361050624
50851012
1332348242001080320
1182483834614484997
855947347947335680
775696688489099264
786191081205403648
2335573423
838889800203526146
4012983256
378386974
928112473869131776
1644547279
1245717932832960512
783098592009543680
1202368619549773826
1241894850682912772
1267576165025398785
1243277269075996672
3231313428
1245706416809263104
1220211238258520069
2221442613
1077931116282236928
1167431691847327744
1206100803947302912
1025536901531557888
803212015
895643219278655488
4500507193
4378218736
838447034789216256
1129171903678222336
752110277232066560
962829934627573760
1070183953355554817
981976458393513985
1092501372937748480
1009587637773053952
742530593808748544
797413056
1013532729839898624
493353561
3165867999
1669312890
2509279249
786313350950981633
806337084596293632
779763152363876352
867881196931436544
2778792794
128067051
81457442
119559815
