1699435775270465536
1707768757534257152
1677078740558557185
1416526569552498691
1534763390
1667135211065278465
1706486429948289024
1705597523694395392
765909323545513984
2843713972
1460467516246052865
1656904272632598528
1698544742584172544
1704306715477565440
1536506471172689923
1513322225922981895
1537267586043367425
1602050416908595200
1547288279971774464
1680775459536269312
1688600779156828160
1605395540283375617
1702855995620483072
1698807158287048704
1671151200799174659
1652040611610894344
1642172427898683392
1670915963359752192
1676213201246261248
738911954413162496
1694355660182282240
1008141607282118656
1694499889240047618
1686462673326579712
1481409127544930306
1667143281287782401
1645800482345189379
1669713486362935296
1586732760110178307
747123793882034176
934443084263448577
846949171680739328
383903024
1494648920
1695105401384304640
1694161950211784704
829983267424174081
1564350839883501573
1678940381331832833
1686402602462830592
1689852222010740736
1692610360811933696
1685344438573584384
1685823078511599617
1518906825432780801
1216223744181460992
1602686973197418496
1597614608402984960
1622742375109115904
1054669807537156096
1687822525055574016
1451941051334283264
1567489979147763718
1007093133341933568
1634198726620094466
1679134328326848518
1565478462436954112
1640871705781600256
1600670018429079552
1509913938296639491
1666454451241058307
1462876081522982914
1343920158637756419
1575924227131293696
60144582
1674683690683858944
1037021854198915072
1558028102
1527657610597519360
1605709476547420160
1578345572129558528
1597623765940281345
1589376127172231169
1661189619025858561
1669845237705977856
1663574554743128067
971921107992350720
1648676329288548352
968565207193849857
1412582528381337605
1657890405286043649
1157009870819856392
1535281767183163394
1475847998928310276
1426299941274726401
1657503982971912192
25352557
1657079695131697162
1656661051042308102
1656099722468159488
1647906032398774272
1651085790657540097
1624139512896192512
1436143188910034944
1646353998054604800
1639038055624642561
1605405291142586368
606403456
1614317913137156102
1505301410514182152
1358772893468012544
805223648499859457
1640775978757820416
1076789110382215169
1526843685144494080
1335579235956690944
1489140355442245637
951302891708583936
1597399636486094849
1521309472513306624
1587646585860677632
1608273003560964098
1480926325091323913
1605394650914865153
1631505383742140416
713377689743335424
1571261226247659523
1629234523685769218
1603608030108700672
853477277979611137
741057139687362564
1593658438416056322
1590128048359235584
1261270683285204994
1621448529817239553
1618378156167020545
1618383311650299904
548258435
1567543511511351296
1607094388202606592
1616593576867278848
1600075964653912064
1615923994816823298
1522345072980893697
1297988294630764544
1614034599327240194
434251349
2349347329
923113340548784128
1597353125593157632
1586750869483167744
1587156752843300864
1613637884875087876
1398442591276969986
98992586
897675682645463040
1585398973153656832
1541903307295207424
1592127990724542465
1586211253806137344
1268032640042414080
1109145312227217408
2231109295
1216240398575665152
825501626
1012795873942757377
1608872035471466497
1596875354584514561
1476191843780071426
1470093837569871878
1525968391995019268
1116345515761909760
3413276129
1608816942667759616
1603157759691743238
916734521374072832
1594572831295434752
1549797358849761280
1301430625287565314
1561389624584417281
1589771008075911169
1601062664775819265
1589639888298979334
1585882952013123585
1035721495
1440729494591971331
1159301334895681538
1483893386817986574
1520756784113369088
1381415276135247883
1464448672335376387
1519059065774608384
1179674640542769152
1393382022492549121
1520094067295764481
1493756213447651334
1519490388612030464
1204868621505302528
1518755938605297664
1518707779334254592
2197021621
1343452787141718017
1490782033529880578
176665423
1247703655785967616
1462302472567939072
1153042794375712770
1046874017242714119
1361194164743000065
1265014983991218177
1488572012377354240
1481773144427966465
1481321318171697158
2870975586
1104165722996043776
825442822996295680
1429561200858345472
1366360385826091009
1270859433673986050
28746590
1454318442836897794
816609107943845888
1151261114384171008
711361894775398400
1435340411078430720
1392908434174103552
1416123280008822787
1420049608496095238
1017542404801482752
1408600853930385414
765061678794993665
92727851
243662948
527526077
1858565701
1368938599526326274
1733467884
1172324726074560514
1337828268091830277
1384284222521630721
1013927961966280706
2626059063
1394402013220425731
719745008304263168
1384884975229677570
852256178021294080
2813957184
887264594
4789548912
1126941492965253120
2907774137
1066187390178525185
1038208115525799936
1123825692297314305
34713362
1366773443023282179
41160276
4081106480
44196397
1367134545745567746
789839416059695104
256426166
1365888247436619777
1025274127383494656
1365086833969889283
1201985743729524736
2793426281
1275232337844826112
1359923836356018176
785626002474930176
1174708184126300160
1047842156029861888
1348417099668938752
1353040053602316289
9287122
965451112395415552
1276956778782248961
896158831864156160
716256825621004288
1004941619655737348
1202455716050505729
1048444643778744320
1343727888336482304
413312369
1598709350
1633141729
1330990058745294848
1330980414014562304
1312426546930515968
1317568613189062656
1325554108359696386
856991644134068224
971157641912229888
17469289
226194552
1102987848741998592
35184346
2835451658
1090529108956725248
1267257106652172289
1022055263086374912
2430199825
312179503
380546370
1281959649848238080
1045843941147447296
51594589
155075025
825445747
1871926728
1145702015374438401
1268749167427543040
1217559748557647872
189305014
1162899685670965248
876570335537233922
1155472988290080770
1020079327168278529
1256289503209234432
979700483853029377
1240470516915302401
161685142
818905354205622276
1239301297255432194
1235866298254426112
22703645
195036641
2335005701
809514027399385089
1060232166221770752
4105765714
1218336944335347712
1212757194984181760
1212880411887489026
871650706381561856
1106890204294627328
967233900354433026
707625373266268160
1186520778625425409
1010226696665075712
1917731
1186704128896049154
929330286609002501
986982181208711168
1189393919324368896
3483430823
1877198120
885208683352817664
1182805159849725952
1174957395396530176
19489239
47436923
24506246
432557320
882271951523168256
337611162
807095
2344358742
1160271375199813632
1139311864532340737
718600146619990017
788794717806919682
1145429843401695233
3761046317
4627236323
2935028356
1153012012852502528
1112990088089071616
2259809232
27522964
1031747223569227776
16689075
809634353391271936
1147200661819396097
976853859703427078
526000287
1141529474556661761
74760182
1276652162
32304381
3741032655
4914384040
712844521126625280
1104161592021864448
194272236
768737240876847106
1092546550717394944
883382055421300736
1030443493104275462
16029910
1000463993499156481
863646158488350721
3427962981
1106244088486133761
820516959351689216
1112762346307489799
1113110520100524032
1116195036381597696
1606029594
1116766980596543488
1114625414817828864
2588329891
899323715225178112
1024832168768483328
989319618937393152
555648745
1009756602562424833
1101576702453534726
3053720755
1626294277
970884857126506496
313038011
64643056
457984599
375721095
548136534
1069720356552916996
828253251535511552
3609762852
1062053865930084352
2740108585
873051724604334080
767960339547774976
898155965899526145
209693451
53979469
946060876632637440
844434316943904768
18856867
42786325
757033212
27434900
3018742509
1226167963
