1578127149822869528
1138842105856573445
1663172653
3946458353
1655618244760182784
1705725063289290752
1603808135373897734
1598094245184806918
1703663383025766400
1257299934065221635
1682059918621421568
34719119
1701593961440460800
1634986333721559041
1639038294901096450
1620291898006016001
1669033256212209684
1598176077179928576
1494648920
1273361335410028544
1690912276948127744
1509856461907587072
1555039442
1136426434807734273
1603587763248431105
1617902104403759108
2322866384
1670611768278941697
1650143759408021505
1635433793812066305
1635717476112531480
1620478026235645952
1522051963114131456
1671541304046518272
2558068357
1595989904806318080
1675318406092922881
1048229681273741312
1637749377648173057
1598401932862824448
1594855705777156096
1518947339372830723
1541220528689643521
1663868368925990913
1678570452166246401
1410103875294666753
1617863766213005312
1667663224173658112
1692638198004903936
1650169771260821506
1674717157920317440
1626052039393562624
1653444296245383169
1695023031830433792
1518006128646500353
1622436236953518080
1598597127684476929
1685462510906884096
1645971713073479687
1435340411078430720
1599669053718761472
2828212668
1691861410991788032
1687909398583431168
1635740259957833758
1617889757677207552
1519364038404231176
1675202543524167680
1172289543262887936
1692300192391774208
1424392778738458627
1518681664477671424
1453460349810839556
942409853242355712
15345111
1560062531989032960
2738715843
1495448868837801986
1253137288428531713
1669073544016175106
1695006344397344768
1188835096570335238
1572418334393794560
1590094423777591298
1587426221507346432
1618119470190305281
1041878722645643264
1365863538393309184
1580424518966853633
1559213391364984832
2191193012
1546036766037184512
1589380627702349826
719555118954250240
1099579684981944320
1522220554748456960
1251510910390337536
1519911268919951361
1692258109517975554
1672977804160380929
4081106480
895720339338141696
375136645
1319287761048723458
1689091823015436290
1506534777028943876
1672687901396590594
1691130508854304768
1251625650210955265
1608459779239706627
47435143
20749410
1436491127050407940
1610797434396893184
1367361619756523521
1519015839869067265
1600111896665141248
1528351659436408832
1478893991932268544
2263196432
1651994653288280065
1598510584454168578
1432326591963566083
1436081149307015168
1689825113665855488
1486473049146904576
1523038575348101121
1372681436092858369
1678915119374557184
1106057400891527168
22330739
1523386025833345024
1291128494
1688767556696649728
1312883718881775616
836702781788532737
1665291837882474498
1467499844570808323
1632116023028772864
1671497892127821825
1664636142254276608
1585788926526119936
1673724235024412676
1599670251259678721
1615418054619369486
1649548469739061248
1567127655367020544
1517519584991055872
1680609901234515968
895544360682610688
819454193752821762
1445519469435031552
1658464970911227904
1617990418594930689
2342944562
1672537022748307456
1232113417579790336
1650998375326658561
1585844700711424000
1400146851135905810
1674862355065503744
1674959501189869568
1575974633605632009
1676292529665220611
163071725
1482441894722359298
1237348894582980609
1399449164782706693
1591388072289398784
1593766596677623808
1594212682693214208
4790055615
1454261060068913159
1678216899115581440
783842160374321152
1636522985954869248
1559810841641353216
1240448194984546305
1681989589764829185
1696803728
1432161341368848387
63528730
1683956678956572672
847546342037696516
1255820788034424835
1661567092422844416
1674536031310282752
1609261258116677632
1958266045
1617961128625152001
1540076023940874240
1499965008033329154
1666477216367009796
1461055693688029185
319490086
1649909243586199554
1518690130483048448
1646956405990084610
1463356257075556353
1679075831572725762
1579006958853509120
1603841948447608835
1577861844139753474
1659080637876170752
1686144537822216192
1633821070062149633
1640033335345905665
1577761560394665984
1551842418927869952
1098091506886471680
22677397
1465347964252180493
1476323517046140931
806344552718045184
1210398164878024704
18822926
34367582
707796067987922944
743513184
1619754495100985344
170155776
1322726281763500032
1267290680252076032
1410615130308571149
801640064316911616
1683503757819015169
72445899
982070158125682688
1648364000768409603
1594930775798841344
2802274855
2395722904
1519106125475553281
1677226211314118656
1572347633863217152
4846198638
1523792320759533568
1527073540108951560
1544589517704896512
1545987987254792193
3320010078
1674174819728781317
274537655
1568903909132980224
1683504778679132161
1586062913260982274
7587032
891087683006717952
24541197
1600548851450101781
1343679051345645574
1591600230201380865
1271491865368580097
2285713092
803704565778497536
1242698547339771904
1546497037117579264
1506953160266752011
1363702398074712064
1427413799880044548
1326339369880473601
1671755165966163971
1011008340367953920
2285261162
1265892402230898689
1140448134268669952
1679221556302446593
1676634014365659137
1661547867637534722
1651730970154770432
1509589350006366212
1585948618841853954
1590704958420226048
3486419713
79805695
1453821155689836548
1652190025323298817
1679939458324463618
1633604566850715650
1356434353623093249
1335040633313128449
1661534427946827777
1675393889350320130
1494838191144288256
1618090324210892800
746831792221601792
1239923315935981568
4721436012
1601009335320076290
1599847740313313281
1448368776383275013
1661523610111193088
1665790980790919168
2538322138
1595982266685165568
1596254435445022721
439829343
855481986290524160
1674978401411825664
4319800400
1586612432013004801
1614367660845809664
1505770701558493185
1674953071795765249
702603072191787008
1451324458782715921
1591810118001299458
1603962451179220992
1608181242276777987
1626340711946756099
1579455680884391938
1620417068410753024
1636603111706853379
1572853761898422274
69156861
467661480
1390315988147654659
1639810277276352514
1630333046254600194
2729707274
2704294333
1634850216430952450
1476852735253225473
1564229753380696065
1570121225007136768
1474084952497033218
1657575715641135105
1346993727370260480
1523512846599958528
771722305319804929
1472991975607619597
1516892661290049542
1595538786867453953
1586071548858966017
1429130860939431937
1579852860631785472
1657071482760224769
1579925733354397697
1471707382413774853
1461700744856444938
863010033986043905
1112491455715700737
1084161168199962624
350694674
1666902725634711565
2546037755
1115465940831891457
1636585785859223553
65498425
915954364774326273
1280361199973003265
1903105045
1396708174644776960
36847104
3096147528
1125695096
630007315
855186770115256322
1654768892924014592
1519507789873303557
1587486466833260545
1647765973645000707
1608001935227129856
1481773144427966465
1532726913361276934
1661146869676777472
1577094022107217924
4416456732
1656729990220611584
1656724636963426304
3383733773
1433438786239795205
1646971947241164840
2166434343
1656415868337926145
1075477746065727488
1383966392479715336
791620697726615554
1041044330092195840
1616163256413863943
1649241620531888128
1650693777382678530
1430687676244455428
1651390537579020290
1600714467590946816
1615584975608320001
1617932822181707786
1615672215630123009
1617944401728180230
1873277766
1603856626691227649
1595983949108457472
1340046910992748546
1196215190297227264
1595987533053165570
1518683932429979648
1532856085496811520
1608814672181878787
1569515124318420995
1485387557764579337
1617928657804091393
747681871178375168
1456333572693176320
1630787765087477760
1270389025749323778
23125257
1397193602330251265
1425859260248854535
1632637597280247808
1615016957203607553
439373269
4606670113
1490350932193943552
1654005243183779840
3324920832
1576534688730157056
95994080
548263294
13348
3385236489
1650652685765341189
961026235122958336
1336857062
545158225
52338305
1649955194590085120
1655353145202188288
1441463469639831560
1786390915
1332491735981764612
1093089704373903360
1368447790406307842
1642956745147293708
1566963246367756289
1636385621202849795
1390835731019538432
487422560
1585867578488020994
1612660790041137152
1524226014271913984
1358210075236724736
1442524786521870337
1564429657608540160
25422302
132339474
824320363257413633
261157191
379209090
1446853159
18082945
711708804707196928
1152385955187298304
963790885937995777
800111181058838528
1281068231122247681
232780049
1646622689719623689
1520096957762613257
1292282355978309632
1648659344630906882
1429641923627651072
14780915
1588458708203446272
1361476750702698496
1507078380675604489
91835676
22346932
3410843525
3958327401
2231109295
1640472452491882496
1503243894166675461
57441414
1578642403430486018
2379367795
39125788
1586457015030665216
36583086
1215077597798916102
1373521707202310148
2359971372
455261114
1364778391681961992
1395139723996409858
1269740568852279297
1248329741549146121
2794848564
1393240605828993028
1506625716300955659
1587085716215173120
1599470690326876162
1151261114384171008
1585845309598359554
1606136199348879360
1611056206524854278
1618224234538434560
1617899722299023362
1576988501589069839
1583452743586414593
867639769794101248
591882585
1646149366388781062
1645941442177650688
1584563155526639617
1646020801580400640
1646000298031448064
1419439982440243201
23652007
41160276
12133382
1643681329115189248
23089228
739013222569807872
714614269032198144
1610876978239864833
1164980763059806208
1603181051035140097
1092346141998370816
1617011919075811328
1424245369790103556
834410960534196224
2421179563
3328693278
1147416501244309505
1535099171887321089
1618082679521685505
1110602962315952128
1445987971258322945
1285054716666249216
1606381810144972812
846949171680739328
1608093395729219584
1624051836033421317
21823532
1533325978151399425
1617923282208014338
40375157
23563628
1500739124311080961
1268308508111523840
1612178973345345537
2432310906
95731075
1624858270614671361
1585979251936968704
1631861100810493954
1618768930780102657
1463757437664645123
19222164
1329307685037240321
397100896
2274646646
1585826073564295170
1599510806680535042
1639355757517758481
389828496
1639404669746249728
891469259452194817
3920858381
1592117831147061249
1276989305857232896
1503799842904195079
1520201170819719170
805223648499859457
1641159464584900608
1614385871267954688
1640415456161873923
1553189943131906048
1054669807537156096
1636851199738609664
1602412337402679301
1361198145208729601
1635810379040260097
1590205672452390913
1618083512397041664
1634956684794765319
1375461224423505922
1597040837380034560
1472225922401161220
1607680984371052545
885127663219814400
1499188938900230146
1465750262635769861
1598138091910438913
1603467536552452097
1369667569913901056
1599025241581359106
1233959281088659458
1563589963068846080
1118318306560233472
1309110336663027714
1610879121151885312
774170436057731073
45379591
1460283925
1204841211909038080
1347985766497050625
194694215
1025787398
1192625531025608705
1529551030500806656
1322297149887979520
44584314
1042038539800731650
1278099265387200513
794862993553047553
60680268
1367242905048526853
1552871185431527424
1643055401053609988
1080299095150002178
1594246064139546624
1595671921693233152
1614908789982904320
1260538617866436610
1640133152638107648
1162174427641106437
805261960904196096
1537596937486184450
1002599577323757568
1586482463223816193
1598536469274050561
844755859846553605
2941021415
1620157513231482880
1611825257064632321
3318902369
2986533810
2237865246
1146509923683131398
14216123
210869563
931286316
18089606
125128723
1399433770688712704
203226736
975200486
3066800573
90480218
2472399354
37190937
805502502028398593
2261798839
1633539073095655436
1542516643179270145
1364312782754095106
1495093484000354307
1611445545515491332
825504534
2829126378
1622785697756086273
1595976055914958850
734168839735349248
1586932279988953089
534335615
1638634932212776969
1599586303313690625
1319036828964454402
1617230933186285568
808080314
893818632089763840
1598709350
852259884175372290
18213426
543483223
213236426
19062153
538399586
3260096383
47966112
20374262
1638303459274260486
1299515370349441026
1602565127362019329
1617894330869612545
765909323545513984
1633920117015732228
1618264658372165633
1191210152696930304
1631505383742140416
1385248429522264066
1633141729
1600182333751058432
2731989603
16225445
1357764031960997892
1561790875558187009
1594876549286739968
1052551710143590400
1629642500871798784
757402141971447809
78683448
1013193657040584704
360254234
174408001
1084494018266976256
18471360
17730766
973343089363369984
1195946358
1221079432812777472
2882113533
1074753618
21425450
1559229178821709825
2437971498
412611622
1627138673828306945
348844712
11768582
625733783
221838349
1234260054368342016
636513296
898021206967951360
367237480
1137701
16359535
3840
1604229320741978117
1632581283925700608
143682043
1356514488451817472
1387219918597328897
1612300916920668162
1562621251528507392
1551266822460162051
20015311
28870018
1063961200751341569
1622588070246641666
1499522644483325952
1549461766983360512
972631922894491649
961721367854018563
1623919045383708674
873427520074461186
1512763547620724745
1627949800644829184
1345607191034613761
1227799690579718144
1617876287774949378
1265451076993646593
771033403282063360
1600572868680630315
1602338055842852865
1599194644616732676
943071660818817026
1560324937751183360
1597328079923613696
1548751839247716352
1596728215715864582
1528943647185678336
1393652927986913281
2349347329
730693248147030016
1626043585580630016
2180768821
13418072
1834704956
726156871074095105
1441205486305509377
1419568154645303296
1551230591613472770
1548671135407038466
1223466187461406720
1297869859511050240
1552127937880662016
1147329967203766274
1197206417419190273
1543679289140264960
1236722953817128961
1551747556236992512
9273802
2778999600
414352767
1934588731
4927450223
625087292
22919763
382316642
2776806351
377116752
909017503
755187659493048320
724707287596732416
740989553960452096
1082604507454939137
1100266332283559936
841694471293173760
90350594
723234222945767424
1126155870151348226
613212190
1604681858603687936
1462538373218942985
1485858118508683267
1612906327574978584
1586568068800466944
1601662273273184256
1568764311383719936
1528482583792713728
1600850473610780675
1478729268981084162
810151413053472768
942121874967764992
147013692
592560599
1607124944994828289
1438153645791526917
774200021298315264
958846031030030337
62603893
775870494897803264
1603957237205999618
1609954256160960513
1480601762511958021
25294702
962100116432785408
1586836946319466501
1586184850993778690
1613299835079217160
1594849738293116930
1357897992066510848
177101260
1463046498074038276
116362700
1282121312
25248934
1407834857716264961
855300206086168576
1468387185330356226
15567770
11134252
195271137
339368804
1468064881916010497
1318036166344466432
1007413134
771970414155182081
53175441
1599587232175849472
19628766
5943622
183749519
1605
16535432
162124540
1544900738077302786
1309141400
865622395
232294292
1137702197167239168
1586122009699753984
1385467423533551617
1620532027530399744
16106584
1263491240336769026
1405917556318392324
859816394556284929
1369641628495794180
1552867253393100805
1580085356829241346
1564490038330916865
381696140
1577103480895832066
366434437
4170117293
574032254
47401172
1343790052141232128
953983428696924160
1600703165975777280
1609908475810684930
906746404659515392
1608011146245832708
1588577556437016576
1585842655577128960
548258435
1618094883767726080
1593855593248305152
1377685664410570753
1339313400686522371
3051195289
1597735163592671232
1594820161902608385
1022693675250249729
1594532472569888769
1518691759034974208
1589804188535398402
1021690280884559872
1594411911679946753
1593217766017961985
23549130
434458299
1267973798625775616
205622130
1089308757035794432
1187835922118787073
816609107943845888
19563355
22211969
1285633950355017730
1227734031900577812
1279966169328320515
1289943827327975427
979973503104372736
1303465299107360769
1359154454914883590
1330274087218851852
1151913018936053760
3623795001
14895030
2871659160
402181258
18014620
996482244264054784
1370259486661767169
1617930250004099075
1523800795157729281
1605850624481931265
2184867057
1393959770558636032
1421912880014888961
1468282153742086147
1608456763400921090
4097294058
1271421543088885760
1508922190510571526
3252869836
1617903884403343361
1617883161853136897
1362769513008279556
1582530161710448640
1562915222989336576
993700997615833088
1617902245739200514
1617192567711432704
1617912425772113921
1616109799669637120
1609675365714206723
1606680285860487168
1348596720029097986
1636590253
287413569
389550311
47253057
20008037
1353140272620822528
3047722897
1043939776791867392
1382715289524125696
521167914
2993806778
1569986013514153985
1599817826763784194
1596024999533502465
1369523731756941315
1586904150528385030
1585687515066863617
3291691
443944804
1212751745119473664
19739126
14788764
1201670995435646976
796552034782679042
1612606345169063936
1341898770380976128
16884623
17980523
1272623333423669251
1596300590744600577
911157448592855042
1531761787124817920
1604182969819795458
1601800128440209408
1299280837293142017
2473043467
1612918263834353748
910785736902819840
29461258
1429500523783262218
1288319695658135552
1450247589631336448
1706137237
1561774536651153410
1539821833435971585
1302756211457175552
1396902243752873988
1161776053913677824
1414638230796783618
1393003761661063169
1429823303460425728
1491264625203191810
1058747380772884480
32913997
910357294109556736
1265428695939981318
1365702473038639111
932271127648489473
932630991298007041
1289342590299512832
102869127
158049457
1295428909538906115
2214652482
105852422
2716396488
1524929571438534656
1187808818522030080
1393287208426082306
796364017442787329
59001488
1126493340097114112
74157358
1564480219150700544
1688796138
23216714
1253522750125281283
1317513407881486339
1301600163190902784
927531930601521152
1571408734823522304
1262080551609143297
1250920251887366144
427385632
946037999074193409
1321920913328107520
1464322912979144712
1116766980596543488
795342400239652864
775696688489099264
1116345515761909760
1591732891809189889
1600865301104558080
3293189236
1600724233184845825
1349701879534678016
1589587032732475395
2505622124
1422565599994171397
4239551
1519046409235820544
1298474764382744576
1641461054
1473001539287625743
481575402
1608131901134442499
750401262248660994
1595251575232122881
1605677391556272130
1243897832748101632
1453764703981871120
1604334092044189696
1007455770785480705
1597605757553459203
1606771564850061313
1597207168587120642
2235729541
769666924657582080
537709549
1329231299521900545
1300694369591152641
1526453594093920258
1577262224
1605304395146616833
1201985743729524736
1605823245407715328
1606162104989483009
22019645
851583986270957568
897866221667962880
961251444
389048586
3012852462
796056596229029888
1525464684190638082
1561704734448549888
15043917
325111978
915613265748795394
991741610718257152
1589704688416481280
1062206119806951424
405823306
1604599983893774337
1598141134370492416
1487416877404106755
1593879660961693696
1600720176906833920
1599027196412264448
1581694813220392960
1425619400095412225
1598698764142780418
1593231718265257989
133105503
1602665795577958400
1600712353464598529
1599498183037849600
1601920568135237632
1368304902804402177
1603596879710806017
1604652493027278849
1602367362568785943
446282869
1591964914737872896
1599467997286088710
1326229737551912960
1603958097478721536
337808606
1595470060616925186
1603285160941731841
1600492476699115524
233443683
1596618068767264771
1518682869757104129
1558284338957111296
1587625058729500673
1603725175538814978
1232407171360546821
1602614583214149632
1586432481112236032
993692561863667712
441598184
794195358041653249
2315444339
1371192422978486272
922267018526707712
40721215
765241482974470144
998211386
1184254872
1448787294924726272
1274989790
1188162952299450368
3379226657
1224653499545346052
2334911159
1428182246578540553
1471312889478885379
1253648732328824832
6708952
1124119394026704897
802302343417122816
1599193113947422720
1453571770557124616
1461515875421409282
1104735450265092097
1261251687504699394
1630952318
1586067559987777536
29912070
1587962546253926405
1558876289330733061
1587965299785072640
1540108905241612288
986385193
1601102587444760576
1231612512791126017
1601637551873335296
1468664604112920594
856716103795519488
1512316006038970368
1544039046162264064
1409961990731321347
2246303052
4885413248
832606155973201921
1441965051414339586
1232787618359848961
1399766153053061121
1324119698011754496
1594719436698689538
1518902002796875777
899558268795842561
57338175
15212187
62581962
1138975605632819201
1415802737355366403
1586319563330883585
1209532216188891136
1599210440093044736
1524010685046444033
1597457570821701633
1599122093609730050
1596176338817163264
1568612171176714241
1599995278873993216
1595494493196849159
1593905049159503873
1577846557894115328
1366897957673463810
758421503813844993
978732571738755072
1594675666255249408
1594439910374588416
1598388201353146371
1600424452935778304
1598083921509498880
1596320413080064000
1283030887458680832
1308083835507290114
116384038
1446813263526772736
1009144502827638784
1570737890476412928
1600287720340848643
1599822363633356801
1446437986606874629
1585867459520876545
1585686611810873344
1023613264075415553
1340268067637571586
1409981674662813698
1588969441701892098
1597410343160102912
1588469451539841025
1597681864696729600
1593962765332389888
382979287
1586004239733510145
1585753344164913154
1520397461835165703
1595684373805731840
1600962220979994624
1205182997143515139
1600478395854266368
1585853927009968128
1585729773481103360
1585914614428188673
1549114087145197573
1599253152724930561
1595444772050698249
1058118531601129472
1594466896199708672
952999556832284672
1518815025233768448
1365512127339970562
1587544783156912128
289548939
764476259682451456
803200665333932032
122379159
919015538038398976
1594793886479572993
50374439
1459324304873574406
1588411140664692736
198740427
1587103674500890625
915850531
952943103803101184
91478624
1595485442085998593
1427404806994505729
1172359942675689474
87761551
1597701989789483009
1591587035390873600
896576058459168768
1598435158474084357
1600012885085851648
1248343496513249280
1668986407
438070214
2281370629
1540951016
1059140424625991680
2436389418
3122875095
736615159653924864
1158139840866791424
1227706883353567233
65429309
861277778
920098539396653057
1595516512630341632
1597363536161816577
1598393201404035077
1597369968504578048
1570785663439486977
895998201819475969
395689514
21576543
870453535653076992
817174450873466880
1518721608436752384
1544666306816774144
1230018084389343238
52239432
1656440820
1520345805869174786
799949976403136513
932590922507972608
194895850
295964910
864246009735639040
842792172403548166
922946072669954048
758388275660853248
1091834444674228225
1275814630154174465
1568938182749593600
1202543449850798080
605870077
1561033877346430977
1586053025583566850
1485710964267880454
2437836098
1185334003727028224
956757925
8216772
1484862868617109506
1596209207279292417
1521387526904295424
1322704871825547272
1579229422581792770
1400826138704977926
1314749995665547264
1579001858655682562
1491249222288609280
1183159759572262912
1582156592597782528
1598029956377759744
1496111085346344963
57109800
1579134142226259970
937198097008009218
1594306389614202882
1596252960346054658
18156511
894765373299372032
1585688058308993024
529746441
1173134946325671936
1599206804092854273
1599546535615807491
1589762381441368064
1597430320705437697
1586002145328889857
1502680334755893249
1588671288922423296
1372593047217831939
1595075960558215169
1515738182607937543
1496675316885962752
1355721251180961792
1513236695600099332
1518684301931520003
1517328774664097792
1000185805
1590457558900551680
1424242333726425092
1285416254346534912
1485285771141541892
1586723154654887940
1590421903860178952
2352957686
1597379828654968832
1098298473114288128
1273479211584544768
2974330841
1531786191237955584
1074038717763997696
1013497948531904512
1596043515078770688
1589018740934557696
1532117366355656714
987333135422640128
87055066
1585942157407522816
1215952021162991617
1184273725283295232
1594878655905247232
1480668423365578755
1587189185714290688
1599228354904866819
1577112941769494529
16634922
1598798659977715712
1595135492240162833
1581875065829953536
1595853455482097671
1560861325047111680
1594165297363259393
1537722791700533248
1586567761278509056
1590142379192877056
1446681722079354880
1056316671105761280
2847853708
1595733485460680705
1417311433742716928
1145558455140229120
1579116731771019265
1639741434
1529676948770803714
868259013301071872
1594175294679777283
1591582238906499073
897675682645463040
1537617271773872129
1586884079252905984
1461392861036007432
1596243198560686080
1443769613309804545
1518720121661014016
1589640073305202689
1595242276862705664
1587458344897466368
1597016323002957831
240760644
33152005
14772775
1402724741333520390
1468453598933696516
1475429222961205248
635559247
1491976443148095499
1596742289090641920
796235650810810368
1410225006437617669
1126336918474518528
893591580086423553
23839835
1432395792162201608
1355418243473657856
1228725160376664064
1592747575945625600
222582311
1589624589683785728
1586566409991213056
1183033832917872640
1118375612
790609433952784384
1383105390573850624
1247290595074244609
1590186849984823296
1530712408607424512
1596981029776117760
1409310010073661446
1468132887731916800
1428894337040007175
449514961
760506377286586368
1341177229947129857
1156573178233147392
912781436226334720
1254869986499334144
1281460057180233729
1598157158805569538
370291114
1507846331536052229
188411919
1593747412241317889
1468672739095592961
1478844667538063367
1595484143558836224
1587265545044303872
1212091090083307520
1595907257601912833
1560165037712572417
1596347931640168450
1598122616258265090
121291606
818610876206956544
1597688498861088773
1597695354597687296
3033182024
1462549851829383177
1596464799516594178
1597451555137097728
1519338715012902916
1597922876782280704
1297010635297951744
1597633877962416128
1596388313401032704
1333467482
14379660
1531935437618827264
2495148115
1594787384838725635
1058807868
1583965736598396929
4777305755
1139299259751313415
971841850695979010
1591513450919886850
2384356988
988225018160009216
742771496993574912
716016929043980289
1305445508735934464
27870856
586849722
856917294093447168
110111500
1387684966138535937
1593627984145137665
101263750
1596683770177806336
1587245901441114112
1314048750231318528
1408778941171650564
1596736231634771968
1593219673310519298
1596580111712657409
52990523
1428360828558864387
1586145655650664448
1436178913273782278
809163506583011330
1596110010081230850
1519514094511874049
1596920054192406535
56677301
1586893664990674945
1496710322815524866
1586842622890582019
821490699749228546
1586383796471054342
1375142066536112139
1570168223328358401
1595999099937079297
1596341998226751488
1597010369947570178
1586093658024988673
1596999057221726208
1596540999693750272
1581440563597148161
1597058071792128002
860788165
1386759165708804097
1597066499012927490
1334974038
1597037375951360000
1573398870603841536
1375335218
449384057
18664913
800167717047148545
1595812396689489921
1586562328186818564
1593607908155162624
1596012723183255553
1590338507415105538
1590964707321487360
295218901
88702710
1345301835565842432
4273204514
569482666
1590701444537122817
1490063608482603010
906613405611675648
1515395982879596547
1578483256500318208
1483901745927532561
1594785182267150359
1461470044475605002
213144333
1418656021527007232
1567402811335254017
1400566788635701258
1589327542770614272
1519330783646949378
1595631841024901120
1595029598370254849
79007386
1596338736165437441
1516332619364929539
1594112366152671240
1530129316901699585
1538138609257271296
30699048
1539636858170122242
1295526279194828800
1250830691824283648
1180622595923820544
1455381784351420417
412833880
109813243
817007725666242561
3316376038
700857611810422784
1540038673810350080
1626294277
2985479932
1534682734710366210
903228570536996865
1472317263143489536
1584566291985211394
414117686
1540013847347662848
1347261213340803075
1378541651526889472
1538288322585321472
16146117
1579547141021761536
1468054692945358848
1595180798134538240
42435931
1529189997261139968
1593318272346226704
3386619826
1544704288810844161
1592878981648367616
404392992
1596033538133991424
1519582862693044224
1468119886912126980
1586571411363086337
1586016066274205696
1589599372685328390
1595984435891027969
1594259425023430656
1595482043147862017
1589860775925014528
1595997766647521280
1431328313063182340
1520036276757569536
16912739
1595981737758269442
1587249923531022336
3295937120
1547034118524993537
1595982290089304064
1595980804038983680
890657236237864960
1398301613937229826
1586756158454472710
1594761826931195906
908094848749719552
1243493746865573889
1595904217813843969
1588182124728930304
1404643086991466499
1595917675200397312
1508190491896033287
1591135152989736983
1050698301962575872
1511984710494343170
20493166
1434964396938248193
1580166286503743489
1589481665700806661
1595484095198511113
1472230421131935754
1586841297272377344
1567815889071869952
1594422884864167936
1587130798616059904
1533961268821893121
1585837199752278016
1564474081889718272
1458628803538866176
1014696506635571200
1594843245640503296
1590187882056228864
1588964705128906752
1590452156003385346
1595316078304894976
1191226293536378880
1530201356597862403
1595322352899964929
1586567143973437441
2752807211
1595556219594457094
1593455007994560512
1590168486558724096
1589685420266119168
1586613785833476097
1594171831816257540
1589590942033526788
1593757338044928000
1594160153787514882
1595805541015527424
1595816756647366656
1595621311283355648
2826677387
1589110802161799168
1917731
2836421
2207129125
3108351
902926941413453824
15506669
5402612
1589009409870647303
146569971
481904814
1733467884
333357345
1491238879118217221
1517650657741791239
226294158
1137038394503114753
1415777731535458304
926977197365235712
1270913059754700800
1104050924228616194
953649533782765568
1164185015753818112
216680244
1351576154629677058
1591972104358006785
1332415038775316481
1590527217632776197
1138242978827374592
1589393291627446272
1578141325723049984
1593253339432509442
1586760000973819905
1593075987532681221
2425140276
1582966451543089152
2290515841
1588601087807967237
1503140580024627202
19569136
1317229619318300672
1594015412651442222
1593648679973490691
1593743529393750016
1568478575073923073
1591704308738916352
1468268961569640451
1594216383205838848
1586486669729009664
1594266296094543873
749770281871298560
3071232358
39271126
1214762081272111104
1592651579332739075
1471734876944666625
1500001948782661632
1588955753485717504
1587294803053666307
1594155551671320576
4417918212
1589073057137713154
1592428730605047808
1578190732397092864
1349188997462044673
913166816
898784706354925568
1585677004803690497
1594150214784282626
1367262011315396609
1594826437206212609
1579000721445617664
996566734512578560
2148659671
751603454217379841
1473728239973670912
1433952231817101312
1570072473311248384
1595154079218556930
3429950987
18663093
1429949872678002693
31700619
1494325249956929546
1446932149148344320
457984599
732029318
1007733777383247872
1421211927716450304
730121169194655748
1297839315326836738
1547700762649628673
1517717224068419584
1090039978237878272
1206448377711468545
1549564679177003008
1590013021157556224
1590072838802665472
1496682178771439618
1444310116698820613
1585859368343539713
1368339491534958594
1594796532066385921
1519729323883868167
830280082879037440
844169711072002048
1474091860025122817
1586126223188496385
1589611791046287360
1587151191712071681
1587109049442521088
1216569268453756928
1586850679091404800
1561715162284949504
1587270334268465152
1516002157480185860
1498034716297027590
1569323173514035203
1186053038286495746
878461208025862144
1303485055390580736
719142254502404096
1349024891220082690
1586658373335932930
1594794033586413568
935370329542737920
1162823771239124993
1192968069460758528
821157243752169473
987083515371008000
1594783793331798016
1455379287868153856
1511363468322082816
1593374948613054469
1352398569559347201
1589858385255870464
1518680424691556352
1312646862654955520
1593940499307499521
1483668115972313092
1366509523687604226
1517649618435248130
1578065763482607620
1591587170032173058
953824025578491909
1576235370081140738
1594156683454021632
1562864396044341254
8287602
588703829
1587070469722742786
82172203
2248872301
54277123
767960339547774976
1428293763143815169
13298072
1404560997176778752
895543665728376832
1550101351903920134
1536522833517498368
560121672
208215818
1594299396501524481
18626664
213130440
1465808244283260933
1585641778182762498
994820695413620736
1063803849893388288
1587569333059944449
1586821222859509760
1591609278066040832
1423442172263665664
1585957997066461184
1007376683295543301
78523300
954005112174862336
43906698
1054124381360832512
324236072
1585869282571083776
764298143311638528
1415100777086033923
2989441184
1586645332624130052
1594401084218527747
1586150688303632384
615881487
1377782581018689541
997503485707943937
2336748419
111223756
2342502230
41144411
1413909787746656269
1334336944965361665
304494548
1591834567207522305
1592945249437077510
1589658549495513093
1934651430
1319400309022707713
1588230947765473285
96414030
1149093448621989889
981102092
465940777
52962264
807626690620891136
15030766
121689528
15106024
821758627333558272
96025389
96906231
1594014923834654722
1349149096909668363
1567705085370679296
1300109397717209089
1453872031615827972
534023
56561449
75541946
52544275
850507814023942144
4041824789
1201953403099893760
2353605901
109579534
620571475
108471631
816652616625168388
25101996
5509762
720293443260456960
1334951133148815360
2761481534
1742804707
370513594
1422118636966359041
1328809595645677570
472129983
1518631040637718532
928930602
1536583347832385536
1584231728054521856
1588321801289043974
1591302735865036800
2518210591
896731633704947712
1257667158
229141520
1276140426
15455253
1237612672373248000
594886554
18604137
21722318
1408003598
65146567
116375949
1493085433068089345
1446341412773982209
1580966085477687296
1468073797425106944
38271276
1587471372887932930
1575630154264903680
1497228524675076097
1191324677161017344
1500620901330604033
1574117266391814149
1082275268318953473
1588269386565144578
1591859494044274693
53979469
1302278544417058816
1392426037053517824
1092263992091791362
1571239984425832448
1231073335091638273
1553951258297348096
1161261376846946305
943579920080494593
1552821948635402241
783486171598946305
1588898107433132032
1586018271718940672
1593675484834848768
1587088531490586626
130254817
1589397441777836032
1267046909916721153
3029538340
1587675175226642432
1445790852765425666
1497451023270658049
741195637090291712
1509199804076904460
1587194959668678657
1585941014908489728
1518690225551253504
1545518189676822533
1589453248993304576
1191839463925846017
988605060417490944
1136525514364063745
1511743429667131396
1520835505595850760
1520566798877609984
1591506914449448961
1590919805603053569
1575974108419960833
1586003283222573057
4399671261
1574805474775420935
1410988501739487233
1581694157726302210
1419532038927904769
1586579651786608640
1521319728417058816
1486942528670732290
431785296
1483612485915713538
1453744725551366149
1507860518710698000
1586745784334098432
1576330541393223680
1675834574
1523627320937877504
950531
1439076576474374146
1369381753090174977
1581210076425375747
1303774644424577025
1581157936612536323
1145416621860765699
1524830226454392834
1431980447630770176
580605970
1579154269311275010
172748442
1202405974658686976
1100138133927022592
1369823782333018112
776042649958637568
64643056
20562637
1433512215248875526
1586594173670547457
1467001441206214657
1586027879975899136
3376321847
701088276
1589387713391824897
1575690840936443905
1589539650997215234
1217994889356406784
1589383368436813825
1589381041927901185
1535141185307955200
1586198043904262144
1586326721846034432
529332061
1475148543753138177
1589468173677600768
1518820560402366468
1586630882483351553
1311869639476080640
1542534126598852610
1219256563938054144
1048846083244183552
1590907935420563457
1366692265209585664
845017766084169731
1590010357132759043
4004536589
1589823814325522433
1589871939786620929
1588570073538740226
1550495341207855106
1494127322382876675
1455813197265608704
1590484749201588234
1586077062208569347
13748992
1590406607040663553
1329891389430243330
1590527437149978624
1483647523315019776
452540168
1590402361310289920
1540460409190174720
1552795969959636992
18643437
1226167963
499230066
873051724604334080
3049460688
1272571711561465856
1920274747
1530749455485509632
1574089258930954240
969589061764636673
3407365450
1553108871287291905
993962483332329472
943958987556507653
1151046460688887808
146008010
1275260909896769538
1456418561585418261
897446848004227072
4441279246
1409903853743480832
952136206980009985
1039833297751302144
3023269914
27557141
1344356576786866176
1479112482195050497
1476449188770729984
1540068430946086912
1587198621971251201
1345600452126236673
626729461
50252770
1525955669676806144
1537246378560212992
1229269844652109824
1385762868046467073
1586656772877848576
1590920329228341249
1586750869483167744
1590409294666776578
1269518264490618880
1591479102166425600
1590886117007626240
861614035
929330286609002501
232901331
1566616474395054082
1580428011647762433
1587616575019958272
1477114926195957765
2260491445
16932427
1591255448203628545
613106053
1083884006624522240
1468270296603914242
1268032640042414080
25083002
723330428740997120
3206256441
122451685
207784631
245157986
51359739
1174517985396043777
1258520572570431488
1204118236918435843
4685749051
1437890524573315077
992191188881960960
1490782033529880578
1486872568489381888
209693451
1415317224529793028
1357717304931479552
1571076169243533313
1480512674043682822
1571261226247659523
1575912187675262980
1587297853877018624
1582737967654866945
1525400686732513280
1468291162692022273
1523385729707126784
17376893
1396491776739905542
17060573
1207446936250400774
1303125102196711424
1027750750452105216
897192618009837568
867382533876576256
1373304198448709632
73778438
716356263492325376
9130922
1508498431907557376
238749069
1356386110847377408
2251623492
919656924
164070785
1231634797530796032
1375023750
1476229424270000136
939935680137920515
2963416120
1485435138867609602
880372085717172224
1486899699953004550
1586812783382904835
21614780
1112003189895806976
1503404347144744972
1481443120738885637
1574995496011112454
1372562294396293120
822299610018365440
1426825856798781440
1201588169239490560
1544553144239136769
1587892695992868865
1431780403485020163
3018742509
1590071606327533568
1456748077658906634
959590204741857283
1483150124264136705
1590890225550721027
1588576918533709830
1164007977642266624
1315318716335185920
1586822270735073282
1366565625401909249
1365418799063830541
19370504
757033212
1031153772
1468270691304849408
1519490816045203456
1589625619998019585
1586575228477603841
1589788896442945537
1357228237
1554441256490745859
1585837114679181318
1588334691735769088
1498882137281503232
1505976655839432707
1587476884052316160
1582553497417007105
1586069765386391553
539454878
1588359535672049664
796151032208392192
1587129436520022021
1530475606961422337
1340802881352589313
4398626122
1428789207825256453
1494078777281941510
816653
817386
1405362161229119488
1547628202075381763
3305325070
1419365504620273665
611986351
1453918220335865858
1247223374717296647
1297651178256257024
83889856
394080841
1586586399930826752
1559828655903330304
1586593700594872320
33260278
1562216454597931008
1585696666106986497
1473476125732917253
1494036732727152646
1519102175707869188
1315120166133542912
1540526109665656838
1480909177933422593
1384083235605336068
1103943625342439424
1115411940162056193
1482043476669833220
1489352902703341572
1338206224500842501
1386801811005247488
1590983308766105602
979606619557261312
1518687182667587584
1528915870335938560
1468111950785630208
1219289027788132357
1528040234889318401
1423867034706882562
1479248898153762824
1528098027537326083
1513202050389225475
1587517733025058822
1552717210522730496
1590759663439679489
1518970820479094786
1522369074432557057
1468011560572719105
1496978284025896968
1591062930589732864
1022343337276329984
368791859
1191786563954458630
2198993678
1586903908852572160
1549071921630875649
1415256278142705664
1488977912128843779
1551571097342156800
966320459578036224
3240602049
1584268980834934784
861997844730957828
1468277290027171841
1346821207371476993
1564434793370189824
1554439973599846400
1550349835722559488
1329624350392139780
1502672810350723073
1380555678197104644
1427799769666269192
1483163163633856512
1049398863235141632
1586150051298136068
169686021
1042563175827165184
1469414148467527684
1540457459793412102
1326951397628260353
1495585131678994433
1518980094949314560
4581356534
4586937621
1351784175456555009
759937236548722690
101388040
1481362718359760899
361289499
1272330881894670341
1492677599390322689
352515718
1201186872
3169963433
1391066037886636035
936286246015418368
191866540
1555221266746990592
1555998847834398720
1549047789002301440
1381465477864558599
1384946813158006786
1059130020990459906
1527512861215707136
1467838514083491844
1567689268843126784
1498030221609652232
1411723858181251074
1231777653859876865
18929234
1587524967188439040
1552503948082352128
1573126736895741957
1487676647612502017
52755564
842098649115025408
4351005192
1588972005986127872
1101621399628730370
1551125798156963841
1466991511355097090
1586496285703639040
1053423650139828225
1590349547246686213
1322060763243122689
1585365215104929792
1518715278980534272
1468335757047877638
762021248574435328
1110877798820777986
1576591184243429378
37868827
2355374790
3027052225
948736680554409984
191505574
1349541953940189184
18208354
1387497871751196672
17469289
1490073692289839109
801308356816281600
1451208665059389446
1523105310042427398
1554042517104238593
1200616796295847936
112478025
1467931973616386052
370982639
1390762874809761793
2360241314
4435227552
2852597261
870325847122731008
267885642
4174971676
34713362
96071170
198179597
2896395513
1046650817019662336
1422352819965906944
2766496962
2945287090
987349034850451457
1129901605443317760
25029495
1427476600744988672
176665423
2657347285
226194552
1433232487354966017
14571055
18584875
1386190443424092160
24127811
302111485
2529971
483932572
922883114933899264
28369153
1443665777584836613
3148948208
1321415839275487233
34042766
1378392606476886016
2916305152
14046943
39016635
1441916605567356928
35184346
10774652
16331010
94784682
1263958718539984898
826261914
29359583
1243196401439277063
14515734
40156330
9097142
2178012643
1388216429988691972
9287122
2281325286
3005733012
775883608569417728
36266589
98992586
573989102
18456091
988807767031885824
87679233
592730371
43775786
12
783214
757832485
10292132
1396128788929519621
1256893668373348353
1184333284961996800
1330955362216923141
18403887
759251
1900293397
54682125
872148729184362497
22527671
189255654
1242146812309405708
19682803
321954654
271578681
18469669
2815661158
44067298
10926202
44385628
2204609910
1296980782205022208
1329052792305168391
902200087
819807672618741761
244647486
947984296224096257
1376251797640187909
1123492550
88263959
2301990517
770619360062898176
129834917
875016083975135233
1133399315836227584
970389424457515009
878087280321335298
917104380
820252180796100608
1270906326823186432
182524533
15392486
369031482
110835004
3267456386
990317363915579392
17351167
1324431759828660224
92844900
1500129642
95092020
1258407383216332800
19091173
13493302
117778179
2319791143
2730264319
1180871463395454979
17995040
1058453417654251520
1031747223569227776
972569324
1317568613189062656
1352794274220408832
427089628
27522964
18856867
1143970039592173573
782946231551131648
970994516357472257
1079104563280527364
138203134
353422065
56562803
21822997
2474749586
14246657
220081296
878247600096509952
29658469
19553409
1102987848741998592
745273
1075201192744153093
1194984822
343781572
997232321328709632
2455740283
1362301673335570433
19802879
1232783237623119872
738792704302161920
1190856738003652608
250980843
27801361
17454086
1337780902680809474
21829541
826065164504006657
339061487
24222556
790172765307437056
808336308611534848
32002507
868578294916145152
1043185714437992449
19312115
72783659
1353040053602316289
166751745
58579942
1083447470519214082
36163202
1344509664470380544
350822109
187680645
1334300969266507782
27000730
566744765
18005085
292929271
35873420
16076032
101584084
15976697
704943112217608193
28955739
15729112
1812055789
259001548
23022687
586707638
1290635110149169152
16228398
165039823
1268688487403917313
499154896
39344374
818927131883356161
375721095
18266688
16989178
599817378
16017475
34743251
19671129
2704681687
739610364975808513
17568791
494027712
907462263652548609
1299007622968901637
18501983
44196397
4808501420
189305014
1278934513482174465
822215673812119553
2835451658
22703645
28628850
17685258
18950712
867282522
740685626635227136
1209936918
1108472017144201216
185728888
11348282
300878435
766466212746387456
2853461537
612659996
21023681
837357390131523586
822215679726100480
51241574
1652541
1367531
25073877
36098990
428333
