1297671530223030273
1671498005998891009
1049546187790016512
1141997367228620801
965431702838566912
1588353149483597824
1687544996533075969
1684769115175620613
1676213201246261248
1480926325091323913
2511701310
1667565391311249408
1591826287424856064
1533469377437356034
1471442125174759435
1559556660640849921
1451260712228200466
1649146887222489090
1467698301189476358
949681961219641346
1637507099558027267
905265421
1631505383742140416
1006769795302346753
1244602357935222786
1004070871097593861
1116548763168858112
1324159671654060043
939647234991325184
1177598072991506432
975200486
1616770418693771264
1613637884875087876
1569798597159559169
1283761593197748226
1478115811197919238
1370373216154353666
1513712199944048640
1525911460374790145
1155886120351100928
24761821
1611573124734259200
1612182740115259392
1493305705993957377
1607636906199728128
986635104184303617
1590540901771890690
1272394706731913217
492156320
1603825209236127752
1261270683285204994
778690201207963648
1587714804004794368
28979807
1463849663065382914
1301430625287565314
2194576196
1586078275662934016
1549461766983360512
893159606201057280
1475494481260691468
1364159160267530241
1452681689000468487
1532635647592341505
1445140524818747404
1553886214587047937
1551016587582246912
1357717304931479552
1477466196966576128
1536737649204948993
1169892745
1453711758498144263
1527698802572152832
189678710
1456081524827332615
1516051315658571778
1525163077439586304
1041835253155934208
1503472017412034562
1468644045052264451
2684682042
5943622
44196397
1423621883333947393
1512682935547277319
1025998374
1327266713054941184
1018582177381081095
1293038648762351618
15717122
759938516675538945
4012983256
1345534790813024256
848348952084828160
1487942691371499528
1388717282654924802
1423472265946177542
1480966915287928845
1502058440377704450
1202117144265117697
1084320483896643584
1462740504664162306
1415317224529793028
3855272473
1324887946395328512
1477114926195957765
1002602140714450944
1331036300422557697
1443200832795709441
1344241350766592001
998218376848658432
936238338356404224
117338050
4006069071
1016908862136332288
1467931973616386052
1398983356512100359
1400042479358025728
1145815566206283778
91954523
816768422834905088
1231793597457911809
1361372751286697984
1434720042193760256
926054168753709056
897625658293092352
1407370842363908102
1427406288984571904
1251900966770794498
21614780
338426064
407179694
1032468021485293568
1415481206192361479
1191139682966528000
1414620680910430208
1268032640042414080
1335237183234519040
1257772300654477312
1179396972324802561
1041044330092195840
1373521707202310148
29297242
2613833659
1347010013475299329
183739654
1359154454914883590
1329891389430243330
2860554107
1372676160610525185
856013036586446848
1366130381045530626
1365863538393309184
1279630745581924354
978997860
733450396807667713
1317005202264936448
1353040053602316289
617551313
1350327387221725185
1273469899516473344
1318308978347200512
1337869480689426432
2383510675
1122611217216888833
1218687933391298560
1025410166483832833
1873277766
1151153724145983489
2296454820
1217559748557647872
1325288582802788352
873427520074461186
833229686301827072
1145702015374438401
2853284104
945116775842242566
1216003419334488064
14925995
1060842614
985290837356613632
1274888528606920704
952626408496488450
1249448747043393536
1280852842862034950
836779281049014272
2568108282
2265046032
3267456386
1267257106652172289
1253724166978764805
21537801
1237880059584630786
1172331172350742530
1076985997454442503
829736250873610240
1009588379640528897
912729106344579074
1235608350861045761
1233057204833521664
525785725
1038227820705542144
4108254429
887434912529338375
1019625316187295746
1851434622
1107793674065317888
4250640754
795832924537032704
737862347616858114
1150231596764712960
905283385710530561
1240641883
467620549
969109324583796737
3761046317
1023258911049220097
1054073780253843457
885208683352817664
2231109295
1123847711835471875
472935481
952695919014830080
820516959351689216
811662404769685504
1085416398803951616
866005696428384256
2355254546
1066187390178525185
21626308
2465207048
1085311252417708032
313038011
964889394850119680
1081808358699663360
153811467
768594481591398401
1074469177736511489
932640751208591367
923038629164810240
1072909224299151361
972654691434692609
972860488806694912
1061556739194134528
854746255431315456
1063373396610871296
2196895352
1055712180610437120
992491537282908160
1054946877374951425
1053198561138167808
821125329381003264
1052717478483189760
1050584866096472064
1038829906900205569
1017550686597378049
3181143200
1031747223569227776
1029233311229599744
824524105831612416
1024575445793169408
594886554
778952476565368832
1018154101765492736
830076569867661313
2279553571
1012773937644699649
876493027837190145
2332987909
999274189688274947
374594501
990651330371862528
998873369666904064
994386152953016320
849982797154590720
987212923285262336
4776616994
981172457330454528
983153374194356229
976853859703427078
847563392306917376
970389424457515009
950794116857778178
962792530143338496
778030061312237568
851894337826955265
48117116
2349347329
282747242
898309235292942337
827637705827876864
327800646
874310395875295232
1903784376
832319306541178881
784665469403877376
706959926879334400
931016869397581824
725873063628312576
57774560
921035226469535745
2363924689
1155960950
124334918
817880247777435648
927694320483864577
557203484
798753051456585728
917392234319941632
802329275080708096
112690090
899395762869727233
556269451
914571565047496704
798931608652967936
3714420136
807512074893004800
915294702454353920
1301423652
725944230091182081
739607592
738911954413162496
3952661537
715979593090359296
746418762862059524
894748894789115907
834402949853962240
526000287
3412642223
857030751153512448
827299595604463616
882665801408552961
879305386595147777
802722284289064960
2943060805
730646181903093761
880188636863574016
850178311506374656
3018742509
1226167963
839349504960790528
783367632606986240
763771646549356544
2433541437
845526103234138113
2200385624
832866524637560833
844434316943904768
3235222537
74760182
1093335582
831633543088443392
1494648920
15436955
797948544376328192
2463171746
22583033
762297834171359236
3656836876
792393470782636032
124814234
733367400591167488
2831689442
2209980606
2389731632
4502064200
715899326862606336
794176904848871424
2538196992
1514992326
4731763698
774252072090767360
4198448463
4260075732
775696688489099264
742732858343596032
730749776594145280
2257182427
751473518697742336
180649341
734185690804555780
20941765
370291114
240454812
2598183050
502921274
33856936
3330431235
2595336954
53979469
19599446
1129720458
19563355
4907026480
3733727181
3394104999
2351053826
2170401938
4337100912
4158894651
469960224
3026411769
247539124
3091596568
2576437303
2493965581
3154508072
3283771927
2514675292
3015067823
2724577333
3105864599
2459148734
5162861
52352820
3064640931
2847192501
2612870064
3168024392
2493222248
3127689323
75561107
49065637
15808535
2280030499
21983321
2663472666
1725972156
2864960801
2926298334
293047911
172852209
69277202
2574785782
2937074977
1498875012
2991100738
1009593492
2984243591
1161546762
2370198170
254732884
2654555875
103415019
1877198120
56494261
2916069720
15109611
406353065
1090317368
882309578
1702689662
15896663
2167525794
23549130
2538227347
223782598
534434172
21700719
2427721081
378204367
232359563
1526643050
2374426496
24800710
2249066712
840218617
2534173706
920126682
196168350
1398479138
2740108585
2581230306
574630639
2653791264
52656323
2570000082
752186078
15143478
24009801
2595573804
42786325
1630603508
1517964894
209693451
27522964
1563464372
1083796542
16997512
365073587
12982172
1852899224
415138288
