402181258
1708452088999747584
1436491127050407940
72445899
1007778326243520512
1650169771260821506
1291128494
1559762417319567361
1655618244760182784
1667885110559907840
1706059691384508416
1706329938691784704
1667914131968520192
1675202543524167680
1602846411082452999
1653444296245383169
1661146869676777472
1700309204764893184
1584351013443862528
1593217766017961985
1319287761048723458
1289725608558198790
1699199721670348800
1600111896665141248
1600720176906833920
1697321393627738112
1656904272632598528
1664532550193143809
1678915119374557184
1692258109517975554
1598020671669473300
1635740259957833758
1689091823015436290
1468060570750373891
1663547727698092035
1617902104403759108
1563288963191738374
1674174819728781317
1568797199399624710
1680369347607314432
1674978401411825664
1646149366388781062
1679075831572725762
1651730970154770432
1696803728
1671541304046518272
1572853761898422274
1590704958420226048
1598157158805569538
1054669807537156096
1593675484834848768
1666902725634711565
1092346141998370816
1515351706246205444
78456263
1532726913361276934
1586932279988953089
2274646646
439373269
3958327401
1608131901134442499
1655353145202188288
1633604566850715650
1285633950355017730
588703829
1627949800644829184
1642956745147293708
1649909243586199554
1651390537579020290
1288319695658135552
1602565127362019329
3004062205
1588411140664692736
1615016957203607553
1569515124318420995
1648581080486641665
1367242905048526853
1618123887543287808
1640415456161873923
1639355757517758481
1606086006628810753
1329307685037240321
1630787765087477760
1641159464584900608
1598029956377759744
1617961128625152001
1587869866630987777
1604681858603687936
1509699289341116424
1604334092044189696
1606862612188508163
1587270334268465152
54716387
1584566291985211394
389550311
1626043585580630016
897675682645463040
1598793165162651662
1341898770380976128
1616608684838199297
1107421968578433024
846949171680739328
1608181242276777987
4586937621
1587625058729500673
1579000721445617664
1471312889478885379
1595981737758269442
1608093395729219584
1591255448203628545
1586879487265865729
1596347931640168450
1609675365714206723
1595983949108457472
1601800128440209408
1605670538856185857
1586630882483351553
937799990902251520
1600703165975777280
1518719815640395777
893348197040566272
59001488
1595470060616925186
1597457570821701633
1595671921693233152
1603181051035140097
1566051677744107522
1587675175226642432
1468079454555541507
446282869
1593795856402194435
1467511257636950018
1600850473610780675
1536522833517498368
1606360263493566464
1594466896199708672
1587524967188439040
1595154079218556930
1587643432293507075
1587544783156912128
1192968069460758528
1610797434396893184
795342400239652864
1164007977642266624
1528482583792713728
1366509523687604226
1595982290089304064
910785736902819840
1210681987016646657
1322060763243122689
1603958097478721536
1385762868046467073
1599206804092854273
29658469
47253057
1188162952299450368
1608956761582469122
2989441184
1579004292668825600
1511743429667131396
1145536953468760074
1518006128646500353
2811372962
1530672399309492224
736935927281528832
807812802761158656
992376127904677888
1495585131678994433
1577293480308654082
40891771
1520566798877609984
1524866693847130115
169686021
1559810841641353216
943579920080494593
1575974633605632009
1419739889969598467
1555039442
767960339547774976
1504952792351481856
1552095535439306752
1518715278980534272
1564429657608540160
1533325978151399425
296406924
1531761787124817920
1313469954977681409
1560489765090332672
1541943458868477954
1277418400894115840
1557678792851836928
1503799842904195079
1518687148706177025
1557554121485557760
1530061179120279552
1418656021527007232
1483100422856486920
1228286940488880137
1056316671105761280
1540076023940874240
1540197265150812160
1553189943131906048
1534311135272488962
1539667339066703874
1550268181813628932
1550255048990437377
1547785572411797510
1400146851135905810
1529736179184197632
1315120166133542912
1301337257387925505
1468064881916010497
1076877018862702593
1497126340348239891
1542516643179270145
1476250401389350912
1519261311821090822
4627081402
1530475606961422337
1292282355978309632
1540457459793412102
867639769794101248
20091740
1522051963114131456
1390762874809761793
1537454217878724608
1537431983512354817
3373141972
1518690130483048448
1243493746865573889
792634013634682880
1512336435776565251
21364792
1392467863152304132
3710622079
1047713399071752192
2225863945
1463757437664645123
1481443120738885637
1515397720831365124
1529662423380250625
1282719613864878082
1518706081739943937
1499965008033329154
762021248574435328
3267456386
953824025578491909
1468158409241419780
1064911441847902208
1521488031294840833
1518722848730320896
751603454217379841
1522513146614673409
1190856738003652608
282695161
1518663059706986499
1520353877282988033
1164980763059806208
1518683932429979648
1145217215609942016
66934933
1493006124047605770
1490782033529880578
1223510373866921984
1468281600173613067
1075188402
1428293763143815169
872148729184362497
1357764031960997892
779797897898434560
1378392606476886016
27260086
1146509923683131398
1270859433673986050
1383105390573850624
1444466377
1230893600948572162
240760644
24667441
1024930357
1354874561783681025
1399449164782706693
296092317
805502502028398593
1376251797640187909
1285927603023511554
1295409848864124928
2945287090
1298445667568955392
1375789333689430017
9287122
92844900
581301629
1300061849732423682
1201985743729524736
17884830
15401398
1174517985396043777
500704345
25073877
43906698
775696688489099264
1229337264272134144
72783659
548258435
