1468069265551290368
1499254031851540480
1617323964170125312
1641556210309636096
1684850540893622272
25073877
1680389399987597312
1467698301189476358
1253724166978764805
1551725959534895104
1542088334125801473
1244674431747870721
2812231519
1211851854071484416
1660519507046039561
23533665
626848165
1613244867815084034
22703645
1372186389719171073
44196397
318672016
1462552676990812165
1161261376846946305
1615801781891567620
1616290104770793472
1615703774286254080
1523851200348762117
1424796109373911043
1538705932799987712
1610721837737967628
752554537391624192
1608894912615034884
1135183911850582016
1586507627894345728
1595908474705219585
1526256454184972289
1273639475340554240
844434316943904768
1597404206226448385
1520263725403488258
1575682700731568131
1298781706527350785
1574918591446765574
1098425078608482304
1378510529635975168
1569392744241446912
1239302704230531072
5943622
1175992423
1306741300138475520
1501364396903309312
2657347285
2281325286
3066800573
1316038736782807040
1452056858211016714
123975474
21480702
599817378
1344356576786866176
965693789192032265
1395944023337193472
1366130381045530626
1025410166483832833
398516455
1276715545551831041
1343438130276286466
1122904904975179777
1732267560
1296278085570985984
1268032640042414080
1332242746216763397
1076728614601789440
1411878854449197058
1176624876054036481
1389035217562779650
1200228946840735744
976853859703427078
1182509542380363776
1373521707202310148
854746255431315456
1194116373661782016
1335237183234519040
1218687933391298560
1387757869932728324
1343935155354947584
1382376686960963584
1694945473
2907774137
