1500129642
2733966036
1251638956359385089
11740902
3066129832
954238695330074624
33347217
636896104
29458079
25101996
3932768472
287413569
20837035
788897356624171008
389230624
19211550
812135885328236551
804449376
56562803
3329053900
982326059168235520
467661480
1356030014
161078090
18266688
807812802761158656
54716387
32626129
878247600096509952
43906698
10292132
91882544
125128723
95092020
83748727
2417586104
592730371
537709549
134360868
770619360062898176
2853461537
20878297
19091173
850036892
207784631
15976697
16989178
39344374
196168350
18643437
358545917
