1694900053972815872
1694832068197310464
1677861572520099842
1603599491470352385
972631922894491649
796151032208392192
1689825113665855488
1678758819415900160
1679075831572725762
1586002145328889857
1427413799880044548
368791859
1655610007000596480
1648364000768409603
1675202543524167680
1600720176906833920
1550708065955024897
1456333572693176320
1446932149148344320
1559243688483627009
1618512700572852224
402181258
1674174819728781317
821490699749228546
72445899
4790055615
1267290680252076032
1504902093433417730
1683503757819015169
1017542404801482752
1587544783156912128
626477356
1595904217813843969
1622588070246641666
1622785697756086273
1682059918621421568
1680609901234515968
1410225006437617669
1519105629914206208
246232894
1299280837293142017
1655353145202188288
1608093395729219584
1675074839051218947
446282869
1130021685351079938
1601800128440209408
1572853761898422274
1371651462153994242
1532726913361276934
1455182237910044679
2802274855
1669841823164923904
1595982266685165568
1594466896199708672
1643055401053609988
1590704958420226048
1213226770008137728
767960339547774976
1666902725634711565
1538577621574832129
460517397
1597425365806465027
1396708174644776960
1618119470190305281
1165827106242084866
27601161
796235650810810368
1273361335410028544
1214762081272111104
862065266879995904
592560599
1609790589209575424
1585575975013736448
1470954852779892740
1612606345169063936
1518747734756397062
1620291898006016001
1601366225367564288
1596696692274798592
1579006958853509120
1543321001634799617
1519098738366681088
435289507
1626052039393562624
1600962220979994624
1643681329115189248
1106057400891527168
1615016957203607553
1657954894907834368
1422444191540551680
1644042177951985666
1611597705050050562
1609575802479181824
375136645
1587151191712071681
1594785182267150359
1596176338817163264
320524842
9287122
1595907257601912833
1598793165162651662
1603856626691227649
1092346141998370816
1560165037712572417
1623729042510815236
2274646646
1226167963
1481773144427966465
1524226014271913984
1311869639476080640
1610797434396893184
1502889917847945218
4586937621
1188162952299450368
274567177
1610876978239864833
805502502028398593
1590703923337170944
1521309472513306624
59001488
19222164
1387219918597328897
1603997064626479104
548258435
1598157158805569538
1599510806680535042
1614908789982904320
1620203520799506432
1398991730175774724
1376251797640187909
1380394256657944579
1617876287774949378
500704345
1621241060193099782
1603181051035140097
1540108905241612288
1594401084218527747
1261270683285204994
1475534856
1596388313401032704
1186514928913522688
29658469
1102712310
33665720
1288319695658135552
1615187395602776064
17376893
350822109
537709549
1587245901441114112
3939574932
1596347931640168450
588703829
1605823245407715328
1335738259700387848
1609263348868063232
1601637551873335296
14458643
116363549
17349381
1516450616914202631
899401541177622528
1469414148467527684
1495585131678994433
1597363536161816577
92844900
2945287090
110835004
1596618068767264771
2352957686
116375949
1231923677886910470
1101621399628730370
1322060763243122689
1518815025233768448
370291114
44196397
1444080484208676864
1116345515761909760
