1700176984851238912
1105262008868397056
1599859010572017665
1570390590876942339
1506086460
1701975500392935424
1707106176746315776
1686177165950537733
1643964615217278977
1337151218880311298
1656351828479442944
1687268678243344384
998873369666904064
1049546187790016512
1304423180346552322
1481349484915404803
1524124324038328320
1687544996533075969
1700369930036633600
1683719641238237185
1573866163037151233
1697346225626927104
1462957733926227973
1675896206843682817
2886592462
1641248391488258049
1695174214423040000
1691465478328426496
1684360930568675329
1574980555699019776
1658204599658872832
1685071740534243328
1687490219929427968
1428767477249368067
1680658465612496896
3744277455
1041835253155934208
1676213201246261248
1285504186914942988
1590052842626220035
1467838514083491844
1673506121477410818
1517587467846754305
1623208941684498433
1677884218905608193
864354979724709893
1594505925439520768
1454603822886789127
1664038833233571849
1657423853474263041
1628610671641341953
1600111896665141248
108465379
1669789156317208579
1667590314373283840
1662946192718700544
1026505416098893824
398516455
714106323298820097
1651135756784529409
1662136302848950279
1635082306435047424
1663561119401918468
436463305
1055394802936766470
1649762526442184704
1661029274931851264
1645072832928550920
1475534856
1612278058572038144
1367611692230856705
106930323
1586856061805465600
1571261226247659523
1585300625553854464
1597399636486094849
1648108704569384965
1361767691909005315
15887040
1510567083758788609
1470249422625951744
1585073943798595585
1587183203030388740
1631505383742140416
1408964261955706882
1509913938296639491
2982376319
1468128292029014021
923038629164810240
1356751819599413249
1432154882211995649
784412419804266496
313963597
1294372749062832129
1526753150966779904
1009993631560691713
1623430756608495617
2383510675
1621627450261229569
1509263515407822859
1586507627894345728
1273639475340554240
1587105501854285824
1335237183234519040
1525911460374790145
1615703774286254080
1614412224583319552
1605370004236636162
1373521707202310148
1030069252189868038
105503945
1588954204441296897
1527171845673193477
1598785652593725445
1605373205463662592
1593409539952373761
1576012578622296065
1410190871216132100
1527698802572152832
1602908754181226497
1524986014682566657
1588395757106827264
2930650756
4144630474
999274189688274947
1592766746926239746
1585824927130652672
1521870690630221824
42786325
1594409621925789697
1585993953928781825
1590540901771890690
1588616835246837761
1555303810557419520
1631730378
1582737967654866945
1587102104363188227
1109530912511983616
926168055742418946
1536737649204948993
1262697537204555776
1468054692945358848
1405357631187787777
1401270508105220100
1530248869916950531
1218687933391298560
1549483028397060096
1579393151017619458
1575912187675262980
1273005745076932609
3161760900
1511107848998203395
1364159160267530241
1240784920831762433
1570785663439486977
1264199016088317953
891469259452194817
2359971372
1568798131206193152
1251325050495463424
1567038646011760641
1567305841371500544
1512284113910308867
1559967551773343745
1261209916624318464
1161320496559984640
1480670443271069701
1176306395941146624
876763139798433792
1186730397662679040
27696764
1544872306140405760
1547650133218643969
1545853288909864961
1541559204896456711
1317810334489563137
828621756776607744
1154862033491439616
1536938293
1311739895787016192
213087933
1182066089041117184
1481443120738885637
1254826937341657094
1250322626
47735010
1456273335348645907
1517655068232802306
69081162
1523830340447580160
1506775840243212288
1522271298717634560
1474336645864382471
1414620680910430208
1493812818365276160
979761997997801472
1519066916060598273
1417621420885037056
1320034873864835079
730329614443270144
1437800672146165763
1492655843325595651
1419690317758955521
1189990938237648897
1449237294435733504
1467698301189476358
1466087353710268427
1267273077118980097
1335482876108926977
1496312248834342921
50756236
1357717304931479552
952695919014830080
1243493746865573889
1486872568489381888
19199104
1039144624714129408
1456352281901867010
1480926325091323913
1407593908771725312
1374231146528182273
1400592398644776962
1477114926195957765
789293094516629504
1366692265209585664
1415317224529793028
1468662864353415170
1144780199873122306
1466751005035405314
245526752
1306282143174320128
1366130381045530626
1269740568852279297
1456655802236915715
970389424457515009
1327266713054941184
1179396972324802561
1340073954820694016
1106976519308668928
1032630342962872321
1410813373931954180
1381664349933158412
1272355013512310784
1279329342833725442
1434720042193760256
1239302704230531072
1442621809447391242
1436164547329540096
1367915924427268097
1227906596581388288
1425813468456751115
1411241357629222919
1201734350561271808
1427406288984571904
723896507259322368
1423407608627617913
1398983356512100359
1419286665646903296
1415327786806521867
1326060501202251776
2865659145
827990528151072768
1412200969723592707
1008916382078025728
1393492122217615360
753195112176480256
30546476
1366148208334938120
980879115669577728
137878848
1373447372802514945
1115979749426438144
1055909566037311488
905283385710530561
268629423
2496261259
3958327401
1366492858426007553
1375314338869694467
1366576530885902336
1010901148008681478
1376486524624199680
733450396807667713
1276956778782248961
1366125963206090753
887434912529338375
1336254698102415361
1279630745581924354
1367217663223750661
1366593297708429318
778880515004694528
1334752271477866496
1291916416761901057
1350353828223332352
1343949457935785990
1217610720847765504
1338440757703827459
1201985743729524736
965259564017995781
1340469676225286144
1077394736581881857
87133189
1324630075296403456
1334918947918012418
1329307685037240321
1315104638039883776
1071351177357463552
1025410166483832833
1306741300138475520
1269450810330615810
1266821924824535045
932380344053006336
1318662589996466189
1248329741549146121
1043911249644449793
1319055641684697089
1317568613189062656
347357907
797577148592779266
1312197988014592000
165039823
1304537279332069376
846921210122395648
1694945473
750888589408468993
2236648082
1159194068838166530
1249448747043393536
742530593808748544
1290701071321649153
1287092687024291840
487777321
2204609910
1068683987110019072
1223078978887483393
755565301744361473
1112003189895806976
1009593492
1174517985396043777
1088343615464792064
1274888528606920704
1272571761159049216
781563742098190336
836779281049014272
954283519580221440
1267257106652172289
877374924234653697
2409551606
886358633646350340
1268002205371633667
1267586846000844800
1669312890
1265057935111131136
1128371368653926405
1253724166978764805
758776379215347712
1141174858874621954
1250090389446557697
958816783942717440
564219600
1203129289450893313
2944821511
817165073890377733
1856013296
939647234991325184
1243932603637514244
912729106344579074
1235707699054153728
714310690253606912
4367813116
1233057204833521664
1216177935264038913
1155472988290080770
844741054767222785
1099343905634553856
1511360216
3165867999
178492030
548258435
852203336241754113
3267456386
852483272
1193653893651161088
954918215087542273
1086264088915730432
2794848564
1032468021485293568
29162709
2265046032
1038227820705542144
1182483834614484997
92680363
898312386632974341
948833488463052800
56044863
1145702015374438401
932086640234975232
788853282651443201
1040428780529975296
1146496642700308481
822169914488344577
1173598968946843650
871017006
866005696428384256
1087831254383382528
820188286610264065
1003645782803861504
1148191296504442880
855444446
183739654
25073877
1851434622
1138897598041878528
774614125095817217
1138467559366418432
1052944238273531904
1040135724018819072
1133869304854863878
1206637184
1661263351
1041006185040801794
717229113132642304
2743220509
895998201819475969
1116345515761909760
1100079746875047936
2344358742
1084236632864092160
1380012342
413248051
25218102
736582619886800896
1016034331498860544
1380911874
156668558
1051137135498223616
1048012125141196806
796552034782679042
1031747223569227776
374594501
854746255431315456
739013222569807872
954759075648212995
1017550686597378049
725944230091182081
1009588379640528897
792393470782636032
763932748524294144
1259751343
964175954858926080
599817378
992191188881960960
130678585
1742804707
92844900
140593263
864591652505214976
848238340923117568
794195358041653249
864012677718429696
605974171
789440719249342464
27662600
821401992409006082
2828212668
259071132
796194279731253249
1877198120
569633907
21480702
370291114
3902353996
2615158239
3952661537
791112163507044353
74760182
889057751996837888
3098026668
3609762852
35199446
3656836876
24127811
1271025590
166748182
2716396488
2463171746
27522964
715979593090359296
14458643
3262160865
59043234
90657826
775696688489099264
209693451
2740108585
145113024
719024310468280320
3154508072
3018742509
1852899224
265481588
712999409764663296
844434316943904768
