1045443221567016960
86024141
1087376368923488257
1654050400184700928
1537258744475623425
1553133466933309441
1689299091694477312
1536922071439122432
1675963810228625408
1672803043992018944
1656885593991725057
1462174857274269705
1509315605685493760
1634551760089157639
1585867578488020994
1142083303471816704
1636851199738609664
1291478180629536771
1619795059632660484
4229625927
2214593734
1625364492140912643
1473790080909295618
1571578463592538128
406520551
1621241060193099782
893348197040566272
1586478559597502464
1617899722299023362
1617902104403759108
1589073057137713154
1608230901736955905
1617614030385909769
1616552288813830151
1616109799669637120
1439725389438455810
1607020114532073473
1611817405247782913
1611097390966095879
62826303
1529615365608615937
66796845
1269450810330615810
1610440311230136322
1083991722747723777
753429340348559360
4765628933
1424533820192088070
1481485127087706117
1464610734344704006
490825757
1080147480208203776
2835323642
1586707202865336322
1521932697735630848
1592364587923505154
1598765789078749193
1596300730670931970
1594079562375516161
1565628711894134784
1600890303065513985
1584288506343464962
1468398321261690885
1607993849628041216
1595029598370254849
1565522261217607684
1519490101142818816
1201985743729524736
1319866749244919808
716674418907422720
1606639365010120704
1114304111875317761
1213510587109396486
1359324397140664325
1495277310446084102
1541624036882391042
1597695354597687296
1597559545051627521
3979163777
1496700875380768775
106762289
1587245901441114112
1517376212095578113
1521876536625963010
1591506914449448961
1589327542770614272
1319400309022707713
1590759663439679489
2364448484
1598793165162651662
1579000721445617664
1056316671105761280
1580428011647762433
911157448592855042
1158437186561347584
1569804341250502656
1598353223827472388
1530475606961422337
1489353200587190282
1519495526550540294
1329221278201364481
1378412891813130242
1452048983355011080
1562116389858529288
1479889465649033216
1573505136948912132
1378271216574767106
1512246777801490437
1469068490762039299
1532040412046757888
996566734512578560
1518787086555369477
28930706
1468334712506941440
1571613241272565760
1287554461104107525
1252374944249454592
628818307
1462231447918555137
1596946609367126017
18822612
1554941187810803714
2766382031
2989460797
1465551815781412864
1596643956124688387
1396227514687803398
1495555576625049608
1345657049841946626
1567021329165205504
1586505976181661703
1591158785883734017
1523108987243216896
1591062930589732864
798876594198683648
30063549
2602666463
1565386208003428358
1518969646430445569
1402064837870604292
1010886593555632129
1578252103461572608
1581018927261519877
1485592019372322823
1296486727423610882
1558434175212032002
1259307830223364098
1524944934796673025
1080843092859777025
1594855300900835328
930949272236974081
1549869393114550272
1567340712550694912
1562145635637141504
1585970220837076992
1563335862489755649
1574180631122268160
1484641680494145538
2275602602
1275039793
1491843315997757446
1551583329539039232
1400408261019455491
1518367668625104899
1235861749988864000
1442473420046802949
4345359329
1458919791264247810
924702760519524354
1410453812259680258
63690441
1298040924350451718
1537327541924646912
1588038829675610112
1590011213622157312
1342555070001532930
1083889630448181249
1586136715915194368
1587070469722742786
2756163238
1580703011663396864
1468104176102256642
1590406607040663553
453566015
1512998617388400643
1468081030750158853
1357764031960997892
1373023816188825603
721197984185122816
898541877602811904
1453720160586518530
1275190484303036416
1295443686407405568
1273013702644678656
1464398038399692804
1250469441760112640
3868036280
1443272467506737156
2316246829
24365954
1316199787344146432
1266447928299794432
1430898250471464975
1406093360159469570
3087657526
719184992
976487019546382336
1463036573545496578
1462956950077861891
1458125463004631043
1317939049919893505
1430805563957460995
1426937566889234437
752889933497376768
1365055592436555795
1315898619527008256
1457764952740093957
1060985315240955906
1288857440058998786
1459298374243475462
1460426619290632196
1459406809727385604
1449931322693144579
1429593798712176642
1458819123841011716
3222495560
188311687
1441446995487428620
1449558194595024900
171340704
1379371863407800322
1457655437902467076
3342765383
943615666740801536
1300370492055060480
46999181
1894641132
1149446576944943104
194208553
1113508974
1455759811044335617
952756536786395136
1366782054998945793
1455346584942780419
1338244108473798657
1454253929735282694
109068219
1427713279657402371
1303733187525443584
2261798839
1365869964884901893
1094361949175975937
44403880
1171963197601046529
1367979062283632640
1443609659601039369
63996778
1004567360597000192
1217915155004174337
1451711553007460353
1104666467507806208
358435465
1436081149307015168
1378486420088758274
3917556852
966184950188961792
1393683915991228417
732500884270120961
1450622843348267008
2872824598
1316079832535572483
21067783
1446688714718121985
1409856416295403520
1445367547654770690
1412833325606051842
1352018435962675201
1042198078445547520
853203192930238464
768661014690738176
1288487603130507265
1261405450299478017
1431608684107472902
1201588169239490560
1412387155368890369
1382712030277337091
2632441534
854890184202227712
1270503678814846976
1397193602330251265
1428688819222614020
1266237053974413312
1204470946888740864
725491998732521477
739028678676492288
1094967427341959168
1315590830258819072
1426233278261080069
4653907535
1433135911794008065
1386801811005247488
55425528
140346375
1427083734092763137
1333335548342177792
1400624391659085825
1268673604532781057
1375245899585232896
1268985004002029568
787082055406542849
855904157416476673
964688380645773312
829532744342454272
1251891872986992641
1362410514580729856
1276612484573605889
1431795004587057161
763751037069131776
1186840308795002881
1432142077249343492
186471595
469664661
93901361
1180268050689470465
1429960991970897921
1253362421026230279
1275638070474399744
1347401570095411201
1427341892128215045
718679496015028224
1274965198676398087
1282467150662455296
1425239814949933059
1261303287657238539
1424509949472817153
1426983273851330564
975119919414218752
1285730780883255298
1409506070234636292
356467687
174618314
1267046909916721153
1357717304931479552
1424086798058332174
47640215
1421616893534904320
1082275268318953473
1048202417899286529
1271059971053060097
1414481762894426112
1402816922547281925
845713494527815680
1396636173385322496
14629545
356966741
817156479044161536
766382211167821825
1062395654696128513
838773066
795479476822011904
275153432
1173914827506536448
1160927237878796288
1352287211778142210
1328886553670799360
331876075
2496357125
1338960681949933577
1423038670131580929
1154426389594103810
1292309720678699014
1108384716036718600
1359715259406245888
1160678020207824902
34529222
3411103990
1144105477216886784
1217251942214393856
274515961
1402890605932343298
1280378126544056326
1253116531749388288
1420915153978134531
815767402810142721
1362601555443265540
1415089287910105097
488817598
1077746579682021376
2788941283
234588848
1421686574346117125
1421677041993273345
805619525815300096
1393953881722347520
1420469013889572868
65458321
1942542038
1361395519289843713
1293288031609290755
1378392606476886016
1066523360685899776
762591595648647168
932937349146832898
1118680695445041152
1266242027353604098
1292958499832393728
3295510628
934463342944620545
2750486805
773003234344570880
1417216313290895363
230045922
1361449125452140547
1393034661929050112
1386283196665503747
339142542
1359244921438404616
1408910583064317952
1402557528949477383
1211890543883538432
1355418243473657856
1186248367
821169436245852161
1417913315842420739
356532067
1326664124391108608
1330653894
1212216861414215680
1151955545810755584
1003431155205623809
1345600452126236673
1268568401703731201
1347377907971235841
1277626703943208960
1332139440890896385
1210602825715240960
1415798535602200580
1348838989634027520
1379854186414805005
59699238
1412963962103209986
1415707021450612747
1415145058253295618
1412147088192909316
2882092654
1336854958725951490
1300756632595554306
1151874636
711251874565984256
1221516662219968513
1410040561147559939
3680706135
1412253854410883073
1369442741118205956
1343948439617495047
1347075059526086656
1409273165986082816
1305367420970741760
1330137109190103048
1298092376443908097
1278099265387200513
1381350956076531712
478304839
702524531412488193
1366955602568765442
815934645929910272
1413797936790638592
938223128370696192
3003844272
458852139
1413674910698950657
1317803032109895680
1222586639291240453
26214032
1295443951332229121
1339408929567035393
1271828479890403328
1083157361433427970
795342400239652864
1333199707804479492
1411693965716475905
1191191483820466176
3319464473
1018664731836600320
1194849391397478401
382205463
1392253742901235724
872326961930088448
321680341
777030841
1248973731025862662
1394463712480727046
1223059184
741593360243232768
844895209204989952
406627271
1407739260120309760
1343972278145527809
2836056089
986356435691991040
629989299
1090257927640895488
1347955829652205570
587865313
42557105
2170327516
1377653926821036033
1347245339682758656
1345400888081469443
1279943766456098819
766090226
1365885486586351617
1888621465
1222836673
1311945956452044800
437359678
1077237631157702656
252826824
1028747714857586688
1403172752903843843
94632254
518224599
462497737
1408162966948753417
944445406330593280
1396684476927852544
1345603722378964993
1404925943072894978
586822414
1909349292
2393831536
403780707
1406301341606191105
3068252805
824809798675755011
1304619626785984512
761618486858768384
28613608
1393134764
1296980782205022208
905180017520504832
1299515370349441026
1307673695092080645
1347563421500248065
1394381622573555715
3309036932
1383657169459892228
2565684104
3017270677
1396664697676521479
1386667633471336452
2202279520
1386483071055245321
389210011
1086345143291179010
343494378
2655274954
1325621886743703552
1389188507172843521
832069375
1214427473041133570
3940091777
1171851634365927426
260484019
2214558306
1400978235089846276
1368304902804402177
1380790142101725185
1393186969979703297
725063402284945408
1088580225733148672
1275827660300705797
3121105462
1359261854141468673
1021167317948956672
2742111148
843285246367973376
1199919794813730816
1065566767269871617
1392251532784013315
213144333
48536848
1221981438167474176
274229582
1358841745933492226
1384500374116184071
1354857525045301260
1278009609492615168
855119170383622145
1399449164782706693
1286483063313248256
1404584803769409540
2961419511
981195947706388482
808672745567518720
793584508029186048
4698611983
3560588481
1195526102464319488
1294986220062334976
1396083826581979138
786222857080668160
1289696203
1328686113574281216
834872865606356992
1313167582724317185
1055983572216102912
753355466936287232
849862130908229632
1395475367092121601
1400588667790393345
1256004355
1404191121723559942
1327610313445871619
1351874598548205570
1165760974923735040
1391755680630157320
736214254194417664
2335671782
2407289430
1347721800805965825
1402142561049874435
1396920517215637508
1402051866696032258
827304042
36612159
3949697909
1226254940521279489
1366773443023282179
2269668235
1251681718660214786
1370710156682657793
2925734416
274537655
1400188650458161157
1399952023722790915
1366407240765345793
1140643248219840512
1511170340
392959314
1697743254
1353103535894908929
4639246335
62725517
517191131
138132968
435095697
28410165
858066056786694144
834496225185562631
1338016117143506944
710247079889731584
62291256
1262062049611350021
1268632844525502468
1062466851081519110
1619035788
1233860621134913536
711586602854834176
1128028561590370305
1372014796728590338
3572438837
1324403518304849921
787285057841037312
1299461971981590529
1081606152352350209
986016409569366016
1321358845453733889
3237200388
912305765578412032
815426996809453568
1132139746593873920
1280197044309823488
1147704531523964929
1344641656180666369
1147393985549348865
1324077029675962368
1361773365426585604
270535119
67322084
940909955418292224
2542074602
202313928
1394487196611141632
1207329132813488130
1199600633327697921
1382049756164325376
366743182
1181734502957236224
1163482065414840320
1391922517514784776
252915277
1393232880038465540
1382768181094150144
785299372690898944
4851633305
2504620241
912654030
75962495
397100896
1295409848864124928
1475534856
1372681436092858369
1279942454960160769
1257792526339182594
1392880502005276674
1215031092681379840
921050011386839041
802015269497487360
1390659384150315014
705187900455985152
1364838885138702337
1390324391716741121
1264256390442385410
1344795589322616836
1144055220349165568
108450607
1344317236245360647
841707752
1217172451593007105
984941160694239232
2875798095
1325846662233927681
739522844615430145
3282155369
3300086439
1299875579693535232
1381998278565359626
2586585973
4820233984
106718746
998754646326996992
1348420018342658048
742115813298032640
4160825045
1067946499399712768
997182427993817088
1382775273050013698
1382491233243791362
1381705034296041474
1383916181866696706
867511104641146880
940227798878208001
1190557140
880618099191545856
123902871
1337099883879280641
1247291299310567424
2468701644
1374631601649356802
1347030074424512513
878461208025862144
1366831746357026820
1378541651526889472
343814839
717247706
958686514678026241
276798565
556829750
19750596
1351340131454738432
1260343706391138306
1291337283115847681
449354070
16670146
824323424873021442
1233588255049863168
1291059677355290624
1334292334406721536
825455270033756160
499901541
52066948
1329052792305168391
1354477378496573440
1262267985248620545
1356457065770864640
937033786856017924
1175226135426322432
1376251797640187909
1349759458818273280
1688452944
202931414
749724827746009088
1130923672439599105
1354863813695320064
2338694939
1277952443876286464
56918276
33782845
1217255079176278016
567417029
910544189775114240
1300439557423484929
1292494628592193536
1356282424313999361
1326903900671275008
934613554082095107
1373014288445673472
1270848925671587840
1246458504086540289
1345098005360340995
747525752
1226819156152115200
930470485221142528
183292208
4869819473
1264675498581544965
2180068972
1330550337468583937
1259596581847916549
568524356
255444158
770345886002077700
1372278133009825798
3061940311
1355852551728418818
1368598350564524034
263547117
3120263669
1368693530571517954
778030061312237568
1276758161861550080
360946333
1299889161604915202
794910321966256128
1020151888988303361
1360791669507911682
2312372450
968204866760970240
275703601
1330634447486677010
1179771067335892992
997328934902648833
1297392941418283014
1297239943643791360
495202167
1333906855538663427
1330578957545009152
1366594843804368900
37616334
1906204734
1319681106120183809
1364717631136219136
1348849215292772352
796067198276136960
1329173446052470784
1254864672584544261
1056557179224891392
1173237811966668803
1346047017672437761
1357757502859993088
1095271250333712385
1347241181634203648
1292911237408468999
1354821820931739661
1121941729899315200
1350157235297640448
1154041944173154309
1194818909943291904
1360856889228218369
1657007292
1359007337797668864
1342559387739688963
1076544925574090754
1271515952996323328
795801451851345921
1323468601140105217
1231432741725638656
1358875751680864258
1294441659737006080
1357697425910231046
888818078091546624
1344536672273195008
1197637682291232777
924979700954431488
1325685008783167488
1357443362958290950
1327927786183544833
1295975634100015105
45199057
1357887026884919300
2233694640
1355956151477788675
74125834
1224863084411486208
4190805334
1237929881645826048
1173760702894551040
1618492646
738524159911682050
1346931292340957184
1354465577436405764
1304758268582137856
910048838198730753
1291808377019027463
1682083922
1307125987616985089
1352452541699776515
1342470233718743041
278522475
1344128696744030208
1059167670
2705929945
1466117298
1160288511188246534
52816328
311643153
1077694386992017408
2397240481
1273479211584544768
740567899245555713
1350883405232132096
1207764487559929856
1249450186469867521
794862993553047553
1656440820
1293295675749347332
41612905
1336480402651963392
1387619629
867639769794101248
1347186372067680257
789173171190534145
1221043553419350018
50756166
2495435900
3068993545
1304540717080096768
2863943006
61203143
1263178196767444992
889964689
1318255946267824137
626837744
708244357
1285504186914942988
701651067512160256
1254630741788459010
1348319240806346752
756860198724263936
110539938
1188162952299450368
1259255871365877766
4639413136
954098074326052864
1329426069162758144
1338646404345057280
1265767651755909120
986232019284832257
1274692457913962497
1341736822356004864
43316069
1277201546758049794
792740829404262400
963078926095519746
457877628
2314580977
4243374015
878374045586206721
1339313400686522371
1311145810667745281
761738184023760896
846614119
1305346231091294208
1291495752703778816
1235474347877453824
214961823
1322639961238106112
140340185
2322083631
780573565728940032
4893055996
1082150674878492673
1329231299521900545
478348609
1341449924404269067
1341312796693307394
981938809502928900
1340816491223126019
1256394056365748224
1335326309409579010
1164185015753818112
1237228076368568320
1188734349732122624
1078969895558115329
858576792
1230849861857107968
1249732723121573891
1170642580440150016
784928097816674305
742140900982304768
1194765533931065345
864981714
451022842
850516806083239936
1036802982539653120
2495611032
1335027632036048898
1338874863075774464
796941573086990336
3106659262
896857073278996481
1056568634917691396
1284250299826425857
1057799351894982661
1120799561260437504
1335026822396792832
606033804
1324476285549203456
1226432762103635968
1276652162
109049457
2796325911
1188608760052359168
1203742843036147712
385097930
1006222795565666304
871159686547988480
1125403060245630979
1324517367892856834
1159689034513317889
848553859484135424
68910765
851655230353686528
2312149726
791124718464229376
44264328
1289258071663886336
1087867383849594886
1150849942543634433
1227956849963462657
1016562869914210304
721292300
311851485
500020146
1316843945192812544
38693459
2815910796
743571874693582848
1015782007102693376
188172437
1056916112561049600
963254235029786624
383800328
24233085
108095133
1281035793151094784
3072195692
1130568042625327107
2846330456
1324034311541170177
1186636182953836545
164729587
1324933828922789889
1321193298246160384
2380589369
965754230354128896
988921689651097600
1450084093
1317562302317678593
1322383074647175168
362769010
72445899
1328153508164595714
1253972978615767040
2831362383
745456366987337728
3806820972
1305667081254432768
1061442977007132673
1333277069950771205
1331780493054971905
908592617343950848
1333960560141099008
1282881631573827584
3660933198
1268687733079379968
874678092
1317562023123865603
1290782798186414081
2407401790
1282404647022534659
1253858606203584512
7816512
711312995494723584
1097216034
1324472367905566721
979040413620125696
2279145393
1176671192985391104
1326351879660580865
1307186985379885057
1275998584744357894
3913327379
1149431118778765312
1288175235527737346
1229757428767608833
47190382
1178310862957944834
1139322456978726912
1330838026491146241
1317910873894248449
1267290680252076032
1069017216664788992
59747649
3268791871
1326314421149458434
4189482634
1314265487505850369
1263260365187616769
227461294
1267270383826358278
3081026023
16495236
1322607656373276673
1331032868873777152
1330018864738963457
729148541139091456
1327264847776653312
1329803277916049410
807908498
68292632
1297478639995564034
1254474639310417920
2472473544
774346370723512320
1313108174614994944
951696209755848709
1267413559803248640
1219359381780824064
984149799367684096
1235607321201405952
18115790
216524235
424226896
1324792573198798848
390277533
1196884702239453184
344195269
1009800949664059392
579763214
420837580
2557546975
434371808
1705392312
1310576318791155714
904809776454000641
963831856344059904
1035064164
94132483
1282172788720250880
1044635586253000704
1326049339744133122
2987562411
951967167926362112
897795084803911680
1327112284011950080
1047949512659152897
710594571739271169
1267164212176052224
1266815949459591169
473078550
2279978906
926158148053893120
1427600029
18102795
1090760915887243265
63791557
1187076352136110080
802196657832071168
42026541
766680338064089088
1325514243450564621
22815530
1283403436466282497
50441120
4624018102
606622553
905727088010911744
1325293592395591680
1154883570508455937
291544627
1309502473883865089
124627831
17968482
1321793253876879360
1306668286722158594
1136877010331066369
1119799049140363264
1190261317548085248
1323222460444168193
1284312329761554432
1323982510058070016
751352685241204737
1114206011274014721
1271618544250368001
1324578242578190338
1303529858702737408
1306080539632447494
1223401617850085377
1324407630912200710
159217141
1231435177454448640
1299172290861715457
2615584970
1071930942
1128185392551927808
1301246212541046785
16256270
1217219028479070213
214905753
182878105
1318352145490628609
1323825058448629765
165955083
1312095438754000896
1308978637341896707
1180469818476113920
1311374072052408320
974087566793125888
332267744
185065256
1248006733466910720
100648699
1322713692799148035
85591723
1085538846362738689
360748022
1284520109906812928
1276675025828012033
1162297414012874752
527640753
1255155517435019264
750796942922412032
2890089240
1268210877288845316
7792172
1166455088963104768
4810414583
596119422
1274898113300320256
1306087234316021760
1321188609521676289
1272598112989859840
1183391502
802559693788971008
223595381
47469900
606270407
1041177834
1663127706
1318907174077300738
277755488
714951888639275009
2354812746
903778012340080640
37021015
274769275
25318798
1166498391070859270
928744032
909437214555361280
1240055911814541313
1318339032196304897
235380124
1110322581821771776
536732623
1320105337345757186
1319781658330058756
583390680
1302751740417191936
303007220
85027629
1318910945037570050
1008046724189970432
456365441
3484198398
1257422580908261376
4052161994
23333102
30528835
706185860585234432
742077322229121025
1234225435397017605
3373141972
1274135973828407296
812397817964548096
957440691667222528
1256646825941053441
1268759734305337345
1169388644060278785
1285966474126012416
1318230127671726081
1031257853267456000
1315987653364461568
1250534932369137669
35780942
860844114
197894315
1317074251988537344
1316603482716147717
1315344548780937216
1166181671286300680
1281016110326800384
4006677748
3171513777
1426160528
1241642883737886720
1301553155965153280
48656607
1315796923266236417
2705642732
4050953716
1229843879010197505
1316189605297901571
3363328677
1195081760293478405
4380525736
1599296676
2753968215
1140311474356805632
1151314941376421889
888207912
3942441015
1274717661675442176
4871065809
418867782
2979190611
3314529976
1254198020197007361
1230216710789255168
1091217735391031296
261835601
1314656930120564736
1314749995665547264
428705319
1228427941576663041
1180516971449917442
845280180281249793
275765160
1178662982185828355
976681201
1178677872308809728
2934238932
962848218320060416
1176624876054036481
1275650795481030656
1022797372714377216
1130846736
1289651719224385536
1154663621617737730
1266578625203261442
1273668924572393474
3395471177
1290748712369754112
2550854178
3406320153
1306641588743929856
1146176273124864000
3129020750
1280564766537330689
256632323
2949940991
1292414723112173568
1180153805389717507
1133399315836227584
2216783804
1288255124813623296
1049184849746046976
1273707647259328512
1271488758358179840
1292811334757658626
26856764
1106697612034560000
1228788979
24724232
1417669609
513929941
868684931559510016
912128082068348928
1270425400045379585
251389012
750018240
1296272062017724417
1279146169030053889
755972307319922688
1042838541116616710
1305301919389290496
1231408300517994496
2793426281
501908723
1303332886788091904
710137998
1258533460853096449
1388450814
1100077904585740289
295964910
417777245
1145702015374438401
1290280383234310145
1295922145080627206
1589774467
1120919064803708928
813844114412339200
53216256
1302221175158910976
1298476612468563968
209827954
544484168
121406780
969961921
2878063612
765270063872151552
269778217
116514886
128573568
869719301133135872
482611911
947984296224096257
1298447432838258691
82695180
1297716007989948424
1284515130039042050
372680747
710615462652940288
49045011
37924839
1270994015446609920
1296570196539453440
799323456118657025
1287205026105106437
1278859490436296705
2235692570
950079542969946112
1150586804434698240
1234790701608689664
248806279
969277441859502080
855851421509484544
1276725532038623232
1153042794375712770
1217222437785481222
1276149171733573634
1141430557173256192
1165991998609874944
834218107040313346
166444780
1210039087681290240
1149434412662026240
1250604873864949761
4627081402
1277696893443866628
3252036844
1242053479314620426
1192471267779260416
1285549561503723522
1162561714992406533
1200599931817545729
1268323434
1141763639537364992
1196943748644659200
1269339977000857600
809634353391271936
1021053239700217856
2958926842
2655645583
1278775161139986433
1235272763646058496
2317578668
1278773537982070784
1135282706084978688
1267493969119924227
1276622667475496964
1190952186211115009
1269694778117025793
1038465669308678144
3753747383
1275581797246611467
55284373
1270194600356065281
962122770837639169
727523600912130048
1084836872935878656
2510393263
1274119681297854466
1274076657251278848
1266816367702859776
1007134548055003136
1230212357579780096
1271792328726982656
827177103317626880
1272027937219448832
1270389025749323778
1216955392896524288
1127087112
1138265991132209154
468640410
1211744513678438400
2360213761
745949016
4421655929
3654604761
17809475
1254423739325984770
888889468824027137
1269078887339831296
1269208778823663616
1263235569045458947
881634191586316288
1213366628773068801
395570406
750521271771803648
1241894850682912772
538787226
1266279952275501056
1120518534340202496
1265310585836777479
390455868
810836591111503877
1500382586
322307460
1055847088116903937
2758374681
1155848060016181248
1188944607213735936
913959409482702848
1145232808811618306
925919104418091008
1204878562336989185
1057161953150287872
1118717322095677440
770037768051363840
1107772537717645312
1259554431126904833
789799440420700160
1044958909625233411
1254789545431756805
825739469521244160
841168582318936064
2944642965
1185769379247644672
2566050122
1162708117752299520
2548891752
992231841628393473
1257354035042058240
1265110920004583429
1263662918207504385
957895561339863041
880936117700186113
1149150349598580736
1261878705816772610
1260297137948102657
805916867391057920
1031681441233620994
4882354966
571180553
1411657615
2428046227
1237017632081088512
1203448778948317184
1117083406951702532
1147842361944358912
1260737184820322305
1261115114213617665
1401136226
1255947484100210689
15530975
1260656064044957696
1134380401143754752
1097348008407191553
1252700122833727488
1190360821219635206
1249592172950650880
942104880902176769
1239637769485520896
731849742259380224
913059979103473666
1732500692
924793082738102272
2945287090
1129519516864700418
9287122
27847829
1457878160
38878208
751954389321998336
1213640237345206273
1233113216156413954
720045838978936832
1122897552649719813
1251032297102548993
2212008325
392435735
897650054022012929
1157277186988171264
994625245737836546
1254803731612413953
1254037304823418883
1240487373613363200
1081097841223684096
17289855
847278842
1174101136464371712
4883557985
166011124
1006660006350131200
1199035660839112704
1203004891784007681
15717122
113137765
1056740805723877376
980638648554078208
323648210
1242308277670682625
1242294300601270272
1245234373391237120
3000202799
1190401346056445953
3137533743
789816942861385730
1202677639393300485
1145497774907170817
1074038717763997696
1130619338933854208
3142312798
2274210941
465105188
728295751336513536
66156657
4737965237
1221190650080714759
2793081841
1200267891607773184
824411561028648960
954234058975973376
64336281
3420988667
459591628
966854038124822528
1189623672409088001
1089355346123128832
1552689516
958408514807967751
1234344066109800449
916765548058472448
1225393291119808512
1196945557190828032
776262754751479808
1186654789146468353
1150248494264926208
1248354813894688771
1039339502446301186
1214087084656353281
1247357143080206341
1179195162423156737
1199802683277926401
1447296895
1165013201412677632
2867490412
1021586450943553538
514825628
1224374974561116160
39923340
1046650817019662336
1581322626
776568947105673216
1057022112827879424
1106044288658563078
271104582
3021663385
1143402618817011712
1229858737738932224
3070919057
41441006
384104479
1000605364809818112
1240461523509706757
2738433752
832035368
1234174499097960449
822656791846785028
1030504377247850496
1160677081304457222
1241167123763904512
1030651179271737345
52755564
711776457463357440
1241211921531129856
321121989
1235222705433186305
2290122559
1207140544025178112
890035116642373636
1206410297973436417
1238949725694562311
908094848749719552
1119967699281563651
1106981777292312576
1080299095150002178
1240381271290908672
34466728
1236970969614426113
1227796259680837632
1236323483250053121
1225526904742203392
1186671782469820417
1102081583664848896
1054519321542696960
1010726646784167937
1231705442553909250
1224308996045180929
1236061330794258432
859437868804173824
3410843525
1222645014943039488
1089308757035794432
4550258385
1235256108861853696
935697527084634112
1233742731270377472
333525989
1207745763297636352
1141434866124447746
1208307350874009600
1233211318754258944
2518210591
1002559081931042816
1233098835074801664
1221445763118649348
186395658
1057802998871719936
1461871098
4070834723
1231566381457510400
2987204124
2800398991
2395094540
750399018
866752414245953538
407344099
711623702853656576
837820012018663426
1195479532096180225
15976697
1229955475992711168
1229264027714555909
1103390359378448385
1228520767987556352
820385942842331143
2391897518
1217647238446567424
1174356148385959938
948450562147790848
413312369
1187872471837487104
1199437543759941632
1171819083786063872
2885512147
788879917635112961
4547869279
1032001285980147712
1225945561813176320
1218124706227933185
139493273
26853182
1194040156128452609
1110362484408344576
1189367676075945985
261099722
1221942375892865026
355553437
394983373
990395183316561921
1092897438749376513
97541422
903489188653277184
739937259131174912
1209222908972797952
1013621573570326528
2244209274
351363616
1215684797697155078
1211816884913360896
1199819892746264582
1206743682659082241
1219488552901210113
865040993875144704
752229130930978819
301627499
1216615080726388737
72783659
1191325754614861825
991104191077679104
706284979
1073125754
1150509090914873345
792129584187772929
1178719449974743045
1206357044929937409
832250276
773734047646351360
1211821040638103552
1188812257364533249
1143970039592173573
1214594234801635328
1037471245682520064
42463851
1187837127125622784
913265042090491905
63052062
1157486665960689664
1436836910
452672922
1203718860005892096
2239362155
1042225359209603072
1199853210728640512
1099504458193608704
3267456386
1047813738617872384
1048983697746268160
1376175572
838046850238271489
805999330385686528
1052311859276210181
46305708
537904539
1139716414850441216
14093404
1091382754091110400
1081676289264762881
2341920602
967072227337392128
1955132936
547309627
908329043803512834
206957682
71036272
803792755075915776
4182380774
848316161104109568
747056589488553984
1004287827960631296
14840629
1002382658855415810
964253700075216896
47976963
735618483002576897
14600832
465754852
796949903146622976
932041973216829440
871761334827978752
1104593154
816270728538521600
894390022539026432
937577560019472384
992990936564158465
902263700
928380340812513280
821129640882282497
1548937776
837717336111083521
372436704
897770313135554560
1263817284
794857530111442944
925730928235831297
166751745
844884628687093760
