1430974219345612805
1049546187790016512
1548656278783901696
1656150413161431046
1406240876272054274
1593803890721529857
2335919749
925571666620579841
1245298832763695105
715146025586069504
1676213201246261248
1625068372328054784
2198743896
22703645
1637507099558027267
707921684586569728
46103475
97565435
20736511
2580283244
2983363480
43356959
1573410536586629120
2644335990
99604591
1474392309915602951
1630227637367980032
1066572817
317545391
1268032640042414080
848784339483721728
1560336808210157568
1572522900846002176
58742398
1250498216744882185
1393509702982529028
267929243
527526077
1164685729
1525911460374790145
1430043233011134466
1587643022090665984
388863109
1032468021485293568
1317154367557029890
232212904
1599137184283590667
1599879262420566016
1597973076481818624
151429589
1119622278
1188120596636413954
24673980
138141969
180858875
1504749428594429980
109113673
1152774133798670336
47261407
1186168843690860545
35023428
1395955612660355080
729671018529226752
52401550
1706848926
20773678
1540049959151702016
15092020
118465616
1428665604853141507
1396128610730364932
1258918916799164417
1560103375286714368
1122540780453801984
1443613222930718737
36133678
1337125931974971392
2433277328
1287848678942810112
1537282217193316354
1318748914242158592
1019736692381618177
1035659609170751488
1356486669713645568
14060906
3010497235
1198521571
14061278
783724202310316032
1406397702229823494
2845913776
1511183198427906050
43140855
733450396807667713
3013672729
2383510675
1425411206844764168
1122611217216888833
20781374
1224246637
1427996048698527747
3060230487
419084104
177698142
1039703701584338947
1427330869824561155
1273639475340554240
4306827449
1484632162393628678
1483520528510033928
1468938307031732228
3296797169
28915923
998218376848658432
950357679377141760
115469242
1338693723719348225
1183418538285027329
368159111
1168715980584804353
721872053633060864
544231224
1118621501530476544
713733336112500737
1459977505893457924
457886928
1443737909425852417
117338050
30698313
1451044875466465283
1403833895632703489
2397822176
1222874349159567360
2970721330
1292734098524471296
929910768535048197
955545142626279425
4435227552
81156723
1357434594916765696
2332951065
33515798
1381338333662568451
3259448376
1316521894028378117
48861897
977272230
2577029563
297775099
3745781
1257772300654477312
1357663017320648705
1119732517253341187
1216398923817897984
1026556303
1138518047684272129
1160856789472239618
1326501541336014848
52309742
1377396504525205505
154388201
3376793387
1114822908080283648
50311636
3109973284
15300187
882311610819387394
1353607669941039104
1077599426
200878681
941944734792273921
1323278449960693761
4839835674
137770469
111326268
1050397492334841857
1316189605297901571
23682743
3039030863
1265215154796576773
1061650831311745024
35511525
1328970939992780802
256629853
1232351165691678723
130189832
84166441
2277910758
961532704482308096
1300085226119598082
720239431924318208
257145200
235764167
353040882
48342787
1270416043572375557
455165242
184932914
854241659453714432
166718887
418110991
859886790165094406
20579845
1073960386125225984
901144036513370112
213426144
1263320870384214017
1415678390
347963926
1033887361
1282023174469750784
584640871
2719623600
1123847711835471875
1576787154
1274555053303640065
367703310
371444442
93278929
1023577847988772864
968763960743858176
107451071
48436072
767755917890842624
2839530525
1257792281614200834
763778874312241152
18841531
260140483
1245893846107672576
198540927
29351564
2884829619
33992848
1198379902883573760
381813372
47426518
298583363
1155133297200156673
1239302704230531072
1236779154923806720
305541867
2926993218
14427663
82381827
20169788
81995460
459483899
1212933145814695936
1490661625
48223503
2575340804
1182483834614484997
591680810
3294209845
47337120
1058400732934782976
714843340664127489
518065249
892970329395613697
902011866091855873
411344473
2354945574
44974922
525639299
1093221197586804736
984472874911137792
3938140035
716988835
897895893743149056
15712930
2894040989
2153216132
955186401963905026
775696688489099264
7272252
815620482175270914
16426402
2263564192
1408562040
2471296656
458077039
461336384
3371132765
1252520990
1151867562449391616
733977199
4384825756
1154153091790491649
1126160260853424129
836566697108594688
709644992
2283790430
2169370117
3309287465
798531952924131336
2841773610
930528363424468992
2719531356
864591652505214976
373526967
1108096520354783234
27073092
984427868041170944
882200590599827457
969632226013954048
2892213018
2465207048
112940124
3417824213
4654078636
1008987872937086978
499696436
4700728759
1071865358418612224
87133189
749954564615499776
1060598865160822784
772531416395546624
1398479138
622217097
818905354205622276
992491537282908160
480196886
458480423
938408017481134083
39893607
17839907
396916628
3309819682
119559815
844434316943904768
457852945
1018561604949086208
579780672
355058101
719024310468280320
226145955
14563616
381289719
184821687
854746255431315456
69441586
900892397470699520
17408127
722920022398468096
227523320
76563605
860041037590405120
1894184054
988467944
2974848148
492443928
961870791489945602
9840002
3656836876
935548392343851008
105678813
718272197865947136
49739695
291803958
97682466
742402133232734208
19042105
23930286
1705731733
239885144
4030120277
2254374744
3064640931
347377865
808355323643731968
188787513
80758969
17617492
586427737
403511363
4733514857
4627236323
522282545
204147243
817880247777435648
860496044379049984
1382998002
4012983256
404550655
4775533818
3318067306
966531218
851140948352479232
21480702
38658413
1281228758
786599389326344192
581736955
90657826
22325457
4296903437
2915111863
459692778
381017134
59043234
778241057964199936
2853461537
19878055
3015067823
234940866
35199446
3855272473
739300534536921088
2653791264
741195637090291712
855444446
363845585
2280030499
189870199
274619552
4891797484
713169073174089728
2538196992
15250981
4439232376
374594501
2946441431
467863687
271726814
18718565
3414232151
2865659145
3381940641
240426992
937915279
3079736908
74397705
209799574
501807867
645503
2231109295
309249049
395884602
3186299889
16146117
13288202
69277202
1554838501
2853284104
439321373
18270468
2209980606
540124441
33937044
388933908
1592375250
12731222
40392655
468756028
2463171746
174186133
39524149
2352957686
521549863
265481588
272059737
1474717591
257745981
1952548736
860691890
1725972156
2538227347
5656402
425235183
1491685098
2352474296
2409026100
23549130
312168058
21983321
2274646646
390210891
353326740
2279553571
25825267
19284852
2716396488
2534173706
19602678
58712600
2425136964
247115085
252669325
2351053826
209693451
237209241
612544899
1852899224
1627066914
27121313
33756464
1877198120
27522964
1862831041
1630603508
16997512
1563464372
