1647628050019028992
1641248391488258049
1705235148579459073
1703865988427710464
776213909594398720
1673104286383783939
1499254031851540480
2744192965
1667921663717933056
1648108704569384965
391534562
1831397149
1415423369349054464
1521870690630221824
382680504
1559757875559514113
1606381810144972812
601572553
1261209916624318464
1364310649107599360
209693451
1509913938296639491
1593409539952373761
1587102104363188227
1347431595997863937
1588954204441296897
1366148208334938120
1380148653847937024
1569390544148897792
4487256253
1562564466566643712
1367128446426619906
1395563728624660481
1559883528409595909
1498784650436751360
1520993621113118720
1358123773363445762
1518543826398318598
1472214784783302658
775343566843502592
1489371295921934339
1481349484915404803
1240784920831762433
1461782957354627072
1340073954820694016
1456655802236915715
1456273335348645907
2902068421
1450713506701971463
1442306012195610634
1454603822886789127
922267018526707712
1028116790310842373
1346905483815301122
895998201819475969
1417352143300874287
1366477358224592897
1403436686802100224
1395040186447405058
1397541329501147142
1392266663396007944
1375314338869694467
1367284695172546563
1366576530885902336
1366593297708429318
1334643409894715395
807095
813286
1349149096909668363
40765038
1362449216035987460
1157684988084740096
891469259452194817
1268032640042414080
1161320496559984640
1281068562002690054
1306741300138475520
1328038279791435776
1319347567222771712
979761997997801472
986324682474426368
1304537279332069376
1290701071321649153
1287092687024291840
26649679
1267257106652172289
1272997779942502400
1270198865975705600
1256680388
938867051971485696
1012425607764852737
1233637371830079490
1166366182569598976
1157788002564923392
2455049024
1182330623651913728
1142620696054386689
1042967341448024064
1201985743729524736
232731795
1083026477157883904
1146496642700308481
601646361
1146444864294400001
739013222569807872
1173598968946843650
1115979749426438144
1957809236
1154819557007249409
1048743055292080128
1144346832669171713
1006314452843728896
1138897598041878528
1003645782803861504
923038629164810240
1066510207092633601
1077394736581881857
1107696943462051840
968550061868240897
1057097353964924929
4823488977
2163733142
2344358742
889057751996837888
1033036896740552706
954283519580221440
721788566175485953
878330492
909882725544407041
4641772220
1888704427
844434316943904768
3018742509
