1227150231193522176
951203713
147136205
1442521263952388107
6508622
1560466310647058432
1466640213694889991
12497
1224013513858961408
122025193
6160742
1668327007401447424
467158577
1290730387342319616
1673534787326189568
1154527215046004741
1596766838431490048
4498776677
711823909
1688942365292081152
73105934
1252070635267747840
1408898375253168138
1586750869483167744
1425411206844764168
1674994413456457734
112398730
964297871586623488
1056847397626748928
2169586586
292475065
128126008
2519193751
754345572337790976
1173623155
1691444190893461504
1079425580880125953
561802557
1272961221151600640
934443084263448577
569715710
1672299630720106520
324229111
1573901668063887366
979521946600853510
1236868614843744257
1552250845554786305
1394386739096084482
113462420
969652587149475842
884852917802594304
74834469
1139048310134661121
153913234
34129066
277413017
20766889
1474288495384350724
74783083
1405724793031233537
219008838
1365595466298089475
716667559387377666
1689119436840849408
1058927125
15971476
1136371936160825346
1405277109732339713
1675595143984951296
521167918
1081038094357413888
558075811
32633
28688609
2760609271
1590832363386204160
384996625
1337348780
107186366
17502272
1290017430
206938213
319901933
180518252
223152329
1395200580759429123
1617323964170125312
794290603152572416
3243902557
850442292049596416
23515824
719331925442301952
1895911327
2861143775
1595908474705219585
257771975
2858269567
1506053029459599366
3233484298
14138079
1599842601397387264
1550049838019907584
1143208711
1690010918111838208
19132398
1574621478557208577
1305522374876381186
1577540390684479489
3957788915
3166042748
31284776
1561918448766173185
726168841680728064
3047722897
1326790581394300933
543483223
1080713633204760576
1337286147089678337
48544368
1482851430021185540
58708896
15187377
1655499151537307649
183791347
1695631446826708992
965431702838566912
2265376392
1860855170
1215748190994976768
1263200873628471296
886358633646350340
1273597896697327617
358876242
331290294
3587741
1359872727637762048
834023303979401216
758682014
1398828682828038146
495761421
176761848
1481983667207614470
1616138866745802761
42871498
1359674352602648577
729676086632656900
263129271
1479958588084789248
1585755135640158208
1341107618853642240
1321733660
1208294893585620992
1569794090656763904
127667573
1182066089041117184
21626308
1183335451748425728
1104564502220161026
997044879384457216
1596326057317220359
793652931245383680
88254141
1483498556887642124
89321843
1273396927212802049
1654262409475899393
953338722061312002
1586507627894345728
1163638223714881536
995568074240610305
879736818874277889
44066197
2892206858
1333613797907582976
741343626530332678
2904726774
20758198
1185620774046130178
1353547492785319936
565476730
63202368
965020998448959489
1399860779319443459
1070858561477996544
23023483
222953824
218984871
1082123620258844673
1306701602611290112
695054484083470336
41474891
20677726
53979469
164070785
1521882075007225857
15712930
1402105523021901825
1615073815595286559
1600875059652038656
2832896673
1516058202529533957
112223111
5177421
3408057279
1260443588464345096
1357426015312760834
875045184
14406073
1585824927130652672
100250921
1674939268441993217
1390136329506222082
1677371476348108800
287413569
1319036828964454402
1365605168671244288
1307875545171062785
1162626019595042816
1155840474588037121
1518265999367286787
1620993730810621952
748493160
446282869
1588229836207693824
563883153
14803701
1463998516397760522
759463699287465985
1545028992679518209
1590546556939223040
1673330681424871424
359174972
489142887
1304389457504808960
535797606
1514007298154409988
238282125
636097949
346179742
4051177209
260309194
937610310
241757663
1011666390741278725
1499830950104080390
1536268354830360576
140137397
1631098415424610307
1528910174169309188
470129898
1307891177572782080
161524644
1653528170132381697
17585653
17664709
1608223271945748480
133732734
1691015639576563712
1691019961609723906
1409592375425462272
887729329580408833
1607079287664054273
17754547
911489556435873792
35787586
1543647717574033408
1422448439720357900
1454104428529610754
14911539
109184306
24091742
1405180294123061255
308677051
25597079
78771060
1508443276495446028
1611097396875874333
1330955362216923141
1538187204371030018
1627542498968059904
26335586
1603127874512453632
962418679383281664
818905354205622276
1098877326660521984
4799754666
1535927777278447616
1667126148470575105
1242307686693105664
1311872894083969027
1485663450994855937
1320156402996944901
1515822166041890828
1509439380380860417
821758249590525952
175445895
252920272
112311632
1591964914737872896
116363549
1678915119374557184
101069286
58497291
1656123326
18903353
1037024357669855232
44553913
286481400
81469169
139553167
8293572
25427153
458715127
797920235080667137
1325938306287329280
568545739
201162820
1535281767183163394
1333048647706144769
564392197
1528943647185678336
1674450682512916483
2677295778
1505038860656562177
1291494341341478915
1427314268404338692
235884323
714114291734081536
1556154056418131968
16674675
1316103940795236352
15484497
1477961269
87657877
1542531799863230465
15289968
573817445
1733467884
1628067904083181570
1564224623037878273
44936471
592730371
343928585
119363202
54459725
935352363577159680
940352688
1180533698
14788764
1429770377484406787
1605008928990863361
15390341
2864217936
9037562
1650128356032098305
1650584593383272448
1590540135057092608
1557096679085596679
1638779267017502721
4454883572
160899241
14997474
189732584
27113047
15324713
22107793
2369888642
923410482207145984
7836012
28064228
14368693
1050422709228892160
34480861
2479903650
1112003189895806976
1545099891587928064
1247019487544705025
1154248865392058368
1463356257075556353
1421398855367544841
1456274560752381961
197182526
2970511
359873061
2220269617
1083416987479535616
1176522535531360257
2915038903
1142574364233220097
29162709
1595893971301109762
1624954409779097608
1673817310023536640
1403432770836123651
1491023342132142083
1429738693569302529
1534513467482263552
1500809449006632964
1427516287064834053
1566209064996044800
1326237414025801729
1658143436527255557
1216034493993189376
1495078042498002950
1235346841027440640
1044207764212518912
511324700
1668644702391009280
1681313390319501313
1150879698349674496
1512029278845739015
1096948279462559745
1425132709098270722
1225576032163360770
1491459901889069060
15887040
1615703774286254080
1321117523476185091
1482212603472809985
1241012724462542848
874776246592430080
1134639585613570050
95731075
2380834736
63796828
17874544
6844292
3260518932
1370968333583982592
1085075737907027969
1487676647612502017
1682513086450659329
472234734
1062820606561800192
1598314793248620544
15776579
195447057
1085179076585779210
1664968822057517056
1269070330213142529
19477861
1564719447146987521
1679850657233133572
1369468551032008705
61857272
2452714426
1604019355464994817
1411791762880749568
818948638890217473
1264213127878578176
1087846166358884357
1151972936783400960
1595992020258013185
1237809603347431431
1489987177031376905
16798967
1365020011123773442
48012011
221095830
1447935207080972298
61688974
3517994475
65563900
740845837
1089284365
14437705
151808246
138279118
1586387144876212227
1433894099178774532
3865119080
1601029807604527106
830283252
245329874
1023057100392546304
3016484291
2189046564
4432713012
1300499698227261443
1341490147880292352
472310616
510382872
1296126265121034240
122839825
25959629
2335652514
140913803
1522405142888255488
1418629311607840770
1257963166602088449
101612512
1544416221902290948
55401122
2417586104
980516212059856901
1537510464623628292
1345141065360179200
1518868320497319941
802718263771807745
1590574645031235584
1052233764
1664076642686324743
31700619
78419620
752567226
1394354150050258944
1128274993
512488098
1459461841244016640
487118986
14354471
64721011
532791696
734677275216470016
1092693586263457792
1449060373949206534
314341900
1023014000
1588323862110162944
881959726958862337
1442044614760828930
1233216503626924033
1661523610111193088
2849090419
3983677152
1677884218905608193
766680533870972928
1230676218770579456
16872682
48144742
1611627849500463104
953893733468172288
1479832714467586052
727316173742702592
67586045
1357806943004463106
4095529693
1539681011696603137
974616453851828224
1040381348
55354357
427766081
1441265308455501824
1502716760486678528
1254666931333931008
2379915792
1350191868362051586
392790614
1441049963044085768
1253630270026080256
1661421781037481993
49923337
1557798029847150592
1591840662286225410
1533469377437356034
1405267290224988160
1341205232492158976
58941581
543876839
695913
1641726825725325312
1490998095144189953
2500367101
1587312804989923330
1659023450793553920
1518632902136848384
1496900215357382676
2149682150
826471571174862849
3208143107
1427329655204466693
16522159
708807667335241729
2180768821
1426741646708858886
948732668
1498473387424944131
1488443616528048131
3001165942
816131319033950208
61558281
1635343362206081040
1174536490258456577
1300608654291480578
1407272223719661574
381813372
148055299
1370135678143492097
3255973524
1165577485662076929
1499301711651176449
1542088334125801473
1031637068588482560
242423151
1689278479
348379865
548263294
891371261246320641
251592845
2344027620
1372635343544025088
3919351
1589083577504890882
1463792158528344065
1465064951492579329
175860045
1374592915083718657
1173276871
282176468
1313628449630679040
14481183
389968159
81913924
1450829457518903300
919672787282751488
22448539
227491301
423756606
14619572
2533341854
2688342211
795317650989535232
853388192
1970611
1102838149602926593
2333137632
1571385624028127232
1276301915970830336
1457558434044203013
1499109588674793476
1334301475
1343626980894371840
946482612167639040
937798562
1217273778851287040
1314693731971330048
1510796916212133890
1088672844274380800
1302730004602777601
79279719
1359330863587147776
1578127809792409616
1643325494434353152
266893944
97942529
1270516351682195456
964153131159339009
1563922508541317121
1571601904672870402
1054946877374951425
1371101
2429634357
369538173
1562853712942379010
1163877433243787264
15216569
483937058
1280885827804028929
18028981
21327213
43161871
954060455831580672
159258400
1633239889239244800
1634411598512295936
1280361199973003265
857910810982723585
1544408838308171776
1217185399166074885
1488847422201737217
121291606
1222546624959873025
51091819
1113457175198875649
806058672619212800
325194378
1093741515430596608
604734537
576715758
16906660
1617544440394010627
90387369
140290490
1263491240336769026
31014489
995227746757296129
360008071
460613058
1025787398
732073
1898030576
1634244047056322570
841709695
422822471
3084274082
1507048112677961730
261022132
1591653351292370945
1587331
3137893443
15749528
1291788077405540352
1453119435070324737
1409259164208185348
29230834
47804988
50519684
54716387
952911386874646530
3330603592
1600613745453158401
1543267740550586368
1009889857949364226
3308263191
1354120919460040711
341655598
783214
1585812842023747584
1451260712228200466
1388317123768950788
26572460
1564808722060554240
1589311640431779841
2655986288
1412551582177169409
1387202975811072007
1248155961577136129
1643820515910451201
1644886265941065734
1572688565867266051
1487453756874702848
3169963433
41676231
759001649528475648
895332160130891776
1474108191394959364
1590012234755080194
1648436864552927232
342865459
829522267189215232
9128522
1659645242696409090
10190632
1439278483075633157
1570719775139020800
2318153850
16584443
19094625
1446445479068241923
1650655921645944833
999588600571400192
1644415211829338112
1426942191163826178
1552795969959636992
2874102076
1621448529817239553
1423488662176555012
908354649857687556
216937555
19223880
1628050008439156737
1628059874222276616
227426714
333540758
359325666
1179001699576553472
372518997
297948413
1658191719253565440
1290800267441532928
14133760
1352858962614382592
1133337165620948992
90617410
1056399511961006080
1171099381585440768
1030105158619787264
1439615351176581123
2565542947
1266418761797529601
1276156674265485314
1454119406536216583
776693404973535232
1091780359837097984
1647252838274179074
1469706133036277765
1615549102841798657
1618150393816698881
1316565121712508928
1269740568852279297
427089628
1347985766497050625
1616163256413863943
1410988887397314565
1640698985777184769
851361
240454812
1120532976259874816
741057341072781312
1387219918597328897
1021176471543590915
326214367
1304281147074064385
1515855197188374532
1644042824952737797
1295760324843405313
1351193815038783488
41608741
2324943602
116942168
1580173633649082368
1482176749312040962
1477383971277139969
33480654
6044272
1107892847099949057
1325442782337486849
66723553
15464830
776460131722756100
957550937932931077
1112660957979795456
89749365
1204637428310401024
1148352932699525120
92092493
1330170106501079041
668473
14887150
26894723
1390630430
264463952
2258316660
1367611692230856705
278565030
946903483
59664198
1582561050775298050
7284012
31541321
129646411
1483855657019199488
295714480
14480299
1030583656706965504
720034198812098560
2591829602
291351471
192689757
1243264845308403712
761298695010848768
19494411
1107421968578433024
526205164
19017466
1300340840318078976
41196768
131859965
159992511
1062387103462514690
1285633950355017730
1360673768348274688
20253024
885247103567572992
232901331
1455333853191553025
121574367
1500129642
62513246
204823164
534023
15499712
105076594
77904181
472530056
2204609910
53211871
2279776304
1579464870361169923
15029085
45715045
2444980605
28306725
1236880596
14444868
66353369
161163311
1543346416818479111
970884857126506496
1582127706560376832
1615397155027525633
1468128292029014021
730390620162928641
1542228548
1623418620624748544
1389035322646929408
790296208929529856
1303007302748835845
1403257320516329473
1151231532
885026851
22817956
1002190113831452672
13920962
1487409234841067522
2179078237
274567177
162573283
1440582608446885891
1349110409215795204
1586035793004478466
736069083028852738
15066567
1287576585353039872
176348732
3315540070
54645160
21312961
14704220
229105361
16286989
716926531856105472
984185360258187265
93279842
2856064023
1625681692848537603
4496535629
262388633
1434170736151711746
1101211959414980608
22543612
921735019693051904
1616011074
117157927
1635028740198547457
410236842
342603455
1263241125227311106
1554143734840827906
1610111922593988609
2429715967
1547774136411254785
1566549058034061322
1109148130342248448
1497424973249478661
1171797932
1524492313585766400
4614885554
1625588287782940672
4734416353
1547421901680623616
1473128475372494849
1589853580701335552
1043041812745580544
1275630808061997056
1598883676330270720
399175751
54244076
1366585452472524800
2897304019
840020232102133760
1466874888724090882
2677748184
2514118106
36974428
1378862677871751174
1270449309402759171
1611977098381463554
3807646515
1462535311225929730
917270294
274886566
895273477711769600
23865382
1421572959802695680
1440244179074838536
101173259
917504987600707585
1191160741652508672
799379530993385472
1639853377386364929
1260635539
1601278264047288320
1232003347546361857
470790728
1340447288582262784
1206624274364215296
1945107078
889983366619070465
1392773380449857537
1072105901362987010
1410250866670530566
194272236
2493137191
774170436057731073
441431405
1296027291831734277
741612876109123584
272317020
91416107
2269758835
186420551
597726901
1475534856
1451941051334283264
1409641168061702152
153810519
1179110111769513990
1309900695257198592
2492095741
525054568
3151822965
1534986096953769993
1524838117349289984
1017318347866853377
16638965
14196449
14946614
31099876
1168968080690749441
1495261740258447366
710113016885481472
20812749
2897257769
1173256972747124737
894244109086584832
191167764
1158386372605952000
716035580509962240
1521908378154545154
1366144904590671876
70203939
370418635
1179396972324802561
272350372
1435266698701991936
1157695451157549056
21455761
927775693777272832
1192754794009702400
1237542101707096064
1621330667261906944
840637830133104640
1621899709953572864
1252520990
3032136088
1589386821204512769
1484023616870223875
634943367
1001114465692200960
2463171746
1598763572
1177014954
407800233
1160994871
910305551220826113
221658618
105020773
1634953426034458624
1635313596778332160
1629821249139486721
1609640193253953536
18852966
1610068885549748227
1700752081
1511519695765184523
1407722698302640133
1554201989801730055
371878930
1602344710147915778
13878902
18855108
1638312631957172224
1249078342718033923
144658847
1408323301152202752
1488720544358883331
896384784
8556702
229215667
287285647
1283071535385849857
1268689149210406912
44250378
39039862
40824106
1118741915699224576
1620435280548270080
2830174960
1362888231256227849
743791471564886016
1270821688289013763
1596316458283401217
1228332820377956355
1425702677741293569
1574957178766737409
1339799601604259841
1494638615867052033
1131528376538337280
1637507099558027267
1025151908
1268032640042414080
282948199
1264774037798096899
1571175125999030272
1319101874532978690
834544321
10834752
1471201657367273472
2467823678
17955081
4510154232
1419155646
2183000371
11518572
1621188336118292483
1550558690683809792
1370100620275908613
1076948036499066880
37723353
868578294916145152
2786162257
2989966781
34616353
1630457207887372288
17740885
1456330008348266506
1631505383742140416
1506671528812978188
1452128387657502727
141589671
1049385226424786944
146172499
24956100
815723820468281345
1201063106559893505
262808523
555135288
1128406699864358912
1488405727748182017
3206256441
1432963718824988673
1471582376044150784
582399581
579780672
822903723445731328
127100323
23809682
14521044
1396140540366888960
1949193906
333545736
2639016198
14549273
15092020
557379987
97728804
118917461
973202455
3049992466
1388218161535852545
25053299
1336793544711933954
89117734
45564482
16395120
1594175294679777283
1344680054593368064
2816466267
2248128480
1273759306039558145
1592445914530160641
1425859260248854535
942268386
1419690317758955521
615594402
23930286
22341856
1673643912
180115578
203639204
1260655721009631238
1079369655028989954
1252988086017032192
106451742
1534115032442740736
1540395992914296833
704533062860681216
14571055
1224715565757030400
1466208323816996865
135361899
143208294
931470139
580466310
164213375
749121746649878528
3390525820
255493944
260903261
262555151
16296057
774925295484866563
1133324603135287298
1367217663223750661
1217882421288493056
1325443210328612864
1477502903048814592
1532163931220877312
1585810024005521408
1459678969129848835
1470772337268174856
355832620
167115847
1951894904
1519726968928931842
867873279754686468
70514287
344804054
478855762
1433121199022739459
1356302314781466624
14925974
1050584866096472064
1602908754181226497
44079432
999061779870175232
1605373205463662592
18156030
1125277807070916608
145929559
75768372
3855272473
1610036661361991687
1608903941185589250
1510780961281409025
22496235
864825844941959170
14019082
2772330132
1603561263015026689
46709769
883077133777739776
14287212
1432910625785593856
882972194
1441550181934067713
1266821924824535045
1612870911190761472
1431363890772787201
1535076261357232128
1526753150966779904
71543212
1582121162741530629
1350327387221725185
1293038648762351618
994811603018240001
1428767477249368067
1600948811521839104
65207425
1544799997962641408
1482058502969479180
1486704839467929601
1555289947946508289
1855381
16849854
14196511
1241611559333289989
4416456732
33216611
2848084548
1084825631253245952
1097491084656152577
1492234565515202574
2413289725
962024963149565952
1428293763143815169
8472272
16015499
1305977989
3946905252
409005839
474857751
1568938182749593600
1622385793280118785
1311062700794015745
106580083
1417611392916537349
2918039334
1410590377682378755
2347507100
1443982487076708423
1341517890206502916
878924739812761600
29468080
281440041
2573439660
1281312463
19129801
1610230835289923584
14660529
1374768227503513601
113176093
165922634
1202006943512092677
1411003563032018949
97999865
1098499958
2393592282
1206530465978572800
1569948980779311104
1532291619269005312
1316471712549011456
184789840
1204841211909038080
1374052664
1592013380235280390
1360933146871533574
1520088872692027393
1415419642693111809
1521876511124451328
573068077
1441971834
1530248869916950531
1557429087911780353
4906040681
1496594279975768068
1466773843243151366
10666172
1607125439054761984
4691678821
43626029
1561343671
711663413508886528
1191560371816976384
321128387
69085128
1276140426
81961201
1397149020087373831
1148031014
1264199016088317953
1002740649601400832
1227787124
1431723921561174017
1180713598093422592
1519458988877918208
773912965238194180
24118518
1607528506983866368
3098341217
119931057
80603
3117432815
1515814127813373953
15640222
1080509366
778764142412984320
1116114127519244290
909467864880566272
1281203784484610048
1455552687718625287
1457639738840551425
1475276708421025793
795737664049807360
1559556660640849921
1616210516103368704
935890753712254978
784665469403877376
1240641883
38292395
734413
220913717
295
1077627273237344256
172385031
17024985
826390466367221760
1303725778106871808
19292121
1473131344905576452
2412684745
1407796067454930955
14601645
61806685
470617209
29795220
1306630900210372609
3355665959
255069745
1039144624714129408
2959469019
276271004
1477794935860465664
1889263531
1228824420111671296
955162710009958401
1362126043310559233
3180247177
1111642277078843393
835130883497549826
50045906
19636275
43132714
1495107769082466314
726395588498051072
1340428004002996225
1097682913980628992
64433320
228839304
341801017
1333121217503629312
1862237882
998575387067142144
1384191416738271234
1166679738368299008
146855980
1857527527
1146480384906911744
1435264758199037957
1441378791717277696
768530130
1343438130276286466
1354845950423011328
1417987566377312257
13949232
167562422
1557963286905294851
1523103792266235904
1054374560
1443174828576542723
1406482967216766976
85788359
1485742048074510341
1398983356512100359
1355149366143504390
1122135109883265026
21610581
739876487797575681
2193335140
1354030490349518850
331382754
1506329791233867778
1255239897738346502
1073606182475087874
419965436
806204703516278788
1445397543723089929
622310854
1588065283452772353
459931102
1395499471
284333988
6722152
226216837
1184060348615319552
1154052312324694021
1224022894646181889
4850259063
333556365
1327260460966526980
924613568
1253469204877135872
3625858815
946581511
1576993769995603989
50383929
2427673068
986404028513792000
384955563
6904592
331934141
1438366960434262020
1499894126749253632
978755082035564544
308119371
17727245
35851944
25148490
2409813248
1048235477134970880
1379786784301809665
1132406370458886152
2384992212
1260629743273156608
18737039
1099029008447168513
1132329715535106049
1340046910992748546
3231887778
844252642520027136
1500890332178780162
396385345
1075887674312019973
2161952707
2903850068
1516374983676608512
908762238768558082
45167431
1317496091315666945
44144628
125713664
46323392
1032885581049524226
50710366
26026818
746500986638901248
2398137084
1516802335443501067
29239591
857176340
315935800
152667695
156646350
68646706
1397674171518230531
14759885
837381292689862656
17865999
1590120325437612045
20831960
61377830
86106617
996848767792918528
2704932312
5691122
1309636286454444032
104286459
404757585
1520327118726389761
221265116
1035607682558832640
145395534
1544275620
1979553410
6645712
168775611
99883316
1109881830562381824
146616565
31519862
116669011
15977209
2602589396
166682229
2855542157
2557825400
1423450651544100864
38399009
1302912748137984000
248587108
40961322
1357803024408743937
44761027
18273836
934061151008251904
26035132
1318300831163305984
1389597177887002627
1977132896
1345979029531336705
834682524
242351384
15001084
740685052082827264
254594687
1045679319090176000
899366905558913024
520770492
5723512
1506285033711185939
6740972
112671889
17744075
72021237
218811941
1290342681915396099
408450593
1566919772
3494796859
258951556
1469653076399341568
833122514331070466
46754123
949614185171898373
1041841
13141
2662975688
1026878233000726528
33846451
845017841489272832
758699148312875008
19082500
11853262
64712495
1333894760054935552
1034931658091315201
151191966
1640702101
624989919
190877781
968875021753036800
14910629
85701847
745395361661935618
17547646
182950127
3401721466
14690232
3754891
652193
27814665
3028900631
14367669
2369616553
1047290618601385985
2236517244
24744414
1045054409019801600
3098384539
876836424036659200
95127404
3131422738
1106631049298280452
168857946
14176514
992958039882846209
750815617674911744
24257244
763893
3018829063
54551885
118120198
10032112
751909565302792192
15075881
165503959
60450195
1248634459210960896
20483459
840690120
1463121064678940675
1228065726818324483
754642738394632192
20996080
452839422
20767469
41871644
221141000
562283419
19837528
329641785
214603808
13816412
3313011088
1472963195790934019
7386292
973981726346301440
386217075
294008891
2445481
3376433939
422388777
3506231
1406734976700268545
1258072773957566464
19720395
41003633
339261041
43976252
24028989
6351832
24775410
3170157773
3505442956
42047680
381264102
3291691
9949552
235314284
1684011037
24222556
285807552
250980843
29647685
159367166
14446695
59910220
15227849
1320084778247311360
1860005390
1158071881699926017
884333864
1262860411
3304637261
906203226
2449727084
771822086935416832
2904280192
89778688
216900737
198906833
25406814
368924140
26801410
46227982
2847639880
33509743
1389644941433901060
3145375446
1499046463095001094
124458450
3731585412
15274214
49043869
1272976924877500416
613782868
1041907148068814849
19329083
22196405
42045549
15307727
179340723
1610534778
123298907
1104592468081893376
1138329612965036032
3630861
1358447557
1088142189610168320
14912191
304042023
44622184
7015112
1254834446085222400
30439303
279653447
192784466
134093080
15159053
65936743
9413702
1305546119846428675
97037519
4215921
1080545807252770816
2226061
1111181523007483905
1325445631977156608
728347697246142464
259041516
1202702853585788928
911112092
1081
17493187
247785677
5252591
185808487
84777348
14626360
1069777427998621696
3247203126
14417215
850052842853236736
14472613
1441792487614386177
783098774130401280
2902968372
953746743652421633
314002583
1342174584594960384
1082683430834302981
70190484
1193939869984145408
1374206341397377026
2236047510
1082024365540163584
104345792
788533935886077952
23511272
1494752909510295556
407370716
198418336
1428070975078285314
2684221195
7512
4188111
21888718
756531689103339524
12865852
12115322
1077388724
1040733324262731776
81204001
1552246000512901120
1464779901274411013
1047504887813009408
1373486120
1553111377874563072
1092796061033381888
247374262
1591964800216612866
1194285005339533313
112880396
1265932075
1315388932469686272
1199145208895725573
1203417758605574144
1599510806680535042
90773725
3010389594
1281372414
2305714074
995821385191636993
1539239013621579777
1174153996363345921
1577282631837908993
1278778351
1533345763975208965
1280541414766460930
251984857
1278552753170595845
1281068231122247681
26566469
1343612807833473026
1184553171445846016
1138587791544074240
568238113
99204810
1423611706270437379
1032010176491122689
2200452385
1284099469332697088
1262062748185366529
1542601224654127105
1309886201944473600
46824362
150817618
1037021854198915072
355616314
1934228078
94204319
1110038158421487616
96044767
113765754
1576165634655895557
2575495897
1240351434509606912
1654429820
1385641689646125056
168340488
1284523517086752770
1509604220684709900
373758309
129063594
755014556167053312
1356211956
827624275041411072
1388187653728702465
1529501613798350850
30959276
2236392565
137463715
24660189
1439960403338014729
1026490791143727106
1241419150062497796
1285002656512045057
1284163123574910979
127410038
821875064
19370504
98906083
1580375738162839552
40045792
1536737649204948993
1452160567762989057
1599221475201908736
1528118414006435840
441439253
158029826
814518198603317249
1428008362088689668
1434434457851678723
10580512
1539259084779966464
11767912
2360
28628202
32135054
59897483
1379824301520527366
1542609016962138113
298625735
16706124
1379097618
2271763025
1327717628031479808
19563694
472311096
122266354
1008908061531164672
1598127364415934464
1592664543536160769
551584450
1145669487695466497
1337467519989411848
60140165
1378629157
1265655077135499265
102278432
1255453512399499264
483390053
2943424636
262018615
38047391
1580424518966853633
1559340212966330370
1597438040720506883
1227799690579718144
821380106350448641
1433935517767245830
109187903
18988705
4482143834
820465327913865216
1312368202429628416
1461531313316454403
1471963368386822144
78683448
28131560
1271238874526814210
557440724
1388977636618080256
1374760309035044871
15023994
4258453096
433496407
1553118090728292352
73066647
261921978
1279398227100524544
1291505170581319680
2166434343
1188543854
1335889732887322624
1691620759
17271646
1407029541021753346
1542635911770415104
841217606711414784
1608992342
106930323
3268587960
1357837648258158592
2656370401
978888987535396864
1565796985675841540
23988680
457778954
1475494481260691468
13235832
918711
3940453815
2149662469
98910883
807327556072402945
1186333456457973760
1109565682331643905
2785337469
557902603
2932062039
507704346
34376328
897534330079072256
1173552893003255808
912955216559054848
991741610718257152
1187091757068115969
6145622
55581718
1155847830809899009
18213426
1279352828
2281044080
1322384341461135363
33838201
1217628182611927040
922267018526707712
1521870690630221824
1454095638820491266
1547709998762823682
1523662246114648064
1605
4527505582
1276310243123720192
1070579504379121664
977687191202693125
338526004
85225861
1353836358901501952
86351835
710610891058716673
1463678230603444232
39240760
1028604636691750912
2784419143
1241988412514668545
1042653228234682368
1230590696257720321
1105029164
107907533
1236009554737082369
1393424079634395139
1312627190983348224
1458910555209547782
14527699
97487492
276810355
1551932421762912258
881574490639015936
15438740
1572090499229487104
1412435997447520258
467659996
13759132
1273019309040648193
2975528695
1161698032959860736
1458905734331183107
1007413134
76080258
51257255
2235411914
2309105822
29907525
1213908065826639873
4398626122
162124540
1400106895914913793
1513195085353136132
131172458
1170826098164326400
825088493764407298
1103274329498882052
44634191
1367298224772374531
1159124832413528064
459370261
1100495923522592768
1245165702
604354270
1102925387472998401
1265678433859678209
567645994
1214528593
1098965645079834625
2226279236
1584491882536701953
2549754319
1261335549215989760
15935591
1495014220714311686
1518631040637718532
949053782394068992
1451631040628510723
1264239853325213703
1541080396837933056
1531487795864215552
208155240
25073877
1102909424912478208
14847675
3350812180
5409772
905399486
3097519864
797433864
2175751313
245262377
23038956
279036722
1111635872674398210
439038555
29474101
4922450361
1580518361888333825
762394911031394304
17094858
86481377
45675087
2508783510
2950677387
16141659
99581347
138840988
4558314927
46950574
768092862
92096034
945496245530869760
62044012
48642190
206026629
136262002
776585502606721024
1507536562480824321
1034844617261248512
625899636
923114064460558336
19694536
1364739596655935488
296563265
1043707512
795089712864051200
109516415
29843511
774385082945515520
215113195
59078693
354571530
18367130
2849439515
7847192
1690186220
258031029
1379684866946560002
283803987
897115119662006273
1179002547438325765
3092165908
1720046887
1104528129689862144
985281530070265862
1178454598023024642
15278016
2815077014
96999384
1425585940542763010
744615480
3237721718
837133583558987776
22113265
907007346546810881
117233133
1076265378118959104
1335773237683240960
2239670346
14103014
731538535795163136
3918111614
989251872107085824
2577596593
938616384572948480
97707247
1546624215628910592
175282603
794433401591693312
865622395
2465283662
805547773944889344
43081138
1098266357945249795
1462953141696020484
1483904924656222210
2893133450
109404961
1126213538475847680
70831441
2160552829
1439883754781224962
147292336
1094268079540920321
985741465
1438522150021828616
1551024877175545859
1067649422815842304
1498041702845616132
1462393575065403392
20091740
2194576196
742140900982304768
2492917412
764250609402777600
1438789067794108417
1402444870464200704
9273802
1191553588960600064
859133660280176640
76399265
18429446
1303732692308041728
1049159412131266560
1136151393004220416
296814488
1445440065409363972
1538978288135286784
1096845500
15392486
1435957815714136064
342962984
1003294597018243072
742735530287304704
1148535987657682944
961037251206524928
1422255111422754816
327403216
54307047
1481443120738885637
1453810883621236740
1467066516965412864
1157363507035353088
45266169
26487169
1415777731535458304
2453385626
36691434
29276584
1069599786
1273639475340554240
36094446
1309467718282813446
775167048057888769
1429889817391747090
1590482309697835008
1409660323183820800
2434121118
18536658
1559296737432444932
1548947513528442881
1433121559057559555
946428151005110272
3133789828
817218718396624896
1282841131252842497
758307228898254848
18584875
1444922216244723714
1099870405
1413481091944484864
1175519616052998145
198200212
1408201387259793408
1507488634458439685
636513296
24839876
144906035
11975032
706960089257787392
144311070
1205328920670855169
15201633
14091477
1200616796295847936
1512518742051237893
1393137074979713024
842098649115025408
251414252
1499882378935812100
314919466
1399766153053061121
1271229161483505664
777590774959529984
14129103
1587804482339045378
1554192778367799301
4105873773
1826201
1511394842315825153
1488808633865420800
954336280380346368
15152173
231208649
2956378446
1333196822446301185
1533392032487677952
1291496013551661056
1373521707202310148
1405357631187787777
1462998639651876866
3253629143
15608616
345799570
1384232069430005769
1581669443096092673
1582737967654866945
3064584449
2646618342
1359961837576597506
1272950605515034624
1419653495611875330
16836943
1582557661756903426
1365828766874804224
1532206888288342017
1000231629074219008
1423410761733451779
2775032804
1583394924858327040
34490956
239090734
952754105990156288
3326986550
1412936763123900416
1500909169032851459
3956099421
974234840
257145200
1116005290762067969
1459784756816658433
6004922
14092439
2829401
1900293397
294384173
16535432
615818451
227399720
624308178
14647871
985750360420630528
1581120744762839041
1057325408465481728
300114634
1368607974
166939081
136399966
1556550048862928898
929330286609002501
1411821879388737538
414989313
1333605792193212417
2711070852
1527347953467215885
1461144160963117060
803229952883781632
1511820008652947463
935791933116387328
1510643709116825614
223891249
1578590212212621313
366326676
1510917430226612227
1398906152729993216
1536512628478005248
792957828
2996959115
6117502
300084023
1373638237
3775360879
91691070
1002701889656455169
1374418187047952399
1260642356753129472
3330431235
1445824845720154115
342937266
1429975483802820614
15335534
16661296
1371755539080884232
114597133
919216712444186624
1193583083594739712
1450555737231413249
1067072233733017605
1570390590876942339
1458284524761075714
1379611684445114371
774989751686303744
24136198
4515650200
19017675
243318995
50947152
338652121
23859156
3238403451
23591252
89719683
218744777
1486902812445274114
583196481
960983198481174528
1014243866969542657
1567524575659069440
113075977
1108829119507238916
1154193511685730304
48008938
855482932173168640
439623768
757716504808923137
3324920832
2444425802
1513853205125681162
1541320346707558400
809904932
1032665514001149952
1595721
21271771
440453612
4463555782
28229651
889394994607529984
1243856297625300994
1482581556
602011257
242664074
27950383
33353061
2723451553
1293287008241094656
1130021685351079938
14378343
1312922667767472130
1501219835438460929
95308902
1434571360756543492
799723122777845769
85731130
69709808
1434720042193760256
844018233325707264
2864960801
26296113
1278735452732665859
14369119
871592195916054528
153304328
1495726466
1521465841195266049
1467920871763308544
1490041111792037894
362189690
1473109676745056256
1262420323577876481
21722318
1513884943423840263
2995371580
701251546156126208
6535212
19733280
1142869066132025344
874375317489688576
904914819077218305
1320339554365181952
1555217474852982785
1470560668973682692
1575224160011288598
1003622859485401088
1193627371817050113
1460452950875193348
1468270296603914242
1009049990919000065
1112658346346196992
36153601
1512166664770670598
489659762
1598709350
787810160513200129
1173770081295200263
1098681096
1024976264
130537001
1108630532
108864693
1220091614904881153
1399126575350616064
16477982
1135326698122162176
1398352354286653446
1561248367
92849457
591853686
1865098489
4765437962
1147195029787746304
132318330
822888831208726528
122188348
35323742
177182945
313972455
484283828
901004690
21121640
144222790
1392484798736785410
1175186406466916353
68746721
979462167559892993
1541905373476577280
109575216
1131230661971513344
1203897500840734720
548986652
10889332
1518719424655765505
1308424093713281027
1527534789321973760
1314247722359238657
1513360766790905857
943615878003691520
2902446154
1273130933923860481
1552936386
303940211
282747242
1330538176121884673
1257494619807416321
3234272094
2957906219
1082799819679248384
5387082
1359918196904652808
1285208111008100357
3354067385
1545054868032798723
1217143228803289090
44983234
102238997
1019404891574300672
1337415644988502018
1448062546347495432
1171172599130460165
3573767422
1350184446297853952
79275814
962659596094423041
1384579353217019906
5634142
875791392659963905
1389759154286338048
1423402423423545348
2229009601
1117714615
58974429
164628400
149132223
105841064
220839368
186201259
576856325
1016488415859298305
10155292
760253053
1492938178415796227
3278542795
57578228
13205282
76292849
18706447
931642279596568576
1337725256
361008006
17708924
1467804779690692608
13743122
546135718
786008935534764032
16282520
200843830
1287530571359559682
43044215
744967929045803008
59157393
219011705
16353245
17025934
18079631
283151745
1087696206791393283
922197314579697666
1343919516410142722
1303763860768395270
959539339
1566144093801000960
1537404104452231168
1371322456586223618
311606238
907288402868895745
1154532679
1051101808381386752
1364159160267530241
1227008537525735427
952183921818583040
969279696272674816
2539212208
212692308
1482355713087262721
2456783114
731395417
1150969206
23083093
589078940
314251309
1525163077439586304
1482820113808121866
1094778331541659648
2293237416
325281414
1159491486163116033
15641255
1557783550451130368
982379106749698049
390286242
1374802451568717824
1450612454002597893
487297085
1499045311
1391237671
1566538417919250433
1567009521909776384
1305948076113231873
390985197
800027962267631616
1283619451771006976
1262150832037851138
2415748447
1529166108892311552
171715711
2987382181
75784068
1520844711321378816
1561820988735598594
13396642
48755879
26623334
15199794
1005544518
984427868041170944
1215077597798916102
203890348
2875942980
628964820
43199322
1154683376
1011254115953987585
1525357235198566400
1541701754735235079
3344834374
1540047220728266752
3146688354
1270596436254765066
3376523555
3010544840
271582103
827391227536437248
113364160
1355674811125682183
818155
1498600372050579456
1564694788355592192
309576223
1564731889688236034
1034932160413790208
1489051699251748864
2852570664
1455266597828956168
429864309
76050550
2508068568
1545175385117163520
203953892
771970414155182081
63566101
5958062
911353372602699776
3504807215
114978881
41113813
38708874
1142620696054386689
1058012006236782592
110300816
769496
1094149265360805888
78456263
1134099263674359808
5413
12204402
42559115
1224730221557043202
274772424
19899980
80611812
25645943
471547670
1262413483464851458
2259434528
1313500399819685888
1543679639268118528
1888151281
1095957818866307072
1187169571230236672
676573
1159534310883516416
18812728
27522964
1006928094769315841
846921210122395648
812082921246953472
2489440172
15540222
18378931
1545025796003139590
1500696968481284099
1241570477086310401
3351121882
1344851682379886594
809163506583011330
804843150
1321610693599178752
1102020368
3428928345
51606154
3745781
995363464649609217
17881764
36594815
1490332337002921990
1210646804246589440
22166652
386348929
1341102678915620865
1095735912363933696
32742396
1064822501941755904
900100015338782724
1019515949450514432
1270999483237699584
45360799
834504883705241601
47712248
957655518176215041
1162940845827534848
1483520528510033928
1517417467529805826
1424561101593739267
52920970
853870951741521921
1427390164653903882
122889863
921037241165762560
1496575273092931588
17190976
1547317188339441664
1258981077168857089
20844341
1318652008828600320
114088702
1547650133218643969
1254149158950199296
5668942
52171246
8287602
38490036
44808961
32201297
2723411
756181721997987848
1153918100938477568
128172181
857759276
920488039
18839785
106393496
3125927839
3189954992
1276608739903041536
1189082753758846977
64643056
1500706679435919362
1096774365604130816
1207446936250400774
3404705159
1548656278783901696
889622054638686209
433619985
1384239336405667841
400792849
1433501009012269062
201066140
1427329612552425480
91254726
1282421992235266049
349347318
39125788
1158902333830356993
1231059979844456448
1475231323480543232
2906491178
747617049199935488
1100505061057122304
366705764
253658450
15234546
12263542
1101647425867902976
1150252480250310658
1147256784261795840
821390977680216064
2938727598
234259217
2968594904
146712087
870284449274937345
1464322912979144712
911268243167338496
926479003476561920
1159251
3344733874
4870660888
1426935166916861957
1308933945698983938
1511085929997512704
1315507180947337217
605870077
1497752948880855044
1496913626837442572
1451957040243429379
1149747552822157313
958825562486829063
1518800724188188672
1433205260886155264
1200576369262039042
162735733
1060365016489177089
1409506070234636292
1187652746
394101339
40740597
1549461766983360512
113718554
1519563582211559425
1296932935057186816
356038765
1146477123001081856
2421117651
3330269001
1532410729000841218
44266782
2359971372
1355124907227549697
1413602068028350467
1452724253812424704
1629415621
8933572
585457122
1615557272
1451579244560191491
14482397
1258056469246734338
4041824789
1457368709807357956
3256920204
1201710181
1205075737046241280
47716918
376017717
963308061015228416
158758371
2363290915
40273
126218172
520497278
517154024
1307233149865394178
1467117994111377410
2217340862
36442545
37365807
22242886
1455674919115796481
1308253748985126914
1225268269629632512
123060735
40875530
889455645837201409
133081348
1400007925
608473
73922604
1687460006
1890308449
288263710
35739495
62469990
110835004
14120922
1452056858211016714
341194704
1399771783415308291
323325293
1398376668192985091
96024356
1123276376918900737
173652921
3293379032
193160214
811087
1070101393191559168
1184231093576392704
42305428
1402718109367029762
1194006954865119232
2485375985
1384416409309126657
1025616342
1048357201759391745
248590003
132756055
2593941750
769392868217724928
120929508
1870361538
384734443
1045243341980487680
1491526425580474368
16249596
1333498277925273600
13140102
3609762852
1492496536009416705
1084098438
40189414
275757377
1187089160345014272
363478293
3057271587
1000788070642470912
1111325022369439744
1455721720397156359
773272622133944321
754479301718843392
18937279
3883259303
3720269417
1457765044612042756
1475432072516980738
1429400366819512323
1368671059906469889
14535731
1484766558
856446453157376003
8705962
1456729420702617601
442949693
948974801737134080
1361314891425067009
1481749170931306496
787623139
361389977
277294812
131948686
149553354
221998410
1235277547190902784
22983338
1089644895076261889
983108315466162178
394459755
1963387334
29828364
1348050430928982016
1304347141222039554
31396628
2465207048
391534562
1245360126057418752
718286556
702688843934277632
2911771819
2432564268
1529577250814836739
942390366
1496146937996845066
1069793402
8731482
1453789313523585047
41325029
3297010667
1332430090710315009
1536816010375974913
952366365498736640
861408824
1150454043304701952
133093395
1290635110149169152
1460328772419272705
21149655
23836792
1419532038927904769
161767866
161078090
4780099620
2402225466
1314063490890428416
586027624
1412666365404758018
39774493
40339644
945437638177071104
488023610
1180966802911723521
4304304014
1423317156062765060
1389685808282497029
1432744254426779653
19213332
1341814365889179649
130956302
14230772
950754307535761408
2827076514
1274554688709423104
101794844
1330577150123126785
269653661
861628183
1545564551076143104
821073799923703808
2352629311
3434648626
10203
1517877708360929281
3345439769
5526712
89637411
872411690
161751748
884512584669462528
181720256
2797397612
2890742481
178889277
592875238
1277472203525611520
1115792887
446719282
1247548810647216130
3285797414
14857659
984961094371471360
1361491845793132553
864354979724709893
2716396488
97114171
1457363357510639617
1393255370940878851
1223017792435380224
1513449245134954502
2194957453
947562315775463430
1506455428745596932
9667012
1139180562680360961
1321147357883473921
41778159
355989081
1244082921683763201
871464583596306433
32463098
88702710
2847548951
1479848345740865543
15726728
18421699
1285320796643229698
339061487
784436415744442368
368918608
732429326285705216
18956073
1219018262077374465
167348022
1150463330773020672
1407362053199728640
2699105311
1412594810985271296
239256244
1468054692945358848
7177512
933113177197264896
1344715389960392707
1498486115975585792
1273475045499842560
1400915708259696640
703671791512887296
1326951397628260353
957984416504033285
12512312
273565626
1511337976181182464
721872053633060864
743164517673111553
1525572554911531009
1424796109373911043
1118948977074790400
1511107848998203395
2484650978
1170886272
101852818
86829277
1536054817650515969
1274494800
14237494
17700373
36311121
14688596
835754434529406978
3740778132
351892859
444262205
1379002275029413888
1013108968900702211
52188203
1381835791131938819
19075277
373633889
321543499
2664407965
15581426
4914779008
1537084594566176770
30182005
22396478
1343074678450102273
10069172
17702451
847386476224499712
1492677599390322689
1478287046623961090
100416493
157414729
1489625123460165642
1346627280336896001
110075039
1288976659333484544
924498100814778369
1077603482
1267340330258567168
25586649
21902116
1512041966
2846440344
2917989884
1531706796418682881
1478109975406858245
755590267
1332844822504226817
15009761
87932050
764901477622185985
1453417974757527560
1528575538910138368
1849219897
17670329
1239986988595453953
65522612
1500605923362021378
179713958
1274667314147921920
396045469
3118585142
158650448
508588196
1019971247403421697
876460728735199232
1468845294850756609
1387497871751196672
462390561
1203424542703734789
402765441
1365530827896074241
1227812740028420096
513144768
2428435212
197132080
1437588677639692291
1025471890289254401
720714121465827328
345592670
14629055
2383390201
914061
3040732982
1424956496983429125
33836629
62009570
1387191283869839361
770280300563705856
1525141087223939073
934592500416897025
739013222569807872
1493028345927200772
2718554323
288463803
1527700515517513728
1529551030500806656
110933821
971046392872521730
17599264
2667451106
10965972
1106616565573844992
245697392
70295497
15518286
1268749422537650177
196277177
1501573560875241476
977020204071792641
116328126
3063349679
44274672
4833376576
21125274
1482334104171515904
1301025955431854081
1495895139180593161
1674086731
1493847997
2983206962
1414969226863935491
114718372
467535591
2384051004
1367950740099117061
20979863
756770308300824576
893066361953538048
893073529675165697
819803968431759361
1050270810
2903787894
1016390584389570560
1434707374481235971
887851445982068737
394480074
218028225
23497233
1480642324233338881
942999039192186882
3021053717
3299926209
2351006006
8474512
154152247
6174752
1356686007983173632
1439749396766339074
986185758
236541422
1254859153417408512
1202132914491674626
1496225969576763398
747710731995451392
1109372122785177600
2918307101
907716911005409280
332445528
1468709500890853387
1523004798064283648
1092825326676258818
38190583
23457456
1494472017176846341
1393611930326093825
2445973110
1445121875907002368
1096489773697515526
72458702
583517629
1318748914242158592
1239639651859783683
71630224
1387285091164950528
1227696610433323008
822468829364228099
27867782
1153301460362366976
14927543
1084397942319054850
982809804560306176
102466223
85319629
1518957056522428416
1237411
217171485
862457408773160961
1433865280795516930
176290864
1253724166978764805
1340530952863436800
606873328
1456655802236915715
957758107484004352
828621756776607744
749016639287414784
954454855610916864
183739654
2823765441
1401956667374411784
1522979327050141696
1449422981311127552
1348821498476306433
1263802718
404286466
1296270567411261441
30192824
9462782
782634053358919681
1084942466376257537
1344823612994449408
408934951
52556921
44503856
150522620
1502840386552803339
761452437546733568
1021940722893762560
1518776015723454469
1337433908074467328
1414545751875719172
33418013
949254951724830720
402862978
16930489
131996258
1510345146491092994
788065764255211520
561878688
1521545440923070469
97700380
991592133462179840
1518638819582562306
22110973
1442619925739229190
3283065048
1409731902093803522
1488126032213250052
3074646955
2207129125
1485050394845794304
423576379
1470346650166206470
1399758260354359301
1012747925808611328
1243977312481300481
1439977448893001728
263896476
43763
1351877942285111299
1164762427604389890
837854453109665796
1353266784321855493
289548939
1463539696303284227
753771706284707841
730329614443270144
1404582524567777283
1196126083990593536
49054006
379983077
1219566488325017602
879061340
958506480
3368226849
971843069359386624
141664648
3283379683
1217883962854428672
40864670
1516362549372985347
794260299167703040
1356386110847377408
936963847625347073
1125494298059988992
2024211
355167994
1259927178713673728
1396491776739905542
780899326327418882
1453883872203186182
13143952
21149327
15497928
79532913
15659909
897206663664586752
294682376
747525118721548288
1490148779357474821
1318614452971909124
1283918450746744833
1471652810
1035350613712936960
1649128015
795521517433929728
515149505
299075997
17290522
314515786
1070137173054291968
1500857876692283398
1379206470768549888
2503070893
1516998067714723840
275384865
1488628096295129111
1025998374
19418583
21784951
842993375125037056
16008441
1379916016982052875
14117774
454119389
1156716424045518848
1468226208458493959
41705522
921314112
214924095
355940748
3331356761
1328171606187905027
1344100616717574144
9765532
1507157181514268672
1366856560509673472
1421974815393652739
151432737
14608335
1209960539390201864
2610161179
869309108175941632
1506379688012304385
818378899205849088
43257803
2821310943
924541313457856512
4846048426
1433968765725724673
15664368
59003
738128158831042560
45029169
726395035
1697588209
1427470436229550100
2374330757
859363899291742210
246159653
880412538625810432
1396535255037890567
2603525726
11704332
21978309
17712725
177101260
1063067256991625217
167739926
4889875948
38055242
17912661
1487948727419486208
109213385
1503963667146100736
922955517030408192
286822951
1441835930889818113
22412376
608827037
1465094099502088193
24197908
1212480820906086400
23448953
3256312897
31234450
900437084321832960
1465864106724970501
1652311
211021012
548258435
824203506
23564055
98032928
213444548
1097640955514019840
1372572724174974978
1483490828848799748
591577137
178006522
135647479
1242855751942647813
114237138
1491138594697797640
2475878778
990433714948661250
15194897
50013665
975210510
5475432
1502366618298503175
921770348487593984
1478661092251475970
819028964
404464892
89297892
1314203553750151168
1472703269298491399
855280291
1502889917847945218
1216217031298564097
789719732
847143360758530050
746374333552005121
38578174
1486192913235255296
116203012
1423560326608531459
16347021
1398097505921880066
480352126
1405370122953531399
211608220
8167022
1480349165616050177
1931591990
2372875902
979442473570373633
926054168753709056
2584510387
131868148
757832485
20332522
1333699362397057025
1194504604722974720
851668080
380069391
892237368589115393
34262462
908943769981956097
37529641
3232059391
368611237
145530190
1411723858181251074
18816166
11740902
1430344782719586305
26769877
41519559
1395820842337153025
2338869420
1239633148079738883
2275087823
192315964
2569021365
263743667
1336955467717873664
1240784920831762433
920637635202289664
1417236433878884352
1504956528914309122
1467682764946391043
14727549
1427197567759265795
3630770781
35175126
151424486
4067601
627526105
840289634475245571
402270043
1290144578511810561
215271551
441489350
157762599
493206826
1584642529
14687329
30322151
18994034
1141089867100819457
1408466200078737408
843206795023867904
1413291001565884418
1431058048915755009
1186730397662679040
9701462
1461752034131013632
707067944
3121006739
50666857
1413710151043870720
9006952
314587185
2601564536
2485667070
1066548218979176448
1352405018314493953
1352610652150489089
37576654
788853282651443201
38991268
1376486524624199680
1254458920288038913
621987240
20993347
15063931
1488577498426314756
1065090780925181958
1070710968
746808191665725441
1375540771831570432
88490645
838244489286324224
1348732587909337094
1268749167427543040
519723737
1307874931053649920
1071633324068753408
4188045073
1267489489665945600
998721198958641152
773178160829444096
1415524296290492416
159822053
1246134741277069314
1050628048389730306
1366529249264345090
1095790874947141632
1501364396903309312
37295817
28337666
1117857733
1282121312
741319812
1493086332201353220
1364845405
1425531375751421952
1496281343617024000
1114692608742309888
1221545213736304640
4842942297
1485278218210922502
1273409925520244739
2900768928
12540902
3331714493
58914498
1402012882133413888
1172877235440640001
753608246976401408
1392161545740763138
1432911991593525249
1061396185464881154
1057392612728958976
114586949
1173709057510633473
1164176887712796672
757402141971447809
1427977818114199553
3295347892
1415530070014365697
1489375699941085184
1097268244283559937
94274445
1388487332093997057
17563391
805937038109396992
17762558
1368934299722944523
1419718658193072129
1160668345466834944
1267910873202528260
76980293
1061430554460151808
1485785004298825731
1169410992
1085416398803951616
286199230
1285908287343534080
1366114121985449991
1268332155840708609
1051852534518824960
59825777
1181680423652532225
66950686
4860651614
1428215617891422212
349816997
1232544204880056320
76143865
751872982751076352
17468569
1357749263632109570
929830470
2319999667
1328331411703513089
1213481007065620480
759396260
5686612
1415533635034300417
1168072932
1407050360825450502
14773606
1410990944099385348
21984092
706646642
1059305780938076160
1336035744067018758
909655260
44196397
1447973848759115777
7900962
927604589909733376
1493763181688201217
3081026023
969033686128607233
526021684
1480032787373690885
864606638594023424
1274888522369953792
733917347082166273
1433078979053957131
1347431595997863937
213058411
1161261376846946305
1446135696692060164
905395394
243800816
74972610
11728992
1297651178256257024
1446715714082115584
25216861
38575621
956905844
1019242604
1466934157569843206
1407593908771725312
17865252
821080498621612033
1254192452522696705
788948835796152320
1325595066728132608
825803485203591169
61077506
1486872568489381888
3433456251
1399274161944530946
18535660
1183161327033954304
1418655953369460736
1058807868
53712478
15275361
178259453
15719232
1617592219
1299405799517634560
2688066517
522282545
457852945
705486637
137718562
1028616375533809664
35634136
42222109
18348795
44504252
519438862
805121971927150592
859974366
1381415276135247883
1131933620501921792
976853859703427078
196048465
1367477750785855489
1257789728251920389
2826511479
802480365386526720
1413764014413385731
1436358033257517065
558286017
3845731
1138526832
1479188754375925763
911540071
1078548240239230976
1102
199052675
932099351693869056
1106603225476710400
165104719
970852540735721474
1061650831311745024
3753717148
3327114839
842338872
1361124510
361289499
894994051698532352
1471556161954586638
1371247282268602374
1201621881826226182
8611532
16471647
276540738
44067298
18208354
851730303253172225
2876717116
1444438993072971776
1391490624
1361125867871608832
15085420
998218376848658432
1467563230084087810
723896507259322368
177488507
1418310326009929739
155670420
1006577189012299776
166364712
1274909189547139072
2914048865
49715231
499154896
1378918898297344002
1482220352306663425
1225362522
1463860638321680389
1076629570764394496
1085572304241913859
969781380325363712
1481216987929980933
159872246
1273735722848190466
903273533647851520
1870090302
15081340
814146110868619264
131307382
1472994805156225024
15728306
14829286
2429725290
23533665
1087723380659372032
1042038539800731650
1148301201030692866
1384235910556884995
1317005202264936448
18888713
85555612
153397629
44480032
181510011
3194538212
1020470558
45077567
261689780
55632244
1402583139214573569
1356033723494400002
1294974616289579008
1404097545962409984
1476449188770729984
1469101279
1474243427130880031
2602107074
833804983598358529
1149125783652143104
617551313
1412452519880577034
917131
321589427
2610126132
1347431930610925573
553036368
1171765982089699328
28405879
1248350861430063113
32304381
777846473056628736
24081859
797673785268715521
1347061690496643072
259034658
1022110022
520870582
226890694
1326541440957100034
1473011582334652422
2248159381
134106265
1321156156178399233
1448686098415177728
485236396
1461604256260104197
1081521051379658752
62138613
848643136129830912
11325632
177244980
1339052928254939137
34939208
169343574
1400303868299210754
561808704
1198650012403548160
405605548
16556523
4052598077
733367400591167488
1383417014471958530
26149295
17189394
1233174445902032896
1173745907868864512
1462907911336833030
575658149
2596820286
235700566
1371894777592037383
1261268630546927617
47704795
108438789
246
1370142493824614400
189184866
210846528
14080479
51132574
1408501800702038018
1006765718879260672
1261042310969806849
866047997456658434
21967254
1398249000524992515
1661263351
33979365
2608376563
1054149844384669696
1356426442276503552
17577666
1057696231252787200
1523751438
247115085
274118433
14470738
924587124
14379530
301427990
9445792
1446432654
366289783
520445177
104567779
828668619986964480
1336179609688285186
108471631
1217797337675960320
28254715
23707166
1420385242938892290
3242991169
2161087657
1331008349807251456
1053009210047369218
1470728242269237254
1329576248704692224
1404602279072657408
35623579
1080925272914849792
546460454
1183694592433983489
79539973
1466751005035405314
1402281159136923651
1341120560617668609
1625493998
1214718585433669632
2709931398
1132651808978067457
782285411611795456
17786914
1333467482
1240067364
1211851854071484416
759444412724236288
1359923836356018176
1343248315
475957325
931615713558634496
17632091
18812549
357317524
1467931973616386052
236762551
1437562337150455809
15786715
1453787192673767432
1344200569016246272
1468662864353415170
14560214
1360615250
4891451439
1407411848446611459
184079765
1250424920372174853
1449010241597804560
1040057563868483585
38107864
2725817871
1064114381980495872
5823792
169686021
581301629
790627436832579584
1449237294435733504
324714133
1466431908062105605
1432292437280632834
1313237475402244096
14766363
767119245851459584
2742078001
1412965659273797633
914738730740715521
1282989138682228737
525457312
1409531509384613888
14077987
1397712169681264644
1428944978
3131567620
1272448794
1267496346199752704
1365776766569041920
1111688853784420353
1336402016487223298
1321860348715143168
1443229550163468292
1319212628254883841
1425124199128084480
1118662459718393858
180635485
1184790393839411200
1036649504701927424
1037701
248461521
1451508465210437632
1223327496
2818462132
1532061
2340667345
290664461
17933260
1508114503
1147599431568482304
179244672
11922492
2323813615
1474717591
3961284012
2240840594
315991624
925755413890510849
421983899
1380623475023355907
16068266
1105660673445380097
542666345
1315493261897854976
1371192422978486272
1389973855272378371
1067571246165082112
1168375731438510081
1198796678893056000
1461781382099787782
87133189
1357813203019968516
1458153282539597833
1646685096
1063804260368805890
12
767960339547774976
830100965105737729
10446482
1382376686960963584
1087793160409903105
1463105102210682883
928219752
267885642
2564218633
80513844
919764665663672320
221871801
897192618009837568
1419340581088677889
190021480
1024699964071522305
752889532689813508
3309287465
14347972
18005085
1429011571833937921
1415951485754617860
40426297
1055894724245155841
16618503
866943906180726784
14284260
1403260978767163393
1356568131754315776
1393611316854628352
302111485
808355323643731968
1908078548
994599742389792768
436397924
259563960
1114217411526438913
1878174157
1459977505893457924
115102139
1873277766
60743
816652616625168388
720619115812151296
2474749586
1416161688
1266820262688743425
1349093539007901696
198086318
570588149
1235825654
532470731
1234297846431539200
1039449274344529920
1009080313987756032
1372816026933424129
30801469
42190120
125952671
46332443
1370424848896249859
828366980805754880
876178235989651463
55882740
14246109
497280376
186886171
951571688642269184
1308590201158209536
352777551
909929047626354688
1269408213876846592
98812521
5418912
1285603712543657985
34597383
1460027000995917830
975321842096381952
1137601775224012801
1152199923221352449
1147972864009744384
580697557
3074262471
1172565114165186560
848628608738488321
1488950533
2295946017
5816752
14221389
1151365625698119680
399412477
14814762
375505360
1435368248439099394
773744012045983744
1277116863411937281
1383852370581278720
820065903945588736
2342424347
356249643
3094201
1024535410117169152
1279126254831022081
23196942
3728469613
182267933
722591951950913536
472497777
1253167708440387585
301844816
12963222
885648616357896192
1173796947347611648
1354965959925088260
233034400
44322763
988856720733585408
19218798
49795410
2806002992
1322795953808703491
14836282
1237277237671387137
1378383120475549697
1002602140714450944
50184013
1144774139896565760
485703020
1452159891234336769
31647101
1404391139239682051
1238899130270916609
25953324
408020537
3208340651
1433232487354966017
1241800902832467973
46670048
1410995955768254468
1301608845920186368
59695586
1427764550779252736
4372136898
28618036
1323271298609516544
56497037
9897812
45892129
792806523089014784
3418202265
788292814274596865
1244407819442352128
1214724903594680320
360771726
1428187757055250441
762605742646038528
1027295101
1514827225
1454259524584366088
14248474
1426200875060670480
234940866
3330417935
174092171
1364451271
1362648881658425345
48836719
20169416
1292902533124562954
952118924140716033
1316175408
1452332854734725126
1049593662315880448
1261144658261929985
21394379
16359535
143250959
1411112466659090440
62932362
407234211
1115979749426438144
106008077
1119465868490993664
607
3012852462
34783009
1393801945752690690
573925623
216881337
1328939221785174017
703586556
250728712
1244726593584599043
8338302
2508306954
1295221238810304514
1435183242865483776
3241219854
1516500126
4866458285
174934382
6228302
1322297149887979520
847290053227290624
739935257558974464
16705974
245666231
573320422
511291883
1357632942
36782854
33402633
17792705
35314169
14354184
730646181903093761
14910027
1162001625965367300
1141302932
1280797106886901761
49457533
1448147184881393665
1571226984
64941080
1169761986403602432
1123595371500965888
30736937
746807971217186816
1189164249517572101
143134601
25372418
858732421189169152
126755086
61815032
2955118756
1113850986320355329
1382262855123283970
14338338
14069647
101354595
1349582522443821056
985176330940633088
290843574
1277055712506470400
494605562
2890281540
14358610
774188
1051494651994066944
801246156340740096
1414640632388362243
1016908862136332288
1364804836663975937
8496762
1734045566
894966953907032064
46223
95495913
965259753906720768
1186212800
280763851
1445206614286512137
755418918982864897
1063146518746746883
1262788665077612549
311899155
2477722856
1142499308689854467
1349220931198087168
1212796828288049153
1438737037964754946
1025931627896045568
1427655259082612740
180212381
16465385
17208347
59
1075179491608080390
1258314467764367366
756598849
141175770
1439941878808551434
928383181044232192
1022028994772910086
15223775
7910872
1430066570059993089
973261472
1240385359055335429
2914515430
233998905
18741333
1438651
1296267480361578496
912937439647404032
14707959
8720422
981382549
45659218
1380333493117456385
1107695951169372160
1443364712939282434
13564342
112162734
27795159
784247858467737601
1109891841552347136
1370106114939842562
1174356148385959938
22998311
630641976
895756730
1060829748
196519120
464902350
1412414901591678988
14253911
1958399083
843586794155196416
1100588678324342784
1455347772
842115398
603545619
1420940570982244373
31336759
1328819915550289927
1222328204519596034
47805040
18216685
155344732
975200486
1014051350097813504
1233062471348387841
1422970499865403395
875915955490050048
1170342559798874113
1221070715606224897
806917072164769792
2156198706
1415596471626309636
772653420926767104
1045342408857309184
3138338370
1306772176603934725
16017753
45516657
2207930480
1261914911971540992
14127914
159452184
44632715
2964539431
1422884060293210112
147666931
61599673
1402217565384896516
1439732160684953602
1367991180768772096
23140002
1075280745000620032
796517497654677505
1523912785
27646969
264293241
399216451
161488059
247981000
1259298306397745152
2496261259
1408487974048649219
1372485820301545473
1424857175474716672
1109530912511983616
803461037517213696
22824309
969407510
982132176723460096
857994826230374401
90552683
1254426452868632581
1104172428815724545
2735851975
985287670745088001
2561980297
384035047
1224749020259766272
19925326
1381631978424918019
1408228756821622785
2289057716
1080955041006215168
1036567441202180101
415223022
1149017048749694977
1422293106372788231
1311068274818310145
2402760295
2887911
1306282143174320128
867100084248469505
793851304980389888
58348452
298548658
1271196077580931072
35787166
2547330050
7184612
18225967
1369897230249955328
1411536580200783879
788403528507101184
849626577658822656
2913423625
564082249
16047950
1396245663571087363
228957664
1430302398526992387
1086480695428567041
4353234441
952546009044996096
1181068603996553218
17296100
923744348
2334756936
1224614871565832192
1374685282340122630
8360172
2962066077
744543
187792659
275403306
2882509365
1160882553613627393
2327407569
101833150
1267597305366134784
1153834358622629888
186147228
1370909357177667584
1232540254457847808
165233906
35149078
592632913
1060049906688233473
820282353436200960
1110105054
165005002
217534944
15698507
14466878
1314619820399353857
1091334198282080256
237133992
928698147727011840
325343412
3387126275
1244829646547451907
54357257
3060230487
1393328489185484800
356036938
51601634
518918278
1495945232
125083073
234358892
1423799076529770509
1365077138722988040
501221448
1294656896507535360
311700692
146368419
932271127648489473
1065842208186802176
1195103890645094400
1383639395023024136
259716070
1074470340108140544
2434443876
1280651801944117248
899697923432136704
359358437
3036966908
1416458938548113410
1366207379923107841
1346092916360536065
4325604203
708805895258574849
231824388
23449328
42910077
7792262
912575645820923904
786691141546700801
16664541
863605141
1102760371495022592
967578075033735169
1300832424658644992
2271416095
821501511238909953
465241458
1429124412524175367
1341979385482670080
66560735
434377144
767043
2518563752
53411375
244721230
305830702
777685806437785601
19599446
33104659
19312115
580209877
724450298933055497
2575205850
715979593090359296
1080198439282098176
1133966329
3003771347
14338572
16196307
895998201819475969
1224779542411255808
1406480421198704644
903783715163308032
1416290905850535937
264697690
1367152365523128321
753071981847797765
918326626299113472
952921795316912133
2922007389
303151202
287309941
1239983344076668930
230266210
465173917
1327248851430989825
1015390129232359424
360643785
81397803
2894309192
6098612
14828860
17987549
1089964276352196609
91032729
920321515077414912
1319119644637220867
485975763
240760644
9891642
2942331514
217115343
736187647
1334208640845291520
1261209916624318464
167292689
1261927841546989570
878030287174762498
1356199549375799297
74666868
873427520074461186
1024113177007611904
1144709883884818432
2938581528
249550279
45423
1447144844
819801657957490689
2863029889
1136301955016527874
921880137926184961
345193198
1259695055629176834
146618763
844203921459597312
1397021874752610306
4784511
104203952
80211909
25030807
2230893171
18469669
265597285
256053691
73353129
1393652927986913281
612798618
2400055351
92512982
1323976879527890944
844741054767222785
1075771252214808576
817165422
48718567
1007429348729581568
32503010
2725273267
16301854
1200288663843885056
1084107871175012353
1145702015374438401
945817135816654848
35773
1287593323117633539
14206218
193272571
1388206915620990979
1227136855214317569
1316831552655876096
1027220612
1059629204533374976
1250112923034411011
709589785
31667539
828235712411627520
3666710118
70355674
15330537
14873837
1318927549091622913
2309701
1289055510117748741
1217477720839421957
851918291501289473
14682476
1236914279564988416
1483299090
1092034664141910018
539068153
836040126081835008
65913933
3255285708
2996367503
1417739285646688259
2888792341
1076000376640421888
34879801
1031525986330980352
1382472968308199429
739575714249220096
1153581858916974597
1303030450366165004
1096993066769178624
703699161183555585
1028706002236055552
1289723311279296513
1347406089436815360
12294012
856025974735085569
3242554629
128869368
1329513136349716482
420374974
248938388
1365839268476645378
2283790430
162171805
379572360
19164547
955701350003752960
4717696583
1052049841788981248
729548255470575616
24258355
1300448851111759873
246416643
2592143102
13418472
47003920
1309729910630633472
14444764
903135043358400512
1171665447013556224
1409268072167313410
42618516
480934912
3051252622
122356440
3258222633
1227321079812837377
1357113677107888130
1128802381918015489
1170920209
67109577
1382424964561707014
1286078592833781848
1272942210745499649
1326755118746726400
130678585
2889030770
45926005
74760182
2984243591
4713432853
948689966376239104
22831059
1136711154435207168
1305573330821488644
15361570
783411410403463172
1393557005571264512
1414025128221020162
1311467828088918016
935996848267022336
1376403677687255045
1322584672275206146
3741032655
1030443493104275462
1386441070444257280
823766058909761536
965815497752166400
14168372
92642220
1423472265946177542
1252263933945294850
2759377836
1293929928174571520
953983428696924160
400010607
1282418324228337665
870956816737345537
1037087125966151682
7593972
1372278133009825798
1386347018474311681
1272550351502299144
1272186434896740353
84447535
1133803940427046912
738176295687725056
423532685
1232336811474718721
5845492
3165918445
13946232
574968821
1106976519308668928
140825723
78105317
64490962
1135888516381138949
988071764
1010711915000225795
1295335637533569024
7517052
77046494
1290039725022162946
2721839303
11969
1299532891223855104
846417084192055296
24355217
473451684
843965625177399296
1240916730865758209
1201560471440154626
824384532312842240
1000503711330791424
1006769795302346753
755365986757337088
47836246
1371982883032825860
1373914782814851072
795801451851345921
947984296224096257
4479828853
1011971289295278081
245020852
3304768032
1385722494
23041856
700412088343269376
1302692442777427968
1352561147531022336
2287378164
199737585
48695135
1098838617567490048
1417554927967096832
1220932257659179010
930893336
794532
1807134290
1275425778595958785
1403525107209940992
67640827
947834276959215618
62603893
99188594
1404291139788689410
1017550686597378049
1061095692788105217
29600861
1235333758448021505
28369153
30563975
1392154662535577602
1274329921834360834
1416146404263800846
2006261
323144085
929464603439923201
2200385624
134411372
2960220811
1387392691
43915677
254124909
3302396671
1244265966122545152
1054521
1374100869403316232
15187546
1278322098532990977
1178666452196438019
1281056833709289473
1426522898
978009135756271616
116040810
3412634493
750437909224910849
1021316712036065280
1471618454
188277052
1402680631
951329744804392960
2563750784
188512204
1262804513498398720
1317294998665265153
14116588
1175932781635018752
204970988
840224196458340353
148404022
245526752
176665423
1321087562618933258
1335419053045854210
942337937911320577
490232734
893823882
1414286069072371718
15627997
704161700703039489
52225658
3080587039
85429016
720567649411985409
175587579
2311916178
858644654232813568
40520001
61818339
172537702
3149773805
1415536164975620097
1385062902311309312
1353480280024129536
129307882
1246115390960340997
915271018008207360
1418248884166422534
1601593543
18027349
1367210377646374919
3268324921
1108917958569533440
891040037814579201
2569429370
18339688
1250084490845675521
1303577160234328066
1089854145849249792
1216524771015282688
1238900689952268288
27357824
816508892
324669535
898635931875500033
1640555772
1408566874284122114
1338893085196083204
555973467
23123041
1193008681098661888
3302698334
833848160476942336
1355689977380630528
844674708972994560
1262709104176324608
1264309447943389186
341170330
272606656
1123847711835471875
1660585950
117017535
1372555738397212680
33303
1356000065429659657
1243523149712556032
1278573670739464192
988830183779160064
1037681699600130048
336178185
1395171873650925571
53836928
254465628
3233838112
1342171323666198535
288630481
3296965823
1217595259829571586
2569675460
1099343905634553856
43158225
838457598303223808
3153520937
1284740792033124353
871488669219270656
3313126153
872248320147771392
166747718
24476251
267485701
1254214946751049729
1316503834777186304
1210342976938897408
1349160281214119937
97848883
1330031041206161408
54033331
3958327401
227173908
16262361
3408272428
3092541736
1344769030717059073
29831338
591973307
1335237183234519040
2590075158
907349746880319488
1037045241084342272
2815661158
1396352611
361860294
1364445909468270594
1384968566743740418
151936663
1164491464962957313
86094261
18640094
52247685
62078644
712457848874086400
61417559
941034151
1267887043
627098632
1401955702818721798
223270761
15174245
25071215
1074413461478748161
1187969923844366336
20814874
1140227234864742400
1335579235956690944
1069108975805714432
22774112
1114465094
111371523
35424092
2877839294
1248474590625456129
187890611
1239724701062254592
220201111
1376054535303614464
1411195159513952257
919588789827203072
1364556856262279169
21095713
21245713
1226234464134717440
1120319298
1129832269
1311445498394537984
297763249
1699016910
14541402
10078
49736166
1137701
1284005128941510663
145559430
952289635
1271500648442462208
1358197181992296448
138304042
1881168794
282352687
1106698965947432960
1028866124623110144
721840211768922113
1125822768371646464
3354361
240302165
1115518804786806784
2601630428
54622027
3222909799
198179597
13418552
908340386749284353
30849562
3420659128
16105237
1087903162575585280
2948211
1171511199776690177
217758017
492689214
1155888730974171137
1246563496944455680
1306741300138475520
27141072
19721574
1410362675444424707
1609399452
1548685507
1336396841982705664
3183383692
24761783
1366825122976309250
1122611217216888833
37570179
14368342
2790113098
89266660
3009858875
46239299
1179958399
1280241715987660801
1397121698177196036
1371862438321254400
15742985
2438552886
951193559205580801
968471086332563456
50802202
11712342
876145880038076416
1199799624573304832
74829888
17916175
39844876
829574663873318912
95363183
96829074
14828265
95431138
1061429335075237888
152507831
1250630948095315968
1335880692811530240
8956182
838129357
16936686
554048989
1362512518489526274
7644032
480702968
321287966
11216662
19660469
323412253
1099070777738055681
102583719
314488436
26104299
2241683586
655473
379400685
4916499262
47190382
855444446
21306324
1005103046387486721
182503655
1359170818375360516
52475609
3485971
18897031
19032289
273288231
956174257
33941244
1158526537152339968
852611876416606208
1021817359
100880422
1176792012806336512
1150205216232357888
1214031106111983616
1149158839922712577
455937214
210869563
1376621292200206336
993050065609474048
42720019
14379660
717926102614716417
1081334766924754944
3136991384
299613108
8486712
1173810743654932480
860650292
159904799
188787513
4816
1233663476
1236101
1265543215530348545
1338528886234247168
1312497976883904512
1380589844838055937
1357030296345055234
286992209
17500156
2856174199
1012425607764852737
949041
1201752215989317632
3167257102
1055933585314594816
15636375
3952661537
18856867
605974171
1298297432925548544
20722476
326973224
7153612
12781922
20503
963767159536209921
727695518516776960
991745162274467840
1158640986181890049
1352926495778377728
1326229737551912960
102208685
1349384897702604802
3184914578
1092818020592959491
1167028576937480192
1093677824735625216
1042841352776704001
332617373
53789862
12087242
245221913
78617337
32281887
27943436
854003987393261569
15103611
17877122
16809315
95588504
2222673457
57558901
1403733364989902855
25606400
866704299241357312
2874959663
1271441445422014464
14369341
940866642
62955581
2568108282
1130437706163597313
26649679
255686156
2593734654
47535822
11460012
28328163
38801229
983136570692722688
1397558515321933828
904809776454000641
7111382
374594501
16948493
1274893046564425729
1400847969100779525
16598957
2337760488
865963965649571840
23618940
636347700
1171339674859687937
2852526036
1385467429304762377
767122751110975488
1264998358684504064
11564132
2476272271
941287588056518656
1375787807063556099
15875851
2529971
1037375652067004416
2192903628
1229443127435546627
10926202
956543009658671104
14182218
1149782500585037824
965640545157730304
2398631167
710463119886262272
176758255
201168092
854013083722711040
219821581
2891312215
39592581
4590621141
18031093
18555793
98586984
54411512
59855362
169556156
20736511
69934541
1898968398
98786550
705158078
481773164
14115083
117020219
1140993627801477120
961445378
1234545436310020096
1382399285602480136
3270678680
1376016875939885056
32332988
14562935
137276810
6989452
42226885
28917111
1030541912116211712
760281873364885504
2567273726
529438517
22056192
69539409
1020447904098480128
44431966
1304601526195965952
1277855119611068416
702262427711188993
134919739
360866586
1304181904611123200
1333179142288723970
11783502
626691391
2516914746
4544645238
1242872226262716416
14237028
3343480215
503884507
97301773
25617895
33952078
14485678
1296278085570985984
17522755
220139885
1285354197630644224
29830950
3855420736
883065986
373144861
1279267441525223430
1399588092567113729
588797548
22785963
1288164947801903104
1176624876054036481
964227748796485633
266450567
35508850
2237995092
1303495526025842689
1300923600493580288
1366725479106048004
1347655155987206151
1151294599178137600
2916305152
1086509879630548993
11691422
5939732
773280684173463552
20654075
16591288
64844802
376513599
1068165268482998276
886832413
1056394088352669696
1912691425
1325398948639600640
10546442
295218901
1369294228459712513
884871410740600833
1246931490413228032
814667
1104524508709441536
16793798
363225825
1391413238311624714
1106135773424902144
2834669914
1229068038852554752
768738865
599817378
2187505229
1176200321128960002
838889800203526146
3263718323
1201595653127843840
1264298619500298240
1388166192226054147
1126950702
3187328390
2373682811
1276081465076449280
173886408
1102073479484960768
1462508754
1280921779658055680
1857901044
304787003
1269817503263240199
2265018482
1268209053055938560
14096763
981208355115974656
867328053416001536
909513498652225538
760853748
253236151
1264481541201199104
15370019
3845014336
159659771
1366878473730600962
151058995
466880049
2858619915
14220606
1590121650
14521411
1046906136866279424
86736696
85799460
1378857074193358848
162571843
3043375058
877633346662146048
30981737
176905010
68290883
1337125931974971392
878945155335716864
946049954056933377
1329990373020553216
19563355
1261395306
327800646
1243196401439277063
795044002718433280
2863324024
19380775
3599907733
968338291366998017
25453502
6752402
234638601
898142955038543873
1457305928
1178737087865999360
23849102
16969261
1318848777151795200
83748727
1130668497086795777
52352820
2349347329
2231109295
1182535213475229697
2570642840
1238652055276990466
1231458007336112128
235470600
929079211893186560
850763376263299078
1175121835068928001
786933766627307520
1269690704902729729
3389342548
4040287515
1392980312293052417
1352451746954686465
58682075
166138615
2943060805
343958199
843841641693745153
4902221
848281050409082880
3140391
619615498
920833335257190401
611361933
87679233
76013938
1282037650384461825
312847877
1381083480658898949
57315004
1009587919902904321
1242240513811480576
708915428454576128
854840560749826049
1158104955984777216
473654129
4334638332
168541923
269375709
1945776252
1694945473
14655634
902200087
15292505
1187808818522030080
1010305842321809408
1135183911850582016
1219731110
261718546
395978320
6398252
74820061
74980737
952592911173996544
471741741
464076088
2836764008
1393652910010118152
1241005266767884295
802012796871266304
44385628
430304496
25552514
968570974948933632
22484714
1146410484171624450
1184178520437788672
954795596325576704
1854401
1009593492
1325295080505290754
1025274127383494656
971157641912229888
4516439475
1325105975657959424
1107854414050549760
70809839
165634208
1387645278233243648
3129477561
981652889243398145
807257752775065601
85594669
632535318
1365849597445369857
978885264780283905
202522597
214825798
1265351512429154304
1542228578
1117121635042172930
323454292
1927852860
1105796877449117697
1061713618952183809
74455389
633794939
205622130
255471924
424083365
17060573
12460442
89484222
902768303051038720
1034484387499466752
856502627995074560
2979344931
18983688
1102044450791059456
835552373615493120
1004948408090726400
329389247
16205746
2961589380
19606850
701681762347393024
3234059632
1224779554402664449
2684682042
63825473
364985261
21481247
18890740
410598599
713077245770907649
420308365
85623871
10871992
609051282
529916796
12392822
3233669399
1347235388625186816
326511843
945116775842242566
2861713071
1222652383148347392
1478433775
555357209
14149825
190632027
70636966
48924841
256781040
2278595448
1351116415970009094
3299212327
16962154
1099526211716280320
22277264
55618188
14940673
901144036513370112
12093
47528726
31059928
2365896248
29258026
9673942
1270392923264299008
20412343
2864381561
1083884006624522240
1357118511802368001
2456825562
196168350
1010031166311682048
1353703253108789249
932630991298007041
4239564734
1269648991127511041
171653428
1291794519583850499
1304537279332069376
55382578
19279990
1138605923230998535
746175786550439940
1287976243766460417
16242081
872148729184362497
1245551604771819522
22325457
499696436
24985654
1012846454841344000
145125358
15616612
341874816
1354919270375940099
1354935094688030726
864162152
27169884
1370692561
1086197672531374082
8500962
833857129647796224
941445693331427330
74368374
363761536
1245030437392711680
851894337826955265
167193309
14285961
2713062530
1030064031716044800
19336166
1429374979
432171732
432162157
824323424873021442
1374836717337841670
492156320
2591901121
1289342590299512832
252398355
2770840180
149763
348197129
2657347285
1317568613189062656
873051724604334080
3637771
228781954
3320618587
2871659160
1330651673920880640
16683666
13220072
1087376368923488257
17843373
72644699
3231657095
306854600
386291352
3282710534
268531121
1348984952768094210
1204519472238862339
706155438249791488
624963171
1383580834695827468
130373324
2281473800
6135982
617602505
982341
19754588
334209605
927537990121017344
16482279
2789857374
48861897
611986351
496082117
787004515807404032
785654626255110145
1253716848627060738
1019264961657352192
1034954029896355840
1276715545551831041
1224891138705895425
14081052
13532
330752900
3249041383
1003515600985964545
1088611752638627840
846486979
14946149
24549584
281614756
9816022
370475144
1142061157651533824
1281062539581939712
14562285
1063685129661382656
412587524
2193616844
367162886
5342172
16785459
1139471124
110505844
1061570941
738803172991373312
242844365
92547778
80764812
83992997
411219969
66040879
18222378
1096380537856512001
750764517957595136
959841213569552384
75890868
793023
1242258668638236672
35647451
1694879058
14161568
358200621
1267257106652172289
134321104
455764741
35184346
1347989428480978947
1088523667317829632
1346887466637148160
1331579906
100798845
213314111
1109536676827795456
989606622
1633141729
1141429511407460352
217525977
18842214
1403620789
18094952
22685200
267534678
132641879
1338230112479657984
1139574829802090496
81299668
1295526279194828800
24673980
796208346512629761
3095066284
1011055621
709644992
37456482
7748752
99156692
1242534200634478593
113130846
23562007
736357123316015108
1316189605297901571
931594364010168321
1159523182388236288
16345236
2600305176
1198192260
955788499793399813
789180648472797188
1209128570456395776
1212874962719010816
1212297404268994562
1334475058350350337
2765160010
16982717
720274807711924225
1062596596288946176
1319317520390782977
1547838744
392459574
305211380
473619428
1201734350561271808
1252644727146627072
388017325
771750226029907969
1324606168518463500
4776714374
20263710
1157152179750260736
418346918
388933908
1018044996
185270017
436925910
164425558
2334866718
2775525761
323768440
824473943931293697
2281166588
300133012
34965095
47687609
485221115
24867922
82766456
19521286
228535181
465820641
1268743880486379526
4516489035
14131153
106463784
924294628114759683
1364290419803250688
4889501973
1202695504678621184
752712449321644032
1051754132699115520
1123012553825759233
95228628
933558074
3103759274
1316517372644085760
22117507
261705971
42550002
468168091
1286881641231613953
765618069062422528
529540495
6978942
1377875922943008771
975780214918836224
285698560
998754646326996992
211557536
9615352
1295078040624443392
1267068901285822466
15519999
27966935
37115736
28184744
1300085226119598082
14120655
2970721330
1560875191
1368766975455924225
88921712
1194713951327719424
309556475
15020268
1263186535647776768
1063876377328279552
786808
2140571
1151905953568165888
941579741420699648
921460356
2949898547
1333398233687621632
758398764520394753
1370317296766382082
17930173
15079601
20296222
148458123
294306372
102501788
23824958
7958322
17239228
712535233
1268987046074503168
4790720474
1422290270
1163635901202722816
368167472
1298290474373902336
2962293341
192411414
991726784017326081
1318878978980089858
1317193039660556288
176372472
628938837
485328045
292634416
1139878380315136000
1034199331
2830064099
2865659145
779497280651071488
239885144
18135877
2697193014
997366953571422208
3141244081
1111185288968060929
861299672819748865
115467858
905227358218711041
27191340
1085088909971775488
1364664236316721164
21326116
823384739038031876
19173787
1052564998302654464
2828975742
56562803
1129086512132435968
1245383061409345536
1295151013498773505
7836472
969813532970659841
7753922
888125986880888832
1366831736215191555
791039354458234880
1265665749076639750
2397872018
9909102
2300750088
516183453
1354877040244228100
731595021950976000
1377347614367215625
238845060
52821137
15412900
2725104191
1088890021409705984
1475495658
37853966
1227734031900577812
18496820
1446598470
3290364847
1374129163439837192
17839988
72579376
1173979264116563973
2478756618
1022828691850715138
20422694
114060003
526000287
1331372708119109633
1085467444968411136
72849941
1276645929781587969
483156627
978598499754311680
1322960489320640512
20126862
1135733803153072128
1030276861274849283
821796696447451136
1111757279890681856
1333062067356532736
49682880
752984680765329408
240049622
3283901
17595439
1353140272620822528
2413020367
18990471
1357414388353757184
220764683
20751203
1024358203
969632226013954048
1031747223569227776
2214652482
53881027
21625098
4852741342
700909527705595905
855947347947335680
1185775316960268289
1373720823169699844
143176309
15302774
725388209681735680
38658413
411344473
591680810
80758969
988467944
403511363
81995460
17617492
16426402
204147243
3309819682
1894184054
772531416395546624
1236779154923806720
492443928
2369157648
2634504171
1018931868564180993
194694215
808480119711035392
729029347651276803
3535615817
4767021
21066156
28014636
7155782
391039277
27499683
7810912
26545118
1150231596764712960
249951632
1362368612
690823
1463467434
792949546812788737
2151848444
21522338
893459736980578305
1059952351564455936
182455331
1008492120125030400
53844124
948436055627259905
1264224328423550976
1075579938688917504
23959470
924303597474582528
1286367140
135681437
1260802135
732649152807469056
16244449
1119948160711974913
151145395
246236637
11469852
117338050
1371437424337948676
8467092
4482675976
71048726
20253396
790774
1156409482441662464
14246657
3315650867
260053908
36996328
614517275
1063237266116612098
1116223221064445954
386513
1262104313263820800
1119126038133362692
1193252856616194048
1275280683737513985
2301878113
566744765
955955001876254720
16347964
783792992
1305282505319251968
4435227552
143451044
1366130381045530626
1192625531025608705
15156227
88001676
429958168
1161906789195165697
25098721
23092792
899413681636880384
1235653433627197442
23079619
1150578793804963842
1024846865832062976
1006432441639133184
3188285216
2827975030
1022664432260927488
22936656
1264062352422588416
1084984566
866551410040516609
22703645
4859689444
1181156717180182535
2240373468
28231540
1368714325574086658
1068683987110019072
147114063
239241169
4939401
16611962
14046504
18036861
1460283925
242165039
984632708042248192
5848412
1004801981448359936
895331651881926656
1145141450310660097
1312332145520570369
1197051242175795201
1068860515
2751326834
298274977
565727267
1009054861332238336
24961826
1235152836209643526
17741799
1364812622525308936
434458299
58579942
1364663430825865218
953298828253384704
16873037
1233218762347708416
1247673089351090177
359188534
1239229978753019905
717229113132642304
469960224
4659366628
3330125954
847190984156880897
886461943375998977
531529183
795832924537032704
913517534640357376
105939814
883094385063116800
1643447762
361384986
1172086334229372928
1354837488653791236
1233079927089483776
1087509524406198277
1225216011692990464
535643852
6635012
14031032
24849514
1364242006147407875
1114822908080283648
150818981
1292734098524471296
16163627
17847906
1141379768799178754
944229865
85215611
443181346
66761201
1065032890856210432
1001115815582744576
165622096
906300411258183681
1299569327943766017
27047824
1050071545824067584
15294170
1003645782803861504
844169711072002048
3938140035
894810531701243904
824524105831612416
1163295967434555394
16451485
966299443401195520
853229442
1293566156075225088
184917734
78822934
3705111012
1258132205546676227
1276920555409735684
93796170
182524533
1318602454225817610
21839417
859409582426251269
1329307685037240321
1004070871097593861
49321996
1273435869957980160
1299426390962589702
1106269766048727040
973023281245753344
396997518
779763152363876352
495487249
1068271396462125057
1116548763168858112
421982151
991567650923794432
26637348
2320745983
452596563
1115512128604127232
841715078105878528
131387085
1365185298943123456
360486376
1064722300300345345
1365855323777601539
744070482832596992
819621994840944640
964288013248450560
1239876481951596545
49739695
454241250
749607928768917505
24127811
21614780
1313449753934405632
954759075648212995
84816752
15976697
14275562
36246166
11768582
11582012
2646273925
1083867110563041280
1239302704230531072
992191188881960960
1013972001902551042
970389424457515009
21038509
848348952084828160
130893188
2472781538
1198379902883573760
3018742509
3267456386
16180004
1267610235105132544
1362911804192661506
829482275318484993
954283519580221440
2255264106
372659543
36667104
1204249605845614592
734583668
21480702
15823646
4697636863
1115555591777165312
1155886120351100928
836779281049014272
971808555199328256
866771086012231680
924478805015531520
866005696428384256
1035249060360400896
809099778185367552
901123040
1199133760312229889
596647322
1331757316274671617
1067429242261172224
24001226
1769191
1159037244004589568
277536867
952626408496488450
705144718833946625
799603453
1274612886975856642
1276652162
4730026699
459483899
1048743055292080128
1225241728304787458
3066800573
1093712344859979777
19878055
1080004277437902848
973576766651592704
1154761784290623489
1362742258160840704
412833880
745273
70518745
27372130
28504906
540912266
775175696645623808
1280177793855221760
1295969680482398208
1199822276
64046698
1348018768442777600
3158525205
10950722
3319762895
98002087
1090426874843394048
895095916301918208
199184386
1354228711466426369
3093242123
1012848315744993280
451292765
2178708979
18676369
2804577409
1232711462709149698
179996754
1232351165691678723
1190849590850981888
727689450097020929
3290152525
17685258
65375759
1273560222485757952
314826515
23825053
311166281
2222985085
39571621
22454414
19828155
1270433392102764544
2812521385
127739906
1074357554170482688
3035734234
1360114452646027266
245651670
71716369
2413840724
568713856
41346420
248469208
1291126723552129025
237270155
263199674
1086093637593845761
472631212
179932936
14649267
135227064
2355254546
1398479138
20810416
1112469503609327617
436463305
366164626
135282569
714061980332593152
1261678297773035528
1356030014
15695772
24602184
3535656862
352084835
1150235560935665664
1180655297418821632
2863422887
1057127371969646594
15245984
1014641829961191424
860795611
17562763
9840002
781593009305509888
846137120209190912
983222944368177152
358612981
1186412548951695360
71424847
2598183050
2570000082
2885627313
3807079047
1154862033491439616
1453258645
1339847350173351936
2980968484
1074379552980385793
1347746863781449729
1291190838278709248
778952476565368832
1312756443624411137
2911475665
26559854
2852135734
1291394669184724993
236194525
366434437
1413611892
1469603575
1133869304854863878
1137357988921073670
981195947706388482
18691746
4239551
1048012125141196806
1359940197488742400
346846747
1526643050
15516568
1112608665473671168
35810076
1349259662928056322
2305805642
401524997
11521322
41059238
721096238020628481
1146509923683131398
712126791754756097
1349171385910710272
862493306382626818
5943622
4107581
24078453
14894595
1248329741549146121
1351203588958261252
14710235
813906935338647553
13578722
1349707717926027267
1345458526441771008
3380357519
11730212
3070371522
971452550057623552
208725869
1323417691185729537
803776310
4189863513
713133
82908214
1251900966770794498
1041044330092195840
723330428740997120
1571291832
129067238
206918128
1087957969915006976
1230304853802405888
1297016272073289729
1358141142613778434
3331627803
21815938
22525974
408806531
16076032
407179694
257186608
19602678
381289719
35199446
2562414642
956304828845690880
714279526453223424
1025414852
1348224290840170496
866294369426432001
1019768016907784192
2984416567
310043213
30014918
1215884051145547777
1025410166483832833
21862217
1177213504627105794
1852899224
2412895928
353554598
120616605
928094831875952640
1110549860992929794
1009716150895341568
69441586
1012038065206882304
10904832
1018897017500852225
1335051121774223360
16718994
2845913776
1351970657974710272
86342349
1347742899329495041
23681453
37281592
20776190
1286131085496246274
1068254071587508224
751959943583072256
1008916382078025728
1797991
1217905696135532544
183951857
1247936003039346689
175624200
33856936
804788113402974208
1206706835429953536
2562832774
59850640
22107744
742823052354945024
1226167963
1087016646
1862972077
365073587
415138288
183749519
20002004
14220621
14427663
1107142212502974465
1242465012423118851
245151464
1190477177273249792
3811956498
2821699304
391063646
4767003200
892889965285093376
58826629
230134063
14241965
1318308978347200512
161569820
1293710281793732610
1138983276700459008
2752668367
492425795
1158486496715976705
1120707986270433280
726649974
336799750
1270451298375270401
1238320367703330816
3289153303
5633152
541042800
14782048
11208072
1247464470
214176777
2930313330
914155890349150208
362084943
1325495243144388613
1238987933744586753
290890104
137703483
7758542
1072462143541387264
153811467
1327266713054941184
358545917
487039635
739133515170729984
1669312890
499230066
1004423926963990536
1009588379640528897
97136609
128372940
4652435852
356261253
15381346
2590131354
912524301097517056
855318254
991899002592546816
712844521126625280
23085502
1326060501202251776
712550890935332865
118567880
1250322626
177812997
946868698169729024
1177598072991506432
945048278395219968
35304791
44629346
1263090111752929283
956295153169334276
221838349
425198239
266806337
956296561289453568
3840
18989355
3158234814
134976379
1554838501
1312812751350312960
586559221
29089797
353040882
999274189688274947
2740108585
2511701310
32240593
775696688489099264
1876001052
939647234991325184
487777321
2794848564
1259751343
265481588
170482472
2383510675
1344388000495632384
1275453292005388293
965735711663108096
1350245909293117442
23549130
1165623565154213888
1142599445537808384
1158923206486581248
2178012643
912729106344579074
1032468021485293568
1010901148008681478
209693451
