501523038
1638272909960531975
1421491508314710021
846044179268583424
1445769687028011014
1001323830613368832
1601062664775819265
1497389968917946373
1512336435776565251
1075211100398903296
1422354357069127706
1082769988249890816
1048012125141196806
1509581842503987201
23000204
1477495578271518724
210186749
340780139
1217074957580218370
1531638941216292864
1484586032888750080
1365086833969889283
4753560374
1518748983505694720
1442621809447391242
1369381753090174977
1116535440235012096
1523626148806152192
198595107
1375915101073649666
1354611524346769408
1211851854071484416
1159194068838166530
1346816192762306562
1110309655186681862
1266617034823131136
1334327898027782144
1082736099443789825
1270389025749323778
1299787733548834822
825612068220919810
1041484481406873600
31358365
764928305858568192
3188285216
996821830705934336
1143055777197907970
169179314
1333398233687621632
1302203461900083201
1301856526504734720
908472159571517440
1106299044425535500
217582754
1217559748557647872
956296561289453568
765618069062422528
1311387280872034304
1130490800368947201
1222012952800153600
749455282854649856
284907075
1323729421694431232
1077394736581881857
3339138238
1225547902748987392
784007000
1319055641684697089
1197200662716702722
881542967659569153
850036892
1900293397
1161261376846946305
1048743055292080128
3002614108
2876182731
1172822167295279104
1120838747807940608
1160677081304457222
1169552210054791169
1297538596665266183
2665442299
2232133284
801261518939623424
459673878
578469326
1159149497924182017
1267910873202528260
755590267
905551149171740672
1141937740025483264
1199781461173227520
1522508088
1220594448020713473
1188893517097164800
1240784920831762433
1081735764042547200
312847877
1223085492989595648
1285965459142184960
1155133297200156673
836779281049014272
883105305722212352
1078694754647461888
1216240398575665152
548136534
704181623269384192
873335097222721536
758336704755281920
1099827291646029824
1646212568
995849372700172288
1279833353726779393
1125628178184192001
1199819892746264582
1199516637529018370
1196286674071740416
846921210122395648
1150996586572472321
886479243009544192
824203148
374773045
5800652
837322733784485888
1253724166978764805
1269442855505989632
1154079991858159617
715645157689978883
909166105528291329
1142880279473917960
1072330419956178944
958778807766237184
1118947457415680000
1195041016820228097
27073092
1017287701010132993
955892346738102283
818306045508362241
985125233408512000
1231739483411943426
1058909152435683328
711776457463357440
1019820244691443712
954203187203969025
375721095
1242555230702710784
1138859384841392129
729650336907046912
1122904904975179777
970019052805488640
1007724308930748416
759889234295525376
1123691267060322309
845557590872506368
1155194788850864129
1068210480752328705
1003645782803861504
1218734874540105729
939647234991325184
1152659266861436928
1202455716050505729
363225825
1214330467757043712
1150248494264926208
1151867562449391616
1149100375061848064
1204583428072460288
3958179197
1023700077074833408
1182124465209188353
1203129508821258240
874856436588838913
373144861
965693789192032265
845466153761685505
838457598303223808
2204609910
488114705
1058339268790308864
854746255431315456
1162168561206538240
1127896205265178624
1190124295676203008
3885858613
1108567404861407233
822058488046174208
1064722300300345345
557253118
755235445752012800
3410843525
1189367676075945985
890981599420051456
1186089023191826433
1172988350468435968
3994162392
977081844666519552
1181265991180935170
970854308588802049
510454988
873427520074461186
3267456386
826231871725985792
1137963146386108416
717229113132642304
989226435083583488
467659996
1112990088089071616
724882169261359109
971157641912229888
798753808146833408
18706305
1112769932394201088
321121989
1120298880271253504
889578132105285633
1080952451971407872
516817511
904695876391665664
1547461016
1128288815012089857
938229548478382080
1069720356552916996
1122998969859108864
1115306640843190272
1125479264088883201
23580800
1027354525294899200
2761074833
1080395198515929093
274308336
924478805015531520
1115064908201308160
147945183
4275351035
320381808
969109324583796737
4541930113
1096189997370298368
802290153314283524
968731672169590787
821366200122875905
970884857126506496
1093249107475525632
513276912
1494667153
110835004
24127811
1009588379640528897
1074474791543795712
1511360216
721390246756282371
862510568917413888
1092261721300000769
482071096
818905354205622276
768909331043495936
873051724604334080
1088131968414314496
3131049941
3139152154
2458537838
1064201648313114624
912690021957697536
711752522898264064
727260614104489988
1077474856680243200
9688782
22286602
1072909224299151361
1007810898898145281
1070144856515702785
815302435
4889899632
1447790929
973561963207888898
1001190200188526592
1069068520477085697
595965174
1037484215980318720
4878811191
1037372973185937409
915647230681534464
771139743480328192
14458643
52352820
164070785
1028959241745391617
995782145410043904
844703215484653568
2344358742
864923032971689984
102897052
1287427560
746158854212198402
828253251535511552
972241176278503424
905257159050584065
1021129644664393728
944988681001226241
1058723687329882112
19386810
777035273951711232
926227382188507136
926463152413216769
196857066
1048956881513922566
1050766642890887168
996704669844963328
6672532
1056985920476536838
214896834
1001608269675352069
77059536
52044150
260955638
138103050
21829541
143496757
1378370258
1037384652594532352
1056751997540540416
1028376320076591105
66837921
3829612290
817165073890377733
1053423650139828225
1581718520
1054619362567409664
1675239332
1597105992
844251061535817728
1018778915895152640
128372940
976202468743720961
15321895
816699233831006208
1030247979536416768
829587313403559937
3218886364
946885790
916045278142238720
1001126462760542210
922259509854265344
4790055615
1902907915
426059968
3065179334
731409577
770781940341288960
952695919014830080
1034816090243780608
1019273767225212928
981668703476637697
1010327180256030721
1025769030840406017
1014948507172532224
979797588063981570
22817956
866005696428384256
1005714722082172928
278264929
852590818485514240
1021246171191242752
1020806509981327361
792436389988012032
945116775842242566
200062298
702127353896574976
719191142437400579
1151542729
313591533
78706973
879145266665934848
2360816491
817406786579922944
893530181989564416
809567324529446921
778030061312237568
955980444834541568
820188286610264065
838048921603751938
22703645
962773097882546178
976169400121397248
28133951
2990729241
34109146
3103759274
892130360888352773
864012677718429696
521167914
948077716636565505
721502167811489792
954759075648212995
936775674785705984
921035226469535745
1864191372
971013039691575296
2975176387
301120391
816486921920770048
1519599007
1305717908
2431037846
4912520766
860941212
2875479268
741258216097583104
715733471704944640
920380465739124737
898744501837090816
947690719921127424
913083467621191680
942471707062882304
936343930832019457
947704198304616449
934632473572634624
922276494902210560
801113147499311108
805879201
845134858091356161
853124301440110593
785626002474930176
186395658
875365542403743744
922653484922445825
4312370001
821050391680995329
1445098704
705707365752901632
929776965241802752
728948309369491456
895736295703457792
429866189
938205219086852097
134164719
948760438182961157
2268828160
1158473863
952032740630810625
793186886479126528
809045672930504704
858895332
927698146448244737
783874633749585920
876350778511962112
3908050333
942104880902176769
943652322948808705
2254111687
728595407144550402
905375019672506368
3103685384
526000287
2411437560
179932936
870450006855041025
1024502544
811462749897236482
749200199097036800
738911954413162496
905589676337192960
872161064980541440
2630384504
704437286767828992
913614579522953218
915954409716289536
862409562950963200
888626948498485248
3022622873
898312386632974341
908174596381265920
914516199706431489
856502627995074560
847551962056929281
4446418487
2463171746
748919329585004544
840230251192016897
27372130
880269508409270273
4445978333
499230066
811662404769685504
876570335537233922
2871165186
1144275380
850503192257363971
763771646549356544
841651733327691776
3079976824
4240042932
2918981533
821401992409006082
2381423262
3942256153
16080912
751091958345560064
796834346837610496
16589206
849632709995630592
851714902498717696
377678578
798679792803381248
2984961377
4743390702
723494852726513664
1226167963
4429973234
844434316943904768
831995709222166528
824402935425667072
737834741823635457
4893615497
25073877
47253057
39344374
39349894
19599446
2493246408
2853461537
620571475
478143027
703022164652511232
3003908866
4588949781
729505725068750851
3219461544
4172344582
134360868
701188590169157633
75541946
245963716
704513628414676992
52544275
85794542
25429371
2827027954
90484508
2789086655
260574794
19017675
1950267031
2879349994
287871693
447405891
27662600
163505280
22203756
15985455
16298441
421657756
1742804707
247723476
187578616
2188144670
108471631
1879607268
720822770704195584
2915111863
4121225056
511558463
15416505
630725815
3410689588
3610845615
54068475
3902353996
771198683098419201
240454812
2450575824
731205868826460160
26487169
16989178
949138237
324236072
785433139413913600
49736166
385427999
1389290000
18856867
18643437
23485648
389230624
998384479
1103558480
786599389326344192
381289719
108465379
792393470782636032
813806636707893248
2275448755
516839893
2902374821
16997512
712321196
822215679726100480
818927131883356161
818910970567344128
520449734
818876014390603776
762297834171359236
49103970
20776147
3018742509
2936340192
388983706
2658275654
4716938490
1592375250
712999409764663296
3181210090
784572872102739969
3260503620
774614125095817217
704709840862445568
793552355446755330
795266238725427201
809800311682502656
1862831041
775426149858045953
42786325
27522964
775696688489099264
1128132072
727854268934455296
726834650929348608
789959215
715979593090359296
2455494660
766285264855629824
758367012909232128
265481588
34441534
778880515004694528
778069546267619328
758776379215347712
2943060805
2598183050
362100909
2716396488
3076288518
766887418578427904
111778335
434708922
714838816884916228
3952661537
442331062
3296369028
3222676980
605974171
2167525794
196168350
246780780
605419220
3855272473
3958327401
4122226696
2540502402
4341897865
245047223
706058284952850434
455261114
712446640402145280
2945359946
711847292081475584
712984543133896704
4891804264
4898429954
708559788641128448
1474717591
1541861504
4765285755
703799098386751489
487039635
18794420
30694631
2902174159
374284455
3972215427
1669312890
2373401372
3394104999
3154508072
2596827180
2209980606
4862076872
