912729106344579074
1611941367844044801
1701975500392935424
799298797482348544
1699199721670348800
1650169771260821506
1642702032414052353
1128802381918015489
27696764
1585824927130652672
1502008244679725063
933495217
1181680423652532225
3938140035
887434912529338375
1530248869916950531
3958327401
1495014220714311686
1447112730264182787
3465050239
1554492803110998016
727284896
1453189472993091587
1296626755311034368
1251325050495463424
1499830950104080390
1606873030046654465
748919329585004544
996482244264054784
2558966161
1577540390684479489
15670857
205579364
3993485536
1364556856262279169
1538705932799987712
123278247
14989516
525457312
1586507627894345728
47735010
861299672819748865
402181258
986045458819833856
59001488
1446685581551947776
1615703774286254080
1276301915970830336
1515056919391588352
1054669807537156096
1146509923683131398
3630728115
394087611
1024930357
1274462945758642176
186953412
1602565127362019329
2982376319
1603181051035140097
1597363536161816577
2852570664
8865592
1482441894722359298
92844900
3668700561
1494648920
349142752
532561917
1563076658600427524
796151032208392192
1547227626791657472
1584566291985211394
4586937621
1483163163633856512
1545054868032798723
837913144819273729
1341192595624644609
1008718299998375936
920194815400198144
1321203011142610945
1179396972324802561
1262697537204555776
209693451
1001841532243148800
1394354150050258944
1299838319531044864
818490483257315328
965431702838566912
1431376295791824898
1332307680732516357
1366158585886040066
1041462123346440193
1161261376846946305
737776450925932544
1424751159550558208
1439960403338014729
1227611723504459781
1368233957129658500
926054168753709056
1003645782803861504
1348821498476306433
1144780199873122306
78456263
1382376686960963584
1319340723309785088
1496329835110621184
1557447608871837697
1490428448187113472
2496261259
1136301955016527874
1563877248033345537
1540197265150812160
1540457459793412102
1326951397628260353
588703829
1145217215609942016
855947347947335680
993802118128693253
1176671192985391104
3591987254
1496312248834342921
1141761433614594048
1540061848862658560
1056316671105761280
1531713401365204992
35199446
881204405483319296
1114822908080283648
1473185133989531648
3037066730
2616063847
14103530
1382226585068171264
1278251627984674818
1525138519857016833
599817378
1552578446856962048
910612885407113216
1518663059706986499
1533325978151399425
105369170
1201935772158439425
1145702015374438401
1309738248231583744
2383510675
1372522073478807554
799362330672984064
1167028576937480192
1347563421500248065
895998201819475969
1383580834695827468
1546228059367358464
1011254115953987585
1382480134758924291
1503136307878502400
1403778995645075460
1333851825032851457
1276715545551831041
1191411165127041024
1367611692230856705
1443410536482279429
829378055080701952
876763139798433792
939647234991325184
1025410166483832833
1376278599360188426
1268032640042414080
3843794352
1254951741096783873
1037809922300366849
877374924234653697
1477114926195957765
1020644338781605888
1334298002358489088
1104165722996043776
776384191739072512
1495585131678994433
1419690317758955521
1217797337675960320
21480702
1494151880020221955
752749220952625157
1175992423
1251900966770794498
2823797730
1352795578141437953
1294577026884669441
881920920885112832
1335237183234519040
1395944023337193472
1342642197422891011
1110718203519471616
1366049467460427783
1468662864353415170
2204609910
1268749167427543040
114249657
45072260
931594364010168321
787623139
29135938
1236832602742546435
1464791274561679362
605974171
1312857798401613824
1380911874
1335051121774223360
1412582528381337605
447522490
733065856058576896
43424420
4885613402
1652311
1441087720055443464
1357717304931479552
374594501
795479476822011904
908856245414531072
873427520074461186
1466751005035405314
1311739895787016192
1010901148008681478
54668670
1364420696919576588
1380150175545634818
1644734071
435463261
1157678444542660608
1257848033775169539
1338656378303508482
1120953847940124673
1644547279
2960348313
1385649514409779200
2882437746
27018747
1324827612875689984
1279517670874820608
2269500007
718369646152445952
79107932
1256394056365748224
891467130197217280
981320129546944513
3120263669
1332844822504226817
1061860628
93796170
896857073278996481
1132499461396213765
795801451851345921
1270194600356065281
1102987848741998592
1275581797246611467
779188582296670208
1287205026105106437
1348838989634027520
138906840
2391771324
547963881
226286968
2421117651
209099735
2258116511
1286100351024865281
1343626980894371840
1088611148419616769
1338934862183452673
940227190918189057
1007393863449735168
2193399722
622310854
369823338
290132637
373995260
993868921316036608
257186608
66533920
1239986988595453953
2772178498
859886790165094406
970082050886782977
624308178
1224715565757030400
947984296224096257
894637252248260608
816210054
291484612
2845913776
2852597261
182524533
2970721330
910248320009981952
1075758238811983873
1280948665125949440
2320745983
1177273426995818503
807976915
1074739395343904768
1232787618359848961
4842734604
3807079047
1166276426573783040
874445094384013312
893608329347465216
62031929
852688780708401152
2905890340
26306540
1216924614011449344
1320182914827481088
79827633
1312235461902041088
1112469503609327617
161488059
359358437
269375709
101005636
2646273925
1199133760312229889
423532685
596647322
1244667040964673536
951987589
1050402997954666496
1144774139896565760
339393845
2620082852
3232059391
1121521221294751750
1153060978524864513
1268688487403917313
16873037
807908498
119099353
970716252179136514
1110322581821771776
14276152
728586390103982080
18496186
15098373
1094146978160758784
67693241
1134969436237172741
58548124
869259764768927745
1068318909412122626
1304297759470620673
1216822711168765952
1223462935319568385
2287905214
3158234814
815767402810142721
2567780690
2895482429
1227734031900577812
20253396
895410561659396098
481676119
3290152525
843185758081110020
765909323545513984
1063961320532324353
965451112395415552
109640315
856991644134068224
3420421481
3108666882
1399788450
736759336488173569
36009071
23871945
488917013
17823790
2155495290
18544958
787922846
246815887
493206826
1286449376852934662
2918039334
1591824204
855573412944764928
863530055347064833
248469208
2181493660
1040629068264366080
3932768472
1086114601144467456
30458850
339925193
1256268979745652737
859409582426251269
1171963197601046529
739937259131174912
434458299
749016639287414784
715330985211142148
18931904
16148677
3028199534
355801015
25685281
44806891
271432134
3078863323
1249078342718033923
780461251591897088
831562457047040000
799603453
1106698965947432960
973576766651592704
1164176887712796672
928003134626127873
372659543
1925361308
360946333
618669291
943826963747278848
3267456386
2842717699
951967167926362112
829754846941167617
1238241715657388032
923793986
1604714503
479985705
2279624419
606749384
526916219
232901331
944759630131023872
1012478832807251968
21119632
3871722555
137245465
1009588379640528897
247091695
74317853
1976072839
1115555591777165312
196168350
1031747223569227776
177812997
1041044330092195840
200163448
83266010
2316003960
1011453632649318400
2555083470
957024008091955202
3292463759
750058381109436416
10222202
1945455806
317239925
1398514286
1557992204
1610828964
418991627
491719838
426802833
14434063
17221207
17642330
1082888585278193664
22547149
14411304
23970102
292929271
2638004450
2585869505
71674195
1052121042
888891855370432512
1956037735
2716301536
831859974
774758225245679616
4914384040
22642788
467939427
1131751871515750400
39308549
23635356
3112111780
948833488463052800
636896104
1083884006624522240
586035085
234163619
16146117
16740433
385568181
1210903046
400599700
871786657564966912
981329338510409728
762262602487652352
962650783182331904
1081097841223684096
896466491587080194
2178920368
1209936918
17243563
567303415
14728168
20064348
4041824789
48117116
35511525
271160889
16912983
2228878592
58579942
818948638890217473
4500576194
14246657
703699161183555585
2996328657
730143655902597120
252398355
2304017702
19310250
1088455018586488832
920789748368601088
2586724117
2218703688
282747242
70468535
18001922
40051702
79917675
32304381
855318254
21718571
857023777519042560
937422446323314688
95480831
249547283
1398479138
320524842
451746511
1120792252605968389
2967757113
14290185
1085993748029333505
107540451
31758975
4177202472
899648533510316032
2876378805
971217529053032448
120295432
15966258
1917731
27000730
160594322
1045108505324265474
20878297
18956073
1583865109
375721095
128372940
233000889
1250322626
35184346
24127811
4717892303
885838630928994304
2198772276
376749608
33280581
2846993037
989559312480546816
487914279
4021382183
1500129642
14134204
19599446
924836857988313088
1015620673648119808
935580000312426497
387153867
31047836
289548939
770735311257153536
169686021
273797376
67497155
722528529716383744
18208354
901145492389855234
3222213755
712730920760029187
449405724
96064139
273542042
15212187
1683907286
116286391
14669951
153966123
2315698776
426372329
2355686438
69666298
23022687
402187173
25235151
20770892
191280741
27020916
16113700
4923811
16193222
1955038620
1209417007
3250141399
955547560021606402
54412900
388983706
938866897239625728
249415256
299873415
34367582
217543151
391341766
84143049
3085259673
82447359
15170871
867361110
3018960919
43323409
1392956425
431071870
45316175
18087450
1680559656
22677397
892130360888352773
2480268229
20677726
30345764
197224469
3396493030
274891222
2908170952
165039823
35078551
1392951560
41203685
2788888368
537709549
30238204
62315248
2271284180
762389795037294592
4510755552
2393323908
43078558
27285798
1529340344
24544802
2510362008
2566050122
6351572
50772918
334053327
25101996
14839147
878247600096509952
1933042237
707787562195091456
3305598608
3381699850
20479813
139162440
715496304777015296
125128723
44988185
21149655
108465379
47253057
55376380
886896502617980928
2393063119
18061669
16868756
462104542
17941007
393469195
82151660
15816098
3192441942
801080366
80617430
24578794
4906853915
954124423
871961420598054912
18089606
884064438864752641
890258532272136192
711985460109774848
15576928
18005085
706959926879334400
47293791
37599351
2728672957
590211920
2876289873
1374878160
248113252
264501955
877625277567860737
3118705906
797311126325235712
3981225735
166751745
366517094
192538987
871958711505473536
2894032402
25694156
241201438
3349427633
858958176275877888
64229716
852208784
10292132
2316246829
284241195
264361128
722874740826701824
21888595
208155240
857009590952767489
3097763151
3337986080
789969215650422784
592730371
12612432
736989573201301504
606776750
606626730
9624742
17060573
695054484083470336
22799750
247981000
234548424
89820928
87165980
12354832
478855762
786220750034337792
707231479047315456
1035407102
4261318354
1694184882
26637348
50769180
3016071993
1350490724
739536307295158272
46190093
855088743824244736
836636674436182016
3347017152
1746316046
30815637
867908994
547424196
2557521
2789401818
742749379623165955
1531974344
67757679
2730285579
3294493286
20816085
8839632
762649892191932416
2705002822
2925976115
2914515430
22703645
4737826336
132482136
1065081534
558040899
214337395
15644999
116579971
68891100
35039490
115557718
857001662
471672239
10207502
216881337
326457795
2598183050
3416153772
249049500
4884814474
421151092
822655401460109314
779080734111830016
431969214
19017675
518078575
22800916
3294258552
600580221
2165194700
179245596
710877566748512257
15416505
195271137
810619093749559296
3221357514
247723476
18643437
78523300
118845216
37000209
7702542
16163639
16589206
224697103
15207668
11134252
20733972
20776147
826093318878670848
56561449
17469289
51241574
16815644
14293310
11856032
28785486
14173315
2467791
3108351
807095
759251
1367531
25429371
25413556
720293443260456960
75541946
475802156
245963716
52544275
39349894
39344374
108471631
22203756
822127086194348032
620571475
818927131883356161
822215673812119553
818910970567344128
818876014390603776
822215679726100480
25073877
