1473381597072273410
767086462214950912
958553557543759873
1284075234442702850
757639971805233156
1459979541502480388
1624954409779097608
1695021338266628096
1693973436849147904
1701330715214848000
1266215268302204929
1701966512045674496
1596144314861625345
1537199080341921795
1485285771141541892
989991181
1689138145491910656
1363628167328628736
1700710435861954560
1409418021399977987
1499254031851540480
1586020458239074305
1673104286383783939
1689021118324105216
323434087
1551696390925041664
1532476989721952256
1426883613967147014
3279998358
1560336332035162120
1621646840797036545
1216931768630153217
1689335465122615296
1646478041663565824
1332495262586183682
1557627149879840771
1674112972443238400
1296878691331592192
1000983274653700096
1663557717024448516
1273179751621038085
1500672234100297732
1428256548778692611
1684491043767562241
1680826373512871937
1683264130562621440
1162554110618537984
1627543517374341120
1676726831485943808
1654623006021373954
1339573739755876352
2744192965
1672349408703262721
1670997729533886465
1561805380547641346
1667706181786251268
1281688813060919296
1617185449734475776
1665176644372373505
1664038833233571849
1092002095098671104
1662199748848123904
1546188023024566273
1641738454902927360
1650548694243061769
1375051310731509761
947732793794220032
1656803064991342593
1649121891226091521
1114658130816794626
1649168019401187330
1646327386953187331
1649132055316377600
1648653208724570114
1400534698384838658
3302127881
1111813447145136128
1369920783779303426
701955154602496001
1631251827843907585
1617654522691584004
1587643022090665984
1359779429157863426
67229023
1627396643036229633
3206480092
1491687639694544897
1636505835386937354
1432076840143888400
752229130930978819
1459143773766758400
1168704174797840384
1445407351545155587
1634343711260778496
1571261226247659523
1568655251363725312
1100250683918508033
1321396860
1393334569303044097
546469573
1568982543164137477
1292952386454134784
933445315193122817
1569778036764975111
1613662447558090752
543190544
946090353249091584
363184700
1624703415203799040
1477813915484659713
1599847217275326465
1831397149
1382226585068171264
1618710101895913489
1595694098530406404
1435314765753044994
1251904715874435072
1622974564719333377
1551930064069169153
1582493212026994688
1516796043861573635
1261257555579461633
1621373148871675905
1723856072
1248343496513249280
1601946362505007106
1590406607040663553
974768252227289089
1533681243044335616
1615034900498743308
1603596879710806017
738318278636896256
1613192556807954433
1594799445236916245
1227279704945807360
1034528768793108481
3421301351
1588954204441296897
1595758067681054722
1587349726252236805
1547614228961341449
1595922721904463873
1559165081199398912
2772909821
1586768771372531713
908317734798282753
1590290753422598146
4671103291
1084806607186419712
601572553
1591780039095459840
1586847803438948354
1208985418722631680
1567307367196278787
1587552201387417603
1532743160841084934
1493788958786039808
1241085267940909056
1126498085532647426
1591177810491674625
604063941
1475192756494643207
719191142437400579
1535852464074723329
1603421402308415489
1598320826855604224
1602847270353108993
1097683257091592192
1324630075296403456
1601983399379570690
1553126755816411136
1514321431248650260
1601865512371249153
1211289126403620864
1546139769167544320
277982080
1323966856634552320
1599859010572017665
1375091623206514695
1082777724802875392
1599822995278774277
1499128218841980930
1600141249578782721
1492562817865691143
1599731457186054144
1544445713114963969
1577797989799976960
1064364342
1518255670696554496
1597381443239518209
1595295545685381120
1595312583657287681
1341790124925960192
1109530912511983616
1586936848818978817
1588395757106827264
1492148628089184258
1132693945979478017
812063344949481472
1593465127474544643
1586842622890582019
1588380774989824000
1590187882056228864
1572169036838080513
1592722641420427269
794967456213336065
1502258463790956549
1191261798508290053
1321176243006513154
869357068100272129
1591589932031787010
930966462402985984
1383694911313125382
1570186419447930880
1508134094227521540
1590429410095763456
609689272
1496874952632504323
1233637371830079490
1157033169939554305
1588031492562644992
1557430007965790208
1561969646567411714
1587991205329207297
400964204
1589410560503865344
1491441660638732296
423954520
1343288479296454663
1275272770407063553
1560751782124462081
1489734879340384256
1588469451539841025
1586814048557047808
1586857206070317058
833625522982813698
1542635911770415104
1414020956176191490
1507246452241747973
1447680928348786691
1530344373338120194
1534292097649491968
1496966336
1485837481002119169
1296958443287437313
1581714357821620229
1211040130707808258
1545436244422922240
1586833936063209472
1587227690032975873
1573672566883061760
1587102104363188227
1585341319127482369
1536814470151946247
1586592868436770816
1586780231599362061
1562700837784518657
1586051283806470144
1586109189956554753
1527841768481472513
1572651525763104771
767465088240484352
1586107338083078144
505198902
1462501218211692546
887397888728453120
1586062456845205508
1529947182010232832
1542250526116442113
1579606936114573313
1062329423196651520
1585993953928781825
1476197024911482883
1305652828367728645
874747680
563795656
1460237130685374470
1421602991073763329
724790322
1521548043832598529
1585867174220292096
1374796105
1487175344184782848
1491226581553057794
1377741568296239110
1037827169890840576
3112005175
1421176631356448777
1451272565620621316
738030587424952321
712267118461501440
1583420031966367745
1584997288606400513
1583653474235027456
1557166275159330816
1583069178180894723
1582097886954885121
1340333673820925952
1504471991146860560
1581482592825745408
1579225463305764864
1579547137649541129
1572687152462594050
1574838601699004417
4366822947
1569052687932559362
1497814194514763777
1277995173679714306
1349432482542845954
989950922611744768
1562564466566643712
1568055355502133249
1535697533988655111
1573002459877875713
1567214594883571716
1422595265501057028
1537206389935902725
1571313635263225857
870704172764495874
1429975483802820614
1181265991180935170
1568595712975175680
397446020
1563170220713263104
1535997256754774017
1548443285999366144
1556652598081556482
1560039299286028290
1313211047684255745
1450364979585052672
1562360090069389312
1176129335247429637
1422687081378222083
1496941439883829248
1453508027915587588
1385483171328835585
1389161854321238016
1557155464600772609
1511590446144925699
1558200598050131968
1426558717290557447
1556232531204243456
1538640359235936257
1490847066544914434
1540770165482307587
1190261317548085248
1549798446634307591
1550763553841364992
925034474580185088
869132539893624833
1548755313716854784
1541493727587405834
1544828761044004864
1545270511889854464
1545077578121216000
1496710023023575041
1595657558
1530620277138128896
1504224431824060423
1541842792208646144
1506409024274812937
1503490348747735043
1510567083758788609
1537120642759282688
1535927777278447616
1527414975618240537
1473894794468507648
1496897294867832838
1518543826398318598
1456273335348645907
1373845183918440452
1530706702064132097
1409727132436156418
1300199086285561858
1527602026825359363
1308039285371736066
2983117852
1527510929059061776
1309074417088180225
1526008498739417088
1469080672081952776
1054482065763241984
1524058384453935105
1368225563303960587
1375713781712478213
1423159199891083266
1523466116110196736
992548565523279872
1123818320
1458655531930120192
799329066436481028
1226703350214877185
2972254177
1495541056066174978
1403542022770901000
1515478071045984263
1503362274467229699
761978761583685632
1513243621624987651
1514595566646448131
1409218802370322435
1513822140088426498
1030651179271737345
1513158087410176005
2290219432
1508850186285637645
1433446668905680900
1481423256095764480
1023769718732120064
11768272
1510656628974047233
1446341412773982209
1328563136778027010
1497285922882211850
1468689810655170564
1445640575391186944
1509913938296639491
1344469974585380864
1251917386124591105
1382472968308199429
1477499947360702475
86997056
918216512669757440
1283506167591960576
1504891675621036034
1504528803074347010
1481832017243344900
1504197994274594817
872613790814150657
1503547158099808260
1502152667333754881
1483052908589498372
1280244809748357120
1129421711479386112
1169834632293957632
22451256
1499864132119453696
1431590842981097477
900853302161813504
1496676675467231232
1496914420974305281
1491467025813749769
717449149810143232
1478956862678597635
1492863911946858501
1495634041147637761
1491143512326385671
1480036776219750403
976310944677507072
1347721800805965825
1493011178771017730
1468566554107207680
1445661840403415043
1367229049333026821
1492570212293656588
3051353757
1107366906074488834
1486577592169758720
1335043126130577411
1271241330832879622
1488771013307424771
1487781426275794948
1350088117089402881
1490033055830097921
1490253499266961412
1507928832
4125940032
1490371628261277696
1081213251768205314
1041032058
1379143575103934464
1339853650328506368
150562768
1329515574649442304
1402982485198135300
1486053997232406528
1490107666684854272
1437123430973849603
1184023376513380352
1192500322033422337
1488740759654260737
1488612030328229892
1488546621998649355
41893497
1466773883797876737
1479831544290107398
1437800672146165763
1469361383200468997
2446328286
1216289554128424961
1246966743622434819
1438042424207499264
1476597126880808969
1473855258983944195
1137459825510510592
2811902767
1468750900332167170
756358728
580182575
1238500751938387969
1352059939695386627
1347375080049836032
1889103997
945744037281255426
1486075865137958918
1435000660819337220
1094364095384571906
1138501551297892358
1280869848650825733
1339609931830468610
1012091515328499712
1472764294584430592
40623261
1470818864401461252
1470520530310770689
1480019784796360711
1468948515967496192
1481860016323846153
1472258276813328388
1478127364399841290
1483979422009024516
1354567935818424321
1471189247038132224
1472093770724352001
1481649235095293952
845323838581702657
1481728557038510083
1266954979648176128
4753560374
2399158710
542836026
1469755976672755720
542516225
444109639
1478978562166296576
377600047
1247986437758255104
1475013021059751938
1438672767407337472
2797327347
1466797176265322500
1438736732292272134
709320410224001024
996704669844963328
1201574526347366405
1427118145173704707
1468265060757872641
1402553255343706115
1469506287486611459
1469129326603943937
866889727210733573
1421890350390464513
1152961613067984896
1471976816386711554
1473650040103223301
1010143062377598976
1253489415026085888
1471501011525111811
1188246439
1472704986433966094
1469068490762039299
1465716353780920333
1468855925523898368
3237275510
900400431519612928
1165126757587963904
1086368871479529472
1124339850419822592
2317688922
1692558972
1470581033703641097
1427330934391537665
1470455579491639305
1357042733509005312
1233075700439175169
1178861512695386114
1469032667656118278
1339768083922169857
1469660785009954821
1469619435551920132
3256032590
60067759
2769772881
1462507976376340482
1462183519925407748
1468484997313175556
1468080695105175554
1468191574634995721
4634347154
1468103927887446016
1468084268697931779
1467618555755696138
1430369959562072067
1468006600090664964
1273026620534767622
1441293492269977602
1284171196276387845
1052521886729588736
1247140836317581312
1466672681420419073
1467317011487223813
1467108373237833731
1859567647
1316738286027567106
979761997997801472
1453854978104307713
1467544222198808585
1045001319184879616
985231117476352000
1268235057002618883
106564808
1176533757622456328
1214643520067125248
1366565009128632322
314758686
1334924941842636800
2343867514
1368986690325385216
1254376457544974336
989902953493516288
1271904360427950080
2232133284
1294439492653383680
964720125080408064
1466757171547447302
1357193848661958656
1466891801365823490
1466758002984300551
1288773730441678849
1465973797484470277
4116261740
1336183227187224576
1099944444177121281
1424762289631203332
1407900897833897987
1454130806847332358
1464548132558098437
993955517650362369
1234704667629752320
1366906425826508806
2619269182
1463568288827510796
1264301344694792192
1427645569229541383
28965330
743481600638324736
1463696799579918338
1229951953779806209
1133048448863920128
2326252315
1010611903368843264
1040265093496225798
1302027963165274114
1462591212712607745
1439432308419964930
1324078624375451652
1369627756342951948
836282689938313216
1443112918145388544
1099343905634553856
930081468809957384
1452391065089036289
1396258771060465664
1267448103029878784
2946681561
1336009136434270209
928470267462144001
1254006807233626112
1451131758154498053
357732462
1456655802236915715
1460919917553799168
1431682721407983619
1338139873375641602
1006661687724924928
1391796240254345216
925934249533784065
1394847663640567808
1443263688853622787
1097001764941950976
1143132711734956032
1441456868971487234
1441023857192751104
1459850107520794630
1441953805583601668
1451186262497398803
1407570559442079748
1340073954820694016
1280388893511163904
1458122385048018947
890734700393902083
3076288518
1371723711418662912
935877294496854016
1456439565175214080
1292306673575448577
1275883528593514496
206828307
1029703470700548096
1454481620673703945
713478052286693378
1413205749786886144
2834621594
4402010416
1423843441650372608
1415306210400739328
1285627986260242439
823997121892323330
1298122007352139776
1388302638777835523
1454603822886789127
989937872051453952
1123857345036083201
1392930564030730240
3314486779
1448204750248239111
1452624427280068613
1294614338947428353
1435359026968104960
1453437633594421249
1250854903473463305
1334409202496724993
1441519024655925251
1451755835659595783
962342870656126976
1451432072870916098
1088277934878715904
2225652319
1864232346
1194116373661782016
1384611232922042369
1254519251462959104
899712013676429313
938489490942939138
892947219971788800
1284986366514696192
1450932672105263108
196817021
1450713506701971463
1059883746118303745
726660556778676224
2325716786
1402459067721949184
1170019337454964736
1449487420626546690
1449096620860219393
1427444252154507269
1448817356495413248
1325805135046586368
1325683714479824898
1343566522804015104
923546818218258432
725634029089902593
1245994748004798464
1293178141460987909
283612964
1445531192015540239
2996797754
1427340991699238917
1359080213246738434
1332867753166909440
1421914298369073156
2394012870
1409908643009548290
859250802
1411633385169096704
1423500910823677954
1268306100337569792
1445122540956012551
1384147116084236293
1246245108762148868
2358807008
709797578053984256
1422195281286864903
1384975323255746565
1447432599513681921
1440780394731741192
1250090389446557697
1253005207501406212
1009268883080048647
1446481916815822850
355774789
1436096462580969488
1402832766866165760
1375866973674823683
2960429250
1030344877869953025
1347696839773061120
2846635061
1716320390
275153432
1445367547654770690
1380251971098177536
1298013633436246017
1105717718647488512
1215319747887292416
1445327712470634497
1445116549174595592
1443974089773764612
1407052570246385668
1153572845240426496
1352664714124423169
1442578865889562624
1191752922733907968
1439659425715957761
1357416347957923842
1439995436983537671
22299835
1267376842467495936
1436208272436912128
1321972114514046977
1437432997272113154
1437175982386040834
1427738392339615747
2155289563
2902068421
1427783065225633793
1412200969723592707
956168652
47139269
1261209916624318464
36545419
878016080991727616
18387024
1202733378937724929
1185275651936473091
925368110
911169858594902016
90256318
1239590290366672897
1235339896925102080
1240887555932991489
1034259295599116288
475072885
1243195265743552515
1243607845293232129
3193283573
1320864996
1430130463574827009
1142620696054386689
1430278562716655620
1429477200231817219
2420789802
1429611050366869506
1366762066464374787
817683273098915841
2784415434
3290816533
1402273596874145801
1362449216035987460
1366755373126983684
3000465970
1255177517394264064
1428890971173969921
443719711
835063223657328640
1428123536258867200
1362808754148962314
403627595
1240360425620942849
1000732450773925890
79496431
1269336289205239809
1426325276208812038
1386096465362268165
551051164
1427419024426688512
1382992133779550213
1382449037572407296
1270467480176201728
1318847450157846528
214614606
1393232880038465540
1137216892958064640
1260586130199785479
2928700054
1244689612859150336
1012799183219232774
1422590451714969605
410145841
2487296163
542849497
1309852896985571328
999271093897703424
1229213850240770048
30340334
4736614814
1425625145171845124
1415423369349054464
824478099442200576
1268799298273259520
1341827746436165632
1366407036708278273
1424756346302382084
1390777614177013762
1353870044212695040
1144420786431811584
454600944
1099612676181975046
1024074640321380354
1423778028774203395
1392265911588032520
1423407608627617913
1359749749755113473
1402616239634235392
319201196
1422737620426280960
1296048170351329281
1133566917359394816
1403359192488972290
1304163269528223746
1422684305591963648
944011719604449282
758526938948526081
1421616893534904320
1317245696899227654
1212127933134852096
1178031818626551809
4503299541
1333212127939547137
1304618175355473920
25474495
1274842098689138688
1407217405051367426
1367564101799534603
1229835589530177536
1392224134336233472
773661561667936256
121867169
1369744971243327498
3394409609
1273349928840912896
1160818598975176705
3201683639
1338899697310830592
1156408659825451009
1367167683767263232
764461514011119616
1366148208334938120
1367077573214105600
2310504550
1376831248744775680
767906993424179201
845526103234138113
1419483689868689415
14443499
1333315633455443968
1408131348
742549842010865665
1380451475101474816
712260580833431553
1155785386301493248
1270433398004355072
1280002177310822400
45282919
373111064
822879276005527552
1377640379571376131
922831906093355008
1374434029819158547
1351086341589766144
3437075187
1388970420666261506
4787896637
1053116779071979520
155437686
898823055300014080
1394090317226418185
1101929172182712320
1375983994051964930
1382295296131149824
1417352143300874287
1028043173782802433
1307810687381463041
2262100846
109355228
1323435676549881861
1272216185665458176
1366477358224592897
1315907006629281792
1397588867180548103
1151548060146778113
1368594236543762433
1302909201648439296
1369722791893827584
3981706127
987349034850451457
1129804361771769857
1376388553131745281
1414531853600632834
1359822437496545282
1319328667525386241
1387831817160388613
3385907519
1398829358169526279
1320786471322816512
1003003079896326144
1231784779386966022
1383929721881194496
2543685858
1000846753
830389005111828480
515031877
1384825513156521985
1285757092700270593
2944310303
1413284254394589188
2162023106
1379573662077087744
891703781133602816
30786897
1367482223377588224
18727326
1396947567108370432
1412178902265565186
1349420057403777025
1367235265060691968
1411702001591795716
1411009462975012867
98181404
4809543600
1247278211286929419
1408577448183222275
1345127633521094658
1362010389446356993
2959801320
1389320175544066052
1282809036048457729
3319878395
1282479160850620417
2979361895
900716538264772608
1368376362612981763
19729919
706295336470351872
1036826958103863296
3253430696
1403803515051548675
1229114839110488064
1403436686802100224
1375873310043602953
1271392340226310144
1370731703728226304
732994518916726784
1165823842448592896
1356329684255043588
1359155673091686406
1088173458960338945
1010209400651419649
984244840996065280
1393477894312271872
1258123426641911808
1379103549829832707
44594285
3311210011
1361852688368074755
1254864672584544261
1405016157782949889
1404846624854228993
1201770434561216513
1398009153101123584
1373663509825921037
1249742372667142145
1352428283644637184
934198762863460352
414330772
1224029953391517701
1025833652599644161
388931131
2925734416
1172642782193881089
968012537454383104
1366575472482525186
1374243972692992005
1399749430916485121
976853859703427078
1345603722378964993
4301702380
1007427065958817794
1398419057574023174
1371921608877735942
1068132078317916160
1373569007643729934
1395563728624660481
1395040186447405058
964544023
1223647980319838210
868674086443954176
1172207350423392256
1395128711612149763
1393938866923528202
1392266663396007944
974796834144169984
1390800560983523329
821712023931260929
1379342008200794113
1333824841452040195
1633207080
1346979789983330309
1263953044359786497
1321203011142610945
173999655
1392882772927123456
1380148653847937024
1389029794805813248
1388126449249423363
1367000800124309506
1129589797
1379822160382939137
1328436281840381954
1385696951224602625
1366583017259499520
1384909293980430336
1347010013475299329
1381749099440050177
1290925531148554240
1378370921795305472
1362769513008279556
935575930692685829
1248329619280977920
1266961055848247296
839349504960790528
1367178031937249285
1217182912266887168
1338547796337709056
1379095924878807043
1379526186510991362
1213275904866050048
1295402867742986240
1213898751653249024
1193561170504015872
1337151218880311298
1375184610930393092
1230842038465200128
1369997992070176770
1366180276993470466
2165436328
1371803378737672194
1189610408128241666
4925513447
1366602724062547972
1195730570933886978
1021846178428846086
1375430880559165441
1040428780529975296
1375489305078980611
746844599558119424
1368698818083094536
3518449459
1374900994631368705
1372278133009825798
1367128446426619906
465105188
1366576530885902336
1367284695172546563
1366820419832066049
994458157111013381
1374262130589962246
750578281381003265
1367253795005206532
783267308
857678764901380096
1254679001009881089
1367962739331584000
1366795214552236035
1366393090769059849
1336426637370548225
1264677734527221765
1116973141547315200
1241242741016637440
779678910321688580
1246318637901848576
3307150086
3224661176
1350950056678088709
1352825800211324929
1348016201612611585
1274726478706626561
1137409687769559040
2703204348
1353508659612016640
1306618868299956228
1339617010280493059
863249766309867520
979491620402991104
1349287578294317057
1353530632194961408
1357365335733776386
1356876323335987201
1348687659171016705
937675680560664576
1077986802
1127773787913691136
469885692
1351461788693393411
1068979155092463616
793837390607495168
1000956306
430857295
890690760005365762
1251712866098372608
362509916
829058301912440832
3108441262
1336835840585056259
120639255
1064751398569553920
919897415397847040
1898323410
1246112409888096256
821687643876577284
1274612886975856642
1439420180
1260787189488762881
1260717975008575489
1323034219212349443
1348792294330269696
1306981912431529989
1319615261922762752
2794061010
1189919106537066496
1148743032
890928530376335362
1245882140300062722
422821487
1312190348907753472
1338841598164025345
1330388190495186944
724859894755672064
572545357
1329359932441837569
1342369769052401665
1498716703
1081656871889580033
264344431
1058783412872495104
1315344548780937216
1346905483815301122
1036769843469463552
1034359132806176769
1050606888646144002
1265048410970886152
1346882862809800710
1238987933744586753
4063081753
1344257009571528704
2990667863
1321882015017390081
999645205220528128
1173692775289765888
1201935772158439425
1344259117532258304
776633540419129344
3003372616
927331425015169026
981536402
1310292461068210179
1165046567902076931
1345801147374858241
1004379555564531712
1959159650
1257588955278524416
251870928
1339365098851340292
162847085
1341439907001217026
717584785229488130
1283195122570661889
1341762709528961028
722377970
591619602
715895463417815041
961798568653844481
1287073580715520000
1329033733861740546
958937008008826882
1339656039105486850
4867673157
949077483072212993
853340048774889472
1338963368653230082
1339200704477605889
422795601
1081043355948048384
2462105528
1143538011424153600
955123711262298112
1228537944367083520
1094343877681602560
1237317568492212224
815506378055942144
803917126155247616
1312197988014592000
1191786563954458630
1255115775339376641
1333842105056325634
1320957340502257664
986125811257434112
1244780623098716161
1334030274556956672
1150585999
1336182616450469888
888820834919383040
928182672651890688
1268544560503894016
1335502413432700929
2221699733
2394984492
1323402377693638657
1217225112887472131
1331929422941839365
714967941041819648
1247211052691005442
3242710032
1333827702030217223
1333684360352915457
1089245414505803776
1091186278081724416
1319583963740991488
1205959074480869376
1030628521612398594
1719731534
1331754966348775425
1332919821613273090
1270241856518008832
1148352932699525120
1332422639218987008
909694881425063941
1331771633384689664
1331085010959544322
1207837501773230081
1328038279791435776
2481816248
1256986160137723904
728188940411277318
1184511232398839808
2328186359
1329005792448696320
1272888713870282754
1315129673152692224
1268032640042414080
1268033042406203394
574058105
39038214
1326080370639593475
36699408
1190774087347396608
1327144901956554752
1326466270779244544
1009588379640528897
1308409015446179840
1325209342329589760
3283242398
1250316234844827648
1323838524240453632
1326516511561838593
971558866403012608
249863802
1325407743210033153
1232404815550074889
441390504
1289011047312101376
1320800210130509829
3181790966
1324702601586176003
718538068618190848
1239525049230647298
1024924988237742080
3580591819
1248061850387914752
1301658997661921281
992265295594049537
1307186985379885057
753206679596994565
1075257693496074240
1124019363831529473
1095735806197710851
51962749
1200878771013861377
1320176821774725120
2953869052
1306183065115463680
1275596592431730690
909934033492107265
1190641136001355776
1311701005831155713
3315030411
41778460
1324245140395986944
1145702015374438401
1313095007767855105
1001653422792163328
1252609382468255745
1323996517053640705
743902696789282816
821354320092364801
1071930942
881573289436393472
232407651
1324009003605786626
1128103124
1306998200239349761
1245126886252036097
176549261
1569742982
786596529796739072
1303861545429016577
1321529179486199809
1315333853385555968
857525965198512128
1278529605196865537
90714808
1336277768
936070147588132864
1732688216
1321383130637299719
927023348810436610
4384780642
74389807
1319347567222771712
972560517217873922
960906430957187072
1279605268716728320
3152121933
1318338672224210944
3025523753
532622087
1085652246069764096
1167853625780998144
1019328210188865542
925719614
1288226159080038400
1315860210347638785
1200228946840735744
1316205025652334595
1315796923266236417
1315728251499819008
1315405245762146304
1277685693523857411
1312153508846743553
1266584461543714816
1311746133060878336
1222771106274111488
1305425651139334150
4823488977
1314210983909318661
1277203286060220416
1209929497119608832
1323638826
854705866670559232
1290077344703680512
1294986220062334976
2802221676
1260187765502861312
4265960265
623369401
736787741258567680
1252340484619538437
984127341264859144
4749485121
1020782302518030336
1272732384690143233
1254474639310417920
803982151616229376
1853046224
129387109
1079772262121783296
1310714407891083265
1277871466038456321
1244114007578955779
966457246560464896
2635107415
773733053231468544
742375655162011648
1308138648911720450
1146883094181363712
735024071843426304
1251699871041687553
1106660565039095808
1309413336564498433
1884160712
2255086447
1156582404192178176
2290779984
805098435821076483
1085393086459625473
1093492286665736194
2714686797
1268087577913044996
1307451236984127488
3231089624
1056750340887011328
1881734166
271651766
1267257106652172289
775696688489099264
1270989887160934400
1306486961214050309
1170070871920300032
1275995302860857344
1304347569942859777
97066440
1081033132076400645
3068708338
2802453080
1244988297350348802
954741394605772806
2745345459
1216798087513104384
890420837127467008
2430199825
1029038070069436417
1096835302168121344
1220867320655966213
1210758675607851010
909701726206398464
1166691647268249602
1163281522708926464
1298408275365560320
3353551880
1304224799221190658
1304537279332069376
3366555129
1295922145080627206
925977871646064640
996272419
1285716449080668160
893098109647147010
947798014357327872
1078380194103218178
1164732810235654144
2489351545
1266439152494686208
1269824548523790336
1171665447013556224
1298340728402313219
1279535235764371456
1303087755912601600
1282476297067921415
833180232479707136
765325355720773632
1095408868673363969
1302479861425074176
1235703315511590913
399525582
1298113443015397377
3011988882
1302294124960382976
1039476968
2942536889
856176549195902977
101406138
1014925657
972902396
1145927024931852288
70654293
2254764196
1301772624272347138
4097022198
1299975498831982594
2230902829
1171177559343718403
1924048627
2267060758
752678334937436160
882344707
16009352
1283643993981509632
999405113167962112
2598164906
1278909781579833350
1362232351
761243051763335169
1054475220315074560
1298499087143071745
1196884702239453184
545597349
239010465
1300911790080040966
302349664
2603930946
1249525878037434368
1158767575427420160
1266992097371906049
1170642580440150016
1237884645116534785
476562608
885514682651607040
452672922
871613857751420929
1272224879929147392
1296860383542616064
63001807
2961518571
520103597
3063312100
362619238
1299435824719822848
1270783294913863681
2693613458
1255651867981307904
901275649
1267083108278558720
972302808790728710
993184393211600896
1040085744633700352
1240419222393630721
1918107420
1267910873202528260
1235689587130994688
2605440056
1285103158377631744
910898483472736256
1278773537982070784
3427962981
964846849453711360
1013127858963861506
884077790458523649
2233863416
1291355828365254656
221917400
1062395654696128513
1243642147829624833
1111073207082086400
1112903409865093121
1172233552223600640
1181469874398400512
895998201819475969
31282851
1289775557954007041
325979892
1050743652929163266
1296891472592031744
1290021157085810689
1292063417688367104
1028116790310842373
1181115966983290880
814314722740862976
784928097816674305
1022055263086374912
1266819691160403968
1145141450310660097
1073945154107686912
213314111
1195769886
915650000276815872
247578249
951880731667595265
93297122
1185978210254835713
290284390
1216564279354232832
1192808549631614977
17208769
971113309280915460
1059172521919033345
1280033644887912448
806870320032481282
1235743967062315008
954072981709512704
985549718871736320
30177205
2570291150
1280370441677344774
712440521717850112
878281868562624512
86403191
1138956830065868800
1096144555550928897
2562871410
1232294904644198400
1268971657990938626
1269409649683464192
1267178325090406400
1135926559037149189
599817378
392793993
2467237242
1156410221994160129
1076881753950834689
1251208069268168704
1290701071321649153
1199403411525046272
885996349442973696
2856146074
1289894097155751937
1149032446219804672
2914264909
1201883933278912513
1246258665935568898
707900448590536704
1280328834525458432
897002633302618112
1186713639551680513
486340573
1287159543428939776
1288554186578235392
946286572353110017
1188488405153452032
3814389975
949171982423281664
2148193498
4006173153
1287977265230278657
1256736290512556033
802290153314283524
1436578262
1280358183597293571
1220932257659179010
118121017
4833868619
1145650035377541120
896205182
847470893144039424
1266159767254376448
1197630612997312515
1121112348469673984
3214485311
3299083797
843285246367973376
1286036221706276865
739013222569807872
1114985387875811328
861701680286617600
1285446600890998784
1285122034796822528
4823851637
513735848
1689858882
2376975140
3899084008
3982517223
1123216923347619840
853406058269691904
1209206839780491264
882524476335771649
1243944708289806339
2955993675
2509188497
776752709953257472
1282769503194144771
1254892812207874050
365216658
4700528508
1133648261670154240
1065305375262588930
1120703795598692354
1111238428987936768
365993696
1184488191174283265
1159597326056525825
2349725856
391533332
1215078047260512259
2853172431
15878970
753771706284707841
746175767185399809
876505987091283968
1412767170
992506560197877760
1188074943600320513
772958156
1267124321249628160
779066234398728192
1061187792099696640
1189358336250130439
1229847645629407232
863056628928655363
977650882669109258
148638519
2416650420
1106981777292312576
405336315
4749996108
1082140243992621056
1275894767834951680
963307220598341632
1281286198284214272
151416108
1269879571375144960
776771336
968243855836393472
720826478
1096570301721255937
2317814605
1249281349946691584
835470806125854720
989198649052811265
826939746056359937
1045871229922508800
1200513170613428224
1717161398
1280201853947518976
1077944405925990401
1270048392060821505
1145074997750390785
1278811965197094914
1161261376846946305
1193197660997640193
942857612365664256
1005270420
1058545955258146816
479977990
2961368969
1279828137128407042
2762407365
1265021406951231489
1133772860034617345
1123423618355093506
982276876814073862
2897220190
831877939088207872
807595839308857347
1278538778928271361
1172992816772984833
2860926343
1272748486270652418
1274085990471208960
727121913043144704
917950002026221570
144104113
1277401594921877504
3093354281
1274740152930361344
1249592172950650880
841193448161988608
2151540818
1194108889698127872
997117660667129856
66880723
897076281673732096
3269928553
1277232162115325954
762879741518938118
914232016647999489
1178553106621067264
3195853250
4727959529
1182509542380363776
1235236426729623553
1227402742253195264
4764645196
1271601716622954496
1118886301825163264
1350510091
4550512462
48536848
1248027072003543041
1223123518868447232
555200027
1267920162679918592
1256290754969980929
1203004891784007681
887988572
1145242732060913664
3002268857
1255067935111970816
1275999446506057729
1274755852487065603
1273999768935686145
1243944280076541954
1275613478502330370
4316221756
1230338521468211206
1275483697353981952
828100643269210114
1264072712680595457
1275086707633856514
1275227945276186626
1059095809013284864
1271937244803272704
1242810900308013057
374312553
808270153
1072269140851855361
1236998608177725440
710137346784681984
34735606
1228414439222726656
718537258534461442
1032001285980147712
1273074121186914305
1150059359680061441
436463305
181144971
932749842442543104
1003010931096543232
551248957
778690201207963648
1169528833940180992
1273102163909238785
1210883090974789633
826545232774848512
866757882871660544
1162561714992406533
1117956343825084416
1266816367702859776
1270910737611816960
1112003189895806976
1270198865975705600
3643641857
743851918510809092
1113105408279818241
2456674280
1214232737575391238
1189420852120641541
1188893517097164800
69703018
1122979672558534658
959256334368567296
1067254563667918853
339616564
27294983
977700896841912320
800793767850582016
516793061
1268217333266345984
478096577
1235368532193484800
1226236967030931456
3523340837
2724471083
1178988967540219905
1255947344996155401
1133824389185773569
1192926785459150849
1243373894775582720
1212064166963343363
858573999512711168
1203345848484147201
730283351597297664
1261004936831270912
1270367730382839809
1270158454221680641
1269680238004338688
892709184084426753
371059477
998686565772808192
912672820760600576
1270035071706095617
1266157056152662016
1265667819745746944
1121716379298693122
195342992
1266602861422665729
1237413856265322497
1269584738756571138
1055847088116903937
1618492646
1158874604645101568
2712471252
997303271013437448
1234079805366325249
1143921326039715845
909916794617516032
618098805
3422695874
1265376264224899072
871940596239179776
22583033
1268999652751392772
1135239267272339457
1268176274780012546
1258177377823330304
1166109697683939329
1000307714944204806
1094601634439725057
1154079991858159617
1259834494544199686
1161973871634984961
1207457008175198208
1228838128867106818
1268407605405179905
1054646304125698049
158225244
1168526047618449408
550217281
1187768877280825345
1565584064
827226979514605568
1258772592015613952
22048382
909124676
62927244
822475816088895489
1070119782349848576
1217610720847765504
1268001324660129792
1150888428638281728
1618633172
965451112395415552
1265879356020158464
920880245133021185
1266578625203261442
1267629635422113792
728936599329886208
718600146619990017
748327206753959936
90234423
1081097841223684096
1048760358188568576
1266508746848473088
3093390662
705144718833946625
585944338
28674059
1655396540
1208890974811721728
47457078
1246271784350937089
1081386081327763459
1191210152696930304
1143890406649860096
1173822334177689601
564130586
1267357123417169920
1267117127544291335
135406005
1097941976442318848
106571989
422822471
1208435646186098688
2801577920
1131438437075116032
1190952186211115009
1267456045422690308
232230196
1101560328532439040
1191387434442874880
1146819922762326016
1076318917990203392
975057733
846204140384587776
534311737
1211857098654408704
4229097599
2481356845
442381948
1021250755783725056
821381458732482560
1252693995916058626
1193715383913439232
1263688525859434496
1264799669512744960
877897617883230209
4896028222
2278181154
1202945362211856385
1185775316960268289
709576090478645248
1242664642238955522
991654303109664768
1254436070533607425
500204114
1646232330
1973475774
801015504
1180168759064981504
1025126553246728192
1262321943992324096
4834521520
1262248427079032833
710318497050599426
523524148
1215740037461086208
254841109
1950382819
1185410173566930945
1073024178528366592
1261433082638450689
1260440695015460866
60189921
122206962
1247004926196080641
2432163182
4096058954
2619876197
1248557023316316161
1022581975503097856
3344809918
493911028
145663807
192698095
1886853420
3465840856
1201341280455987200
227245275
1069212893445582849
709260021717139456
1213151836955242496
1118546952436711424
1149108632245743617
724452593636892672
1241559513133658118
915316112379797505
1258870729136918528
1243389158703263746
1243235300522045441
4712888394
865884078
1258096680982818816
1700190547
3187914442
990681069765750785
703824025546420231
293639982
1226239704770715649
1233700917200863233
1133865317824962562
1245830525773729792
901697374225141761
928880801088864257
1181319298301734917
1196653610605645824
1230660405225250823
1180221549565087745
1192362686924898304
514628980
1634143141
1000675759399362561
4003232277
557917528
1014673377410387969
851845712497098752
1202312614442872832
1231683332553007104
152461353
1238243512791044098
1219118496006590464
459673878
1150483266241212417
3975109817
958382307760590848
939928536550400000
702247731524317184
1189916493569548288
1245887539938045952
57923402
802980223
853055464426397696
1246249782596812800
4851436799
1255058624847794176
1193684443279568896
1080920955499597824
1254929007725985794
3253904664
1254913828640313344
3579024135
1254471265831792640
346353732
899982851466289152
1154956957
1262671555
102024184
907979149
1252044859000717313
4498776677
990252048435302402
1023329980154036224
1207111623099334656
823858406670876673
1390231621
2372115786
2311076796
1246922839296315393
10553482
924367518302638080
85717059
1203735918496141318
1881935838
1245903460425445376
1038520733901770753
1212135505162203136
1239903524122767360
1200449011733450752
1137814794550071303
1055271368227348480
1709729083
2986374547
780951654371762176
836176852679028738
1220152096793608192
1235729541449965568
2232869809
1205585158306447360
699612453747855360
1211784762945236992
1235700070651064320
1603727436
23673933
1207140544025178112
252728647
444761516
837052374585856000
1245257167839481857
717438691
1175676959378092035
1012661984217534464
1006767182
4837838719
1597615747
1216955392896524288
1215518935128215553
4308699552
984083667323686912
1198428357479870464
1020436689775407104
1249954128660496384
1150385015928369152
1186472277573062657
797923808950841344
1205169639841513473
1247985293917118464
1129522007266213893
1112070520311296001
1249109740556152836
1105287392183898112
1158380205422940160
995355946917466114
1246960227523547136
1247999269086343168
1214833032416415745
1181657164559126528
129912810
736708533543018496
2966725606
1230990099560771585
1191923436693663744
1027230854
938786761018187777
463287576
205087141
1190428245163794432
706393442327379968
1210181623003504641
1227004949420179456
346339581
2985570993
1226955515948863488
1197588375328509954
732098484
1139311864532340737
72147752
1226266879305666561
714446259277406208
918655832392437760
896183347155804161
2790253495
1214582347376549888
1216685099292536833
774908042747912192
1197765765207752704
830484581153255425
1104888779507200002
550422164
1007041778086809602
749138063650004992
1127345605825708032
1077952128
283289538
2973391197
1224087932686020608
115107338
817884406140506112
1393746643
3319407468
110483583
2760955718
1218336944335347712
1225752164976463875
1223401627094138880
2795045768
98964474
355932166
2236648082
1162087693213425665
1210301370001174528
1256680388
1224143394454159365
1087646143394316288
1186005029737697280
1378702999
1344914504
1223388695371362309
3377338395
1050730495
3307483146
1060996666839482368
750787077017575424
1144406927981645824
2920500200
879690241329823749
1082398782896160768
1193597276951846913
1091818080030871552
420544398
2365367716
733553417516290048
882646025265131520
3386416133
817406786579922944
1218823224554938368
1068210480752328705
864288780177596416
1104131050689703936
1190733362694164480
1216569268453756928
2396456482
708422066488344577
871833586114199552
2385870444
1221190650080714759
299535831
797948544376328192
1214673453401493504
455015623
426081745
2856147505
1145765701963137024
964647262352805888
1073182988530151426
1175954221809770497
4890583469
4811077896
1203407308681863169
870805136733491200
1086766484498595840
1220357878025945091
2975833790
1090732081242689536
1219813738900910080
1220211238258520069
1219722412067119105
867052848810401793
834591883141713920
82702646
1211856061478498304
1518402325
4376932457
1013621573570326528
856552985584959488
504228747
1170517372882604032
1214615489042931713
1145950676255686658
1119893280702050305
1164665591707443206
766243697335889920
388836413
1215109894027694082
1210453190174527490
1218637563667329027
1212518496082391040
1206743682659082241
25923790
727961930602819584
1010413486671724544
900468439394828288
1212242038734778368
1216807364990586880
964868115678089217
1217815751454875648
2190657470
2964405749
866771086012231680
2789780223
1212331940088410112
4307500874
194232496
1197482404052520961
1215836477172736002
852170426415448065
2885512147
1184458238353399808
1213681855968399360
1013604170400784384
610018651
557325547
906151962718208001
1904479687
1216615080726388737
3404705159
264001475
779102958365519872
1133736355396280321
2189605195
1142606576110505989
44383157
737414603471212544
835431491110748160
1216276048268140545
50694599
1165013201412677632
1215876118751870976
353063903
1205174532467769347
2253520043
2994578243
1190401346056445953
912381330356400128
1266127448
1214672118513852416
936011103527677953
1214641943948513285
57558152
1038227820705542144
1213800000183885826
1040134474997145605
951878647920713728
2731225972
4214377179
796308288262602752
1054377568936255488
1212757194984181760
1213227519740014593
868896384329580545
210992660
711312995494723584
1034042455799283713
1175912025907716101
3156893682
1212453335606775809
357861230
2681450567
850265689021530112
1187811999775899649
1055115492036243458
299777921
1159113690177835009
2200829947
1006936449239994368
1211866035088838656
1190339632195497989
1211821040638103552
4769267063
1187432002506706944
986312089311563776
1947858685
2593307435
1038840175151996931
1211427668459057152
899323715225178112
1162060550035189761
926586493644128256
715515199227305984
2591157343
2684261
2196983786
967869941033590784
819671834
90630919
1902907915
1030670541814943744
1204388570787528704
2650060963
761899635980001280
3190419331
903205965662752768
2336178724
1088556450538897408
2843327567
38792692
3193954386
2955205077
64046698
1447296895
1205566326770679808
981990909494603777
1133506956042350593
1209159053273948162
1201589497445539841
1107837913708949504
1205254717615624193
1205498800011448321
896013582273564672
816050536147521537
82123157
1005263108032507905
710700376136273921
1116880144017297408
1256768736
1191457940814749696
792196162707161088
940790774555279360
898503165221498881
712126791754756097
556340661
1050584866096472064
1091180307183734784
877169420518514690
1208105839254556673
1559120059
1517163662
1722943975
1101633770820694022
1207700820285898758
347357907
3310041165
1142880279473917960
1137073218622238727
16191849
234060530
984951932
2307095754
975096450567823360
715045469584539648
915008310071431168
1027868338184056832
764461026662227968
260965421
1203091942373855233
627068499
1036361407439065088
617412267
3349572312
1114723849399091200
1013326455424483329
3439323405
87110073
970700321042391040
2314113780
793596466237431808
1111069953543815168
2596720625
1147315905946251267
69003654
2227612782
892810179250671616
56998343
953159782378196992
1026590627620904966
871099217628078080
1189026341338996737
1197127431628283904
2326088942
63532573
2949998061
1166901261330984960
861908275
1938806893
376131339
213145070
1183224435735748609
956496116
776853482137612292
943273399513575424
63167397
593913331
1025359971351846912
798536327243436032
1068245552779927552
1107460458179633154
1191325754614861825
1206727115074416640
1206666887486201857
1206599229839486976
1125881325993504775
1052372215159824386
1189972594524610560
1124903742950846464
1148636540471513092
1203717794191294464
281851419
1160949635189551104
767579886575874048
1165946872172670977
3379541332
1158515180604514305
784007000
1156412808801792000
1014932448860426240
1049791881146761216
1195865810226384896
1204188842514878464
986710329265676288
143696134
3154409728
1051118537421574146
1203493663952621568
2391234572
1104506483952312320
1202062848207273985
1000224311028797441
1167530904614559744
1010685509067268097
1137797476101054464
1166768932662992897
914144354041831426
1202302409609031683
1194356023118770176
4874590295
770372879393366017
914538571473784834
986058547124289536
1013860790070173696
3506914816
896213347296739328
230995003
2470392667
3311576625
1202405618692308992
2550794780
1187790774458433538
1169552210054791169
3400302013
1194893687307812865
634102919
2841773610
1075291580863561728
3140994577
1087022330818281472
1431857989
1157214413889429504
1141718729497161734
1189191714411597824
837820012018663426
914911372948967424
4820793141
92109145
3759598037
76401430
1124260316391596032
199008076
825246373683531776
1191139881998643200
1187017860335505408
2772280423
794080279
1062789211391188993
1285335752
1349585588
1038986641594109952
1161298693523419138
46815068
110949020
1135406269119025153
1047213406615425025
783823266871857153
1201661165740257280
824898129631727622
4911934594
108976041
2935974427
1180526638095839233
2475215048
1085394995232866306
1012795873942757377
1201332519943184384
985254182377672704
2279145393
949231355140952065
253821933
1179628071923654656
780851678731919360
840996059849596928
952803189220368384
1139385221512482816
3022622873
1200067916462473216
1111698114086211584
3892491586
355053353
1151905482875068419
1049458666007613440
859360777
1090912240100880384
1159868509180051456
1153140471260229632
1186667074900385796
938318630223273984
89319367
1019953779213561858
1118292785088614401
2972063303
4690178671
4197439880
2793081841
997092413607948288
4708493480
1046785295985901569
943309669157752832
1131694220304146437
754748567819022336
27144611
878330492
1094355847906500609
1038241472443641856
1200491741582942210
873402997442617344
1117953385607704576
435054092
2355296644
1200507064839217153
1195001382769692672
1184242641543860224
1200675938159091712
1074533894714769408
90591983
795044002718433280
770986074508185600
3615664040
706583931152416768
1185942086283071489
301108640
3321672545
1194763582661111808
351363616
1066510207092633601
63354194
932206613225545728
1169866536116310017
1155698948046303232
1105616942919020544
1111744188612259844
2455049024
908054723357544448
1171996456858734592
1117148458585075715
288744167
824057238369300480
1143970039592173573
816528129862692868
1004076715105226753
159238058
978034731580145664
1191139682966528000
4333718067
704865942052929536
1162168561206538240
1190388744311824385
1077790084408193024
1175980082080473089
1021149716464177157
1141439243144900611
1198963052902785024
1109570769154129921
1197327561061281794
1110378866533691392
1156283593766965248
2344156065
619795752
788794717806919682
1050875642739351552
1104745956933689346
1189983612860616704
1154481699318878213
4389650355
1183887715286126593
729538977150066688
1160267382037843968
1087033434747404291
1139286331690049537
3011619327
1171109588
955605832258936832
1153148445148024832
34160277
749438883436359680
1194686039102648320
1163315477214576647
4706210480
1035753172722176000
295964910
1195390566168707074
749455282854649856
1111664529635753985
363171194
1159063978456129536
978177753227800577
1161247717416460288
905211641440165888
1187021678460710912
1175424186816184320
1100404917896790016
2441722992
2706899486
118311621
929064286235910150
895355431148802050
1108960498836336642
158905401
1192552983705399312
1199878483016589312
990704913360539650
24636816
956767765586685952
958369371042340866
750399018
1195081760293478405
3313222987
1021196255605780490
818061246
2777313128
1105954045712392192
1152361076606025730
1197418286578851841
3003031099
2337008125
1115803330662535169
921461260260167680
1112111222994976768
1109920525747478529
1195814527151067136
2664360042
1115699822927826944
958113853216145409
986666739197980681
21614780
2157806131
1138963849753874433
847946368073297920
3712134195
275977505
1057665610220531713
1187423436492152832
2344358742
110962476
1151539046499225600
1662951212
4508367106
2147861042
2905289763
180826083
1157130751743156226
998039456
938867051971485696
984123103704907777
837246966824333312
1152086133460914176
1194450322372153344
1694914291
2290122559
1131673462924292105
312300729
525617317
786698183405633536
1095540151554473985
1079635713380024320
2908345559
1144562315293011968
1126955315860258819
1191363992683454464
1192905776756674563
977523985863684102
858498609095909379
923638116757450752
1171866849463504897
933149252687085568
1012425607764852737
852091473344573440
2789157908
1004915384380620802
1191086322771005442
1179204932941090816
871785033153077250
3171730780
1104770492043534336
1148571499114258433
1914396080
1149128775361339393
1187374883728048128
991902438100631557
40625585
1190417206884098052
1184195177658933249
1006565432546021376
1190361721115799552
1116401526120042497
1098328514170884097
2168348689
1190280947054370817
1087763721546547200
1161603482
914984788766937089
980212967311470592
1116766980596543488
1190111731235905537
717494825109622784
1646657264
310035157
1187131553392087040
2387147406
1173258506339831808
1189977863027642368
1187825535226789893
1089596748966711296
1160975862
2717529713
1086337982964092930
1130891582482276352
1064120413
373607914
1018641569572970496
770113668948357121
1624629090
746409014523682816
951521535310880774
1551662718
1158854792514560007
466152880
1183073182409990144
1078534927115796481
27847285
1135355840402268160
2331797572
1189839874653933574
153688178
42235429
1144780864858935296
711526490
768490571241558017
1175887150820278278
980489980639313921
1187519840761864192
1186884509314109440
1183393607048482816
614801315
2957785398
3137688802
914538312467132416
2906287415
1172306021827538944
1010074453408034816
3267456386
1083217609821044736
1069361054835245056
928820708762898434
883023418291097601
1181421380681814017
754373634320310272
1075216949347577856
1182330623651913728
1183213442775187456
1188631077201559553
1143169722340519937
2363136258
4486219096
746377068892524544
801679291335528448
942054689725669376
942274125623566336
629989299
2702145980
1138265991132209154
1380012342
1351152434
1132988551107350529
977240397276680195
908863517050028034
771724322
1112778122129227780
2413021099
1186058379044761600
2802762728
1155189061923028992
842881413531811841
31060669
991741161013415938
3120306118
1037372973185937409
777764734468812801
3480737596
867170604
847917872
1149695727699759104
3843250046
1121862424267767810
1133041264151203842
1136933295244152835
7701252
1089568487335292930
883451948674035712
63717776
1134755825526890496
1184993489592782848
1260802135
1020151888988303361
1166145491861671938
1186913896939974656
1181302495991226368
2432468786
789236825860796416
1159618606654787584
1078125765080858624
1171816449670729729
892121929116778500
1186135888570601472
3282787087
1173146915917258753
976972086647324677
809634353391271936
1086917954204184579
817442159381069824
189971573
919520304753504256
1009656283840929792
1179900335071981568
2752029255
2586123608
1088720407849508864
1097720211082493957
1136793172871405568
1170730575042404352
1182243393520521217
1143507509447135232
741041871393153026
1620844316
2842576054
897350820508913664
1168936379583270912
396852487
1081497004948123648
2530913162
1058030460813668352
1090540843876835328
1150068333502484480
2269132008
1146496642700308481
865685025009811456
1176353463992668165
1181361305606860806
1180187819396026369
1022443694656577536
2725569358
1174180198721495040
755525689
1176624876054036481
1116022263491461120
982577416769064961
910214105600012293
837791554408493058
925241465709711360
2574197140
1522508088
1124769278438400008
1068727205931425792
1173348081951289344
1158174096066301952
1138897598041878528
1173598968946843650
4641772220
1147678163427823616
1160554608546258946
1163051747964624896
1165831597318397952
1157731479369191424
1029689485695623168
2949545831
989040753992183808
1125369226376744960
741412580
1071452227523538945
1147538802
1172443457643659269
1104735450265092097
1057646041657470977
1098828514424320001
1155676942319927296
1156296541264580608
9287122
33440039
1130550252522676227
830935242575867904
1133886017281245184
1727668796
860355559
746707887083266048
1171200563758948352
871932656560353282
751548100121128960
1158844130614624257
1133126958429040640
210421372
1322286746
1170416215694532613
1111813560492060678
2963236245
850561049799667712
1170823887665487878
1166216246120988673
2320245122
1140104356873699329
4754023709
102911418
1245114234
1166660954890760193
1019658238831149056
2306538869
803765775723020288
323648210
1091796548609019906
1534962612
812136906485993476
776907865286213632
4529971048
2612914956
2755468624
1938667700
132725140
1169651316697776128
1169696097729687553
1165468200584323072
1157788002564923392
1128271078529351680
1169036108275027968
389416399
1118532599323004929
1154866245885419520
258666542
286144633
184973503
2764465073
1146776767383973888
1167509667150352384
1325617352
1128296472372400128
756932875061080065
294872277
724950496696524800
789573976150384640
1090870059537522689
4853185607
1027954207146557441
949039144088588313
851529288864210945
940252163690942470
1076147070908751872
974902823195500544
731858308655632385
783074571968716800
340064536
3063402374
140920803
1105567415138729984
708908111784861698
744575254169681920
272617795
936577445037203456
1165623565154213888
1161323955510239232
1034975469446352898
1061622009803751424
2784157366
1164621612353671168
736214254194417664
1153636160775831552
1159194068838166530
551601164
1149913453533917184
1139972336373944320
833632584143822848
1160604019053748224
3381571155
840433985939419136
1145978778759438341
4487256253
971498870772584448
1084673927622873088
170319593
412051486
1159905984837488640
41061716
851871974368456704
1037341913907691520
854458799578529792
1058493108621590529
1582122084
828008123356966912
371056689
1042426749060112384
1006314452843728896
1142488109654904834
3478386553
945048278395219968
223232718
1107790788623134722
163495385
248190001
1158871460582187008
861658361623793668
23633551
1096189997370298368
1141421994417823744
1157864170219606017
488684401
2531061067
2292794890
55140644
109264139
1108044601720487936
1158074760976224256
1105288748349054976
1084577943987384321
302992754
941345087157612550
1017976095013048320
925634731571425280
747086384914010113
1470871082
2355689808
2358804746
1151335320622964737
406343649
1153010776615071751
873219228383322113
913524827402760193
321325044
794157602095534080
1156867716541747201
1058344087957487616
942764200849485826
410836915
1139938335055601664
55716306
616755894
1042967341448024064
1632335780
928670419585875969
1114260351212773377
2181943688
1562084419
1129960333144145921
1096828724195012608
4368961095
758970635859005445
2763048042
3335498679
1086259354855264256
1455802657
978707251430088706
1140792445321515008
143945813
1151315188068388865
367251139
1065077491965005824
242828949
387915095
1154015782612979718
824106523567628288
1139564012880969733
1069720356552916996
1095839797975965696
994949630222712840
1021867899764408320
386215227
392299276
1056993324593082369
986001007
1038916694813507585
1053856725684633600
721788566175485953
1149828331937959936
797577148592779266
1071649577193721856
884034952500842496
965440880508317696
785025136516747264
890035116642373636
949580237838344192
1115769517299372033
960822482738573312
280845250
1145754975198502912
1147233224264945664
1150172530319273986
4548885736
1147762199282061312
372588546
3420266177
844251061535817728
1058079524699672578
1003645782803861504
746158854212198402
2285429016
1136150643070996480
3342991953
894587941456162816
1065464738312802304
3135095179
1149314120266715136
4497682306
1194161634
321579047
366771667
3168427848
2485802396
1071213733911977984
1019820244691443712
1106388793089613824
1148348104539852800
1024846865832062976
968532078118756352
755965572727189504
827816956455743494
1363569630
22848539
265030359
876051229134159872
1075751621907415041
1108567404861407233
2923950742
2602686098
1146444864294400001
783639912293687296
1146333828941672448
1147200661819396097
2163733142
955213691611484160
1145145708284186624
1081735764042547200
922267018526707712
3314352173
1131537896484331520
713906011850084352
924478805015531520
484907292
1151542729
1035995662607835136
371291140
1070324841771876357
972335241581883392
737391648284368898
1138806356427780097
1066440869849546752
1057242004285882368
965693789192032265
1143934963
1110362484408344576
981623092945485824
1037154378098987008
1047556683000700928
2337819896
856007518069370880
828716125152276480
909882725544407041
866752414245953538
1141479795580112896
1130862229736308738
946527450275737602
825688238635544576
1131990943526195202
3303378830
1376175572
739605765577682944
968550061868240897
1081631826152706048
1130267147660345344
594967966
1025472724150366208
2690628133
844434316943904768
894657331849420801
1190959004
37940292
479721305
179288725
729273375172874241
778299238979473408
883570482
1004386700116799489
962305471783739392
501933765
19717233
31015961
773734047646351360
753227600642863105
768874275893760001
2734560689
1009072198307500038
1013925684555599872
969589061764636673
3011751863
1133421700220096514
1138543357280641024
1027853035190595584
994357658290278402
922163414390181889
1077394736581881857
1048743055292080128
833508932756897792
985125233408512000
1141545728113807361
931185181838446593
350109509
2241588636
794030445490880512
970884857126506496
1084453199199784962
792286843
472474233
40753111
516817511
1141937740025483264
1115979749426438144
