59550291
3419210573
2350724678
445003254
2734574376
1518792898749284352
1677364188623130624
1343054210858946560
1616297624188895232
816474741196193793
953595964153106433
1653158535709212673
360406171
1518735234040315905
1096037705790750721
3080762782
1673349356043337728
401675584
761135909274316800
292734716
1086052105604005888
1621908010804150277
1517412290328473601
1416963462983561219
1548690190683713548
392992201
33332251
947823661
1675870386528079872
1610444737806204928
1608305339371331585
777159380294782976
1518746049392766978
96015533
1457171758738403332
1595069234442215424
1484681649853980673
59855422
246236637
189305014
2960939139
2693229229
1658226872486969344
1229502078718029830
1001676966548959232
1601218588018458624
1513263444165894148
2894032402
2281112444
816809496186068992
1667359810394652676
1540801222772494336
2221489760
1666076981845192704
1631927295005843456
1492007194388279333
1592001702055608320
1558561668204052485
1569914455059824641
1579455680884391938
1518755177473396736
2310725229
1641129721646952448
1656415868337926145
956543009658671104
1650611905520697344
897058816226844672
1653050284942274560
1603461341326544908
1649767919260250115
2372231498
815626547260510208
1591561356951650315
1010274287591161856
67295413
1603997064626479104
1180871463395454979
1649807471416844293
31700619
2966848055
813081714717237248
23769223
755602366062133248
1596916622677221376
1597938796078800896
1585972318593077250
1518709627927633920
815715505638174720
3095499278
1622967781745623046
3353061012
17855815
1643623987325403139
216881337
175161093
843636970538618880
2941174578
1288319695658135552
1215644691968024576
876736198382944256
1388944566892388352
17434665
1598380209903902720
15568684
2947402835
1288523300600250375
1514721731025506317
1633539073095655436
1519846534837329920
1589253722605031425
1511211290013802498
411380833
1307973602889826309
74963542
1610583778807652354
1540439850977034243
763525941112864768
1102259054
1599950933458386945
3843640245
22928810
266354456
1176026136117166080
2313682291
1383748514719551498
89842963
24996451
347313041
1456081524827332615
15927336
1383526776412860417
742087387510153216
1427476600744988672
1019756820087353346
983352919494979585
959175162640916481
1611987448770486272
1494827266542555140
1619886709604339714
51143313
935947988307918848
1390105233242550273
1609564021
54248457
2377725654
708789388969259008
1489396994372157449
929298247297925120
1501279347944173578
3939574932
926624462
1355347989821186058
3096147528
466864852
1526711328550883328
1601523506029764609
182563991
892953117234352129
537709549
20878297
1432026116420775940
1493994606568030215
1369403358084296710
1585283153475866625
1046102582643642373
1555324385652707328
1614876731113873409
1613318936925245443
392388579
1349701846445641730
34490881
85425228
1586053079094493186
1963882993
808132927292866561
1519705433442766848
1603359422935359490
19737700
2565360157
1600307346458042369
1556111325687943169
1374968033265864706
2991765577
1446813263526772736
1506412939707760645
817754190
4740141678
1577487090312531969
1558978409489141760
1585594233032826880
1602628371426549763
1587032050489507840
1426965176180363268
1548788126939758598
1590010894657855488
1518742276477964291
36134346
1077970982
1594176993972690945
2988940508
1492670054541844482
1586462014389604352
1594389314955354120
376206064
1530638279195996165
47253057
1519234961009692673
20831539
791757121972940800
38491215
1548038342737989632
1577761560394665984
1408822774093664262
1096636321
1601738140141719555
904409355440635904
91703452
1582233453139005440
1025858087524040704
379690254
271957908
1430511212048134148
1589672427901964289
1419413162550509573
247059289
32505738
814293126336626688
22609841
82237204
1319287761048723458
38235968
1242110566841417731
1456270716442005509
825501626
348241769
1541210669244043264
1517291984335118338
1585846165467238404
38271276
317375275
333357345
800209886546014208
1449087131998171138
54653299
17337857
52044150
52799854
324971448
278698733
2883487858
1213318928245510144
1511074777708085258
1365523120434475010
1586120858283790336
1595868404866506754
105355215
1337455793914822657
123755473
1426003075991494658
1231156038
3763923435
1891778234
1890265316
832336297641512960
3010012933
1595056837308579843
1518945729192075266
926868226654404608
1361344716772700171
3819289353
1475223525212536834
1297650911775424517
1187835922118787073
1594214359336632320
63444969
916114570833551360
17228366
17719177
138167222
1551736994442760192
276703550
95092020
1519034775549485059
1574910151122886657
1475998447773880327
1589018616925753346
267379159
1393700151911280641
2918484647
1184968515549310976
3836967918
1445931567998816260
1586190100492345345
1581496553415606272
1590541958732300289
796728065078525956
1589751873397047297
1588985053308239872
28021635
2206128030
24212955
1261026510804267014
1562131593258483713
958122389891682309
783509913246904321
1563297516808183811
1565471830793756673
1589106171897679873
3421170076
1355569849628581890
1458830535879323655
1002526165775650817
1402741518717313034
582192994
1541485059366166533
1094366781450346496
1526910036106260480
1391436348477689857
142339174
1586046408993505280
1586197805537775616
23078405
833580955
1586731163892285442
1465340303926181888
1380545633954766851
886859203
1097610693703094277
4448602943
723567415993344000
1385183749575299073
110542860
2874102076
28614262
1434582967
1584976815294226433
24072835
868543906237100032
19720019
1485495438
1552881595283128320
19208457
1317568613189062656
2680192368
3290169982
806347865073315844
1576418949641691143
775870494897803264
8723282
478937638
1426303432470716418
1580951141352882177
1121865104658718720
1381158538228162562
931170896
1518882164443648001
1512229127255994375
926138392890327040
979798349443420161
1051129297514172416
321954654
3313785009
1417870154667548674
2551266673
820062107924361218
1408882682910609414
1193301483627929601
928885370
1479840741715165187
39286438
1003007811679219712
148867097
881645382
1527987530876043265
11917342
1407849760221011971
50108272
3419594272
1577688245957279747
1518980247085006848
1441077598637936641
1486068736306167823
1400214238245789697
1524759280397787138
899058288595226625
14602051
444197859
954234055393935360
1041274424987607040
796383305117507584
1575169066884427779
408928972
458357703
1406065423318126592
15588032
35590318
1558443554455928833
2425231
759279244832862208
1364243173078261767
1072176061381861376
4303301236
4840255932
861238456202276866
184041822
51408393
1413322857145245696
26763046
505015820
129037428
43232530
1552795969959636992
1545119532733399041
937435666606149634
20394822
1445194859976011780
1558826707552960514
754531050
1220499998208593921
1158910502254366720
1560611334257008640
4854866921
263824156
1239742202
2614032692
1519367440911765506
715302667782893569
997638434394066944
316897838
24824899
85678234
1640926820
1477071867219304449
726750375101886464
1361064276421578754
176563445
2972870754
4855849985
864013628
1490073692289839109
1539579530381254656
769922822
1519351756563664897
1377782581018689541
1427714822100197383
974232954548371463
1446932149148344320
1097307966213160961
907030550
1362131893894930438
348778908
1408642524902838272
1267973798625775616
751309993375391744
1381031101435674626
1222539520308105223
22286602
1271077527507931136
1082197856
14105071
558061687
1441180342744875016
16228479
15874918
1518661347055001601
1446465174
976593574732222465
950900891384713216
2991672427
2386193832
1091777771850944512
108104154
1421061381210714115
28693346
471575365
832680461851693058
1500129642
841039711678418945
1483590988262162436
357107140
1461730871942082562
68021407
1429987475330584577
1518778012572999683
1075233450708385793
1458126736059731968
1526677725813022726
879086253945364483
1420077617206730755
262015311
2200307099
874808680381808640
1494714438510948353
966330789473419265
1506787475322200065
1496221667500122115
1519863796558348288
535643852
98941260
1479686050574336002
427385632
1413909787746656269
629884158
359403242
1146027390100893696
1283057539458818050
1245649418973351941
1486056795051335682
808080314
1021461090671030272
1507937517189963776
613934526
991518440920842247
1481789785802952708
1519147935702921219
1469388180784824322
1519636634949586945
1519338139600494593
1345530100989747202
447515561
1518676323715141635
1518753548116365312
1504644726003314716
2783603171
1159803952562618368
1491227330781536260
1505941951727685636
1173405077597564929
1516251501894639617
578406977
1315719032834850822
2409440058
960226339629535232
37584540
3975692834
1497629741821706243
830169519842873345
1120769983418646529
1492594782438408194
1478740378341842955
2764242773
1509216502381223936
1505743077901807623
830519086421516288
1254867032035586048
1089948585335107584
39501483
881485129
2696582767
1357495103456227331
17250790
1310706589033086976
1248952390444822528
1493371966522339329
1329171068196622337
1492193985321910281
1281591405224300545
1117789343874207744
4730732546
2984847277
3177025910
51268934
120728377
1247243091515498502
84465252
1485428175639396352
1330644474356240386
192766064
1309334924
940655170106650624
709973837
42227578
1855015285
89310985
865953314323615744
1465433311
1497408416217812992
1491916053445849088
1491848198477991941
23803092
1267978491686817793
16869718
946500085545914368
738401158515953664
1245647601199747073
1491067469804584960
1260703179747942401
1272965437521907715
4865550959
4911055007
1326964373538148353
1454806530168131586
1492236313696768002
1296495416180170753
1418685158379696133
4834277499
1227283231709564932
16813900
497174361
1170869871971885056
52423849
1465347964252180493
1355721251180961792
759135544173555714
1394680198705123329
1330274087218851852
1355954396543275016
1553122327
17443185
437347673
966280572
1144076303039193089
897645545866502144
1454400978455773195
260026173
2750127259
3951254849
1291347136026759168
3309829231
1460085385380478982
1038902649276510208
1447963026104127498
1481399867557744647
1105625901839065088
2842774042
1393363410763583490
1247974417491247106
2851315711
33608041
2935585568
57441414
1061354022718857216
1216157396978077696
741785108
1443700999252848652
532166320
763567741076959232
910604435486887937
1365321765958930432
1253490125834801154
1443000690817871873
1317591317124468737
525433340
1356101051682701312
1234977700198174721
16876198
2831836970
898759943393816576
1026576700610621441
51353652
1009560837734846464
1315438769957470208
911286476
1437148499288731652
830600291301081089
1034797123554955265
758567667653632000
2908035263
881705115190743044
1424022801560875010
1431020912220983303
56471847
1347943916377571331
1606029594
4249328180
796714058527477762
1281359903035097089
1372937486662516746
1320551055843799040
1387726426548449281
1467931973616386052
1240566579806470144
1432054546239533058
63747073
1198716341345275905
1467325904070270979
925371858857398273
1394697605859381257
4519638443
39065858
1139029234163245056
1400586522588594178
54065567
776091004311044096
1241141261458755584
535328937
1464710590958612482
918035388
774089965458354176
1348038758839406592
998637114
34936059
1387397312985681920
1064274308812292096
1387962247595663374
534881613
1103720552
15104314
708397511992545280
1398442591276969986
3958850177
1428829038362116099
126759489
1064476441
1260686168091492358
881143392062783488
1336500614302351362
838046850238271489
1448422783864745986
2780416996
46134857
2833164631
1260259364771819520
209667075
1390174202909667328
1360615250
1374024870212861955
1460465757339500548
858411727532081152
958710532617441285
3093551696
1249578344
1366922313447444480
974388566414503936
1312871448462209024
2327176585
1201670995435646976
761548191959441408
1458186288461459474
1349017400268779520
2749829462
1405557910617395208
525750541
1359294309422530562
1429511671031152651
256125712
1514480400
1100174151996882947
242618658
245441097
95713297
235738079
43290837
1365733187188588545
1069255388
33905880
2376475740
248976538
844699896611553280
713392710346866688
1306641385194426368
957441994623766529
1266914462600171520
1248625569366867970
1289537533987237893
875456582468947968
30106118
717247706
16190478
1225610576107204608
385142016
1566018488
1410465827003027461
1051307945240203264
1174707222653394945
875015794664648704
929935975685296128
391522178
16193763
22943998
1158897325516812289
735776310
1305718070955192320
20485834
330675150
24452840
1411661006569459717
1422710293747179520
1410656110369931269
994024716280172544
1345043965846949889
259547968
996842095972364288
1350996545185980420
80889480
1367917554950344704
1383200986974474240
2324823740
909649335889129474
1168784746819796992
393969873
383435042
984971043793178624
1430174965643497495
988904239
1422691752939565059
1111858442896060417
926158148053893120
1348595786569932800
812712868105900033
786626903314575360
25722009
23260313
931296693567533058
841373511734177794
1059136373289033729
1180199480181891072
15046490
814105829121150977
1088122630471847937
780191049637588992
1360719364329119745
991021356761395201
918264167265636352
806771844
525666852
1141464593769934850
732903753070809088
1172887713625923584
1344512850
1433492577978888193
59339346
14606451
1168647774939865088
83140368
599844433
1380249357560188933
503704053
1377369662208491521
860697966
1435634606083133442
1434769239341154308
20366600
2863083106
381678556
1098091506886471680
772934961766608897
988926541953298432
618340841
295815228
782620709977661440
776843875688194048
245035028
1520884548
469046420
1062112519752433664
1371483875025813508
1121412745386233857
1268575454400843778
941943944
1002402877485338624
508862647
1351753325004410880
952638109174386688
882365113864511488
2273952690
884845076
787072922372321280
1397240157435269132
2371597305
1192580467091890176
1167880023023476736
16380482
2244245231
885701172
1398687963438010374
57012308
1202205522
3661238533
1427378041257353217
45272842
787280636230897664
1158462200576528384
39844876
1400250191765139456
1347677764401455105
878973020794109954
882357070204424193
4793894052
1032819151981699075
115773444
1430033430834814976
1274927000680124416
843833098685071362
338426064
46671731
792806400
1008847868
787976137
3380031165
839613940543991808
4225860012
1414727265120919554
1421353072710889473
43704707
1428848612004540421
1089598081212039168
822538160039227393
2540712878
1320848483734089728
3296293669
988190144799825921
1364014407433469957
1347758903828877313
479953114
966836251402866694
702608902
1184727222663438338
327126454
1151908584126652417
974827653390852097
1019425875824082944
2831810910
1352078207005175812
1091094318838960128
835623805884248064
1082500537147363328
1408667879625560064
1363717939468267527
1421537846217912321
1406640463
1420149598337781761
798134711671554049
894570912686776321
527007725
797544507487227904
3020131375
746927667681734657
21374730
15785302
1354986725857177606
2179489816
1351711467909894148
22987681
791069195324694528
1048508346511372289
1048215674986942464
1078405624071892995
1238822761121943553
2342344777
1568851314
613397041
786375859775176704
1398824554789670920
436480746
62365344
42915647
404067673
30387315
1390762874809761793
1000261252432543744
772529887
1365086833969889283
113700310
815330441209073664
4318275734
1384573738264383491
1401907184804392960
1400623684008792069
910682919399776258
1534117225
1412918985927036938
753364769717915648
1329920450336591881
1309371716297281537
1269016138790428674
888591782153338880
1399900930628325379
1286763252064690176
936349586834296832
453137916
1411321590671892480
422743893
557363591
1225504355115204611
2751360492
951288071441567745
1162050198056701953
866906190
4871778565
1400816934132793348
2730264319
1103058788494598146
4917066265
1092828176718286848
1157074269609877505
1353584818915782656
920646754009264128
758104264535257088
1090618807
538457857
261868669
1358516098635735042
785964482895818755
1320323886412595200
43035478
358956687
38316057
264934107
1203443003488124928
594622650
720152206650028032
1270531866634878977
818949428727992321
34742011
1235428077762686977
492824309
1252278268385869825
2992966515
3331885857
36633239
1281657223
1324365034718289921
981675752759484427
1399329152008962052
1045276034
327016681
1334008805991002112
882630994301521926
1200616796295847936
1401061591362195457
36266589
860329890
422078695
791089712043814912
577490875
1206345346458230784
1225483444848865280
1391781052499304451
21129350
3944531
3074484262
975197788442050566
1220122221210996736
911439423467851781
1678687734
49312630
1182995498271154176
1656237828
705902960967094272
997838955327373313
705434861113315328
832380807947890688
611773413
20889007
4026083074
1326229737551912960
978886747873513472
1312061638976118786
313071619
1050073191274766336
1381399634837434373
1387958068684546050
1400999640934367237
312848382
913737368061882369
871499656165036032
1326513400617308168
523654106
1138301816540499970
346448652
911457728
27103714
875384117537406981
756689149780959232
68577152
1324374725754277889
3836980276
904191421158010880
1250314978776633347
295254127
28756573
1398802134393516034
1378151549613060099
385711643
1009242790042198016
2484821442
1393273733339664387
1368742045976653824
1001670572386988033
933693476
397569549
1311845287531630603
937456754627026944
791403489901633536
27752424
1246317758280687616
36261465
976124518065373184
2328704276
1266138493933293569
53800275
20831529
1213852041065287685
2839374404
26039613
1212806053907185664
1149827733196816396
24711796
1311284579492339718
707896588073447425
1361582050881503233
49160033
914214545882726400
275536540
1144982615939780608
1283839559323844609
1216135416
2575286384
886258543892062213
727323616006836224
1391147502745833482
762389795037294592
4190559035
1392939830548615174
26443775
1377505945652142084
574032254
886832413
1399148563
902926941413453824
1393178876621332486
1393967358524284933
755048061190057984
1002176828315000832
815595930846134272
891981252
976144183302991872
2506397183
1309123142
930918035803709441
923131681
713884906162532352
407351373
959825703976943617
1143980649411489795
1354546688967454725
1061382503817048064
15249510
303274404
1387497871751196672
1338206874
1322384672
937166242208763904
1356248804899565569
1371359720259342338
572139833
1310980162096443393
1237650734965035010
839099917121511425
1363513279092506625
880151412025434112
1253329932773556231
714538042229305344
1267171531844653063
1004754426849087488
1267460886735794179
1093866041430736896
934531822481948672
1332359073807949825
815630357617774592
250657681
1262407810270314502
737446994109726720
1248354754557861888
1348258222344433665
898572959375392768
1337957072420417536
26033727
29858989
1389360201996832771
2891697490
1232692903
1096173835
381234311
1292858687204270082
3433704993
1372461571310559232
3359503481
1357129864889831425
1371745606784446466
2919908100
1350205823729938434
124824681
1386496924019089411
1383887723212132354
4649374704
17561940
1379578106005102592
885556788291969024
911011433147654144
1366256262921523205
1128258178255183872
2235729541
1107757714384535552
908472159571517440
1154457602010599425
161791896
738103389238726657
1369676959324770308
910110294625492992
483502837
835264814247206912
747136125161078786
1315652294931894272
1378814286101876742
1108010890408968192
89517375
1293015055622115336
874445980564807681
1353040053602316289
27479025
940371478704508928
1348474806698696704
1226744019075682307
2965129619
802042941959045120
14101483
16458715
1183852973421662208
498456439
838203047104765952
565727267
75184478
304691522
40914533
3117266464
103288817
2530123341
125128723
69969023
1406090924
2843683049
291874773
1178415134278115335
1007989022478819328
1282567163660898306
2889737399
940085621338513409
44444993
833141720128823296
1281633369349136387
3173044516
1115693604670803968
245606269
1293374178704465920
714985367
580034998
16918332
2392168422
961359678365224960
91230236
395548450
921409323145859072
1213493869611868160
1149099054514737153
28737408
849357427
711603302
30740119
4823865435
3544341617
1186390827804909571
1086971942861709313
1039575300613365761
1172282724301922305
1205938173152497669
1097743254693371904
630428077
361073523
901524256575676416
17603702
2386795926
542414934
36430025
54852698
3313329508
79356186
924829128494387200
121574367
18433619
278060417
17929151
2218331971
1268328548353241088
1267122231148249088
1338846377049284611
779035598451380225
1267268125025853442
190251322
22060684
1347685795423989760
1286783284521979904
23391410
702364327685332992
1108549655762219008
1260552306782810112
39108691
1106669033447931904
916787510822436864
14826029
388290152
204444440
1350910667134443520
943883051989221376
373620043
39363886
83202218
26175308
1355718880417746951
478290267
21651982
708459111038357504
1282418324228337665
868578294916145152
1338571285224288257
79637939
1313671003114008578
1352606882662379522
1378473236
1317513407881486339
734703626099232768
278215497
824108592001351680
2284041356
2346311317
1167493910685519877
4923359257
1160743263491493888
993244639141380096
44290258
51750389
41063062
42760278
1024340841328984064
21829541
762024240
2616209796
729908832822923264
1347699823219142657
1428924541
68498856
491496782
759149978648387584
3264454478
1214172493
719207572306145280
213072536
329143901
1082373519533633536
4158198712
1217831863802368000
102466306
563507587
178000749
821169760452767744
860876582
929527040587464705
18289867
853701419257413632
1347045123318804480
4519482326
1228085121632350215
1087226053
942418893435531264
1263247652797505537
1118632266425602048
736231032899264513
1513392108
19243787
1248019741312155649
2250475422
788483856
797724557713043456
14238194
1224031901134073856
823264625164550144
765797106
1343247090298859522
3523245677
1295980854284623873
51294103
1256250540864032771
1260016913305923591
131396187
1273262803571310593
1314941554050490373
1256866556971069441
24587367
1630778671
1242167500827176960
1302054316186972160
1300152370924531715
145390008
958755194212405248
1260936630522843136
788903203160981504
52281272
1197308905346469888
1275381146591940609
270488734
16240246
963499883834507275
199825746
13966702
615596553
811308100799954944
29303633
1309566462282133507
108413795
26510423
1268214116818333697
33120678
717392641
600490768
1113457478304399360
453736591
3349598134
926418021484318720
1300807153880567810
760263090503950336
922167055
874353234617520128
31270683
2330478312
1327141792807071749
1338250993062973440
1271159702785794049
3241568540
4858969834
1296675397891846149
215990540
4684338900
59191258
529633251
3404732146
258546506
299366584
2411042573
760154411167383552
1717300417
822936456679358465
1287719456286875648
1873473560
61123667
257555429
42944778
1087002148620128256
797018282
862156099
817034369311395841
1318276027764903942
1323602047992799232
1144781144510144512
1189895940
3079453951
1327775709658566663
1268886602585010178
1180209026086424577
19826563
69105912
2476399100
4833207443
2259421699
1270132007176220674
1323247027581558784
53958573
788464098052808708
912082855966240770
1146759200
1569364716
15120897
1083532497563070464
4306263074
1294704644854296577
2782290468
48451711
462142965
1334678004358729729
1308940883044241409
1212436112129458176
704943112217608193
826065164504006657
1337531542114078722
1334300969266507782
1344034196138979329
20227816
545559905
824236838772686850
2352629311
777611781715943424
1085225533623783424
1251642027038724099
953803252826591232
1078770002713559040
254690767
826243427872280576
940430173517811714
857001662
1104188499631079424
1309680727483731968
331020289
1107894591070572545
1122171384
1152180563178115072
1337923030891302913
2237539798
711653083529551873
406290234
222846092
47973591
924470435185676291
1236405703675265024
55868339
822551064486481920
33417701
158180728
748964694388453377
149681153
1305440275989516288
924701111545712640
769533635976310785
3551446154
2656878260
772882574
1213622098641313793
259001548
208155240
201066140
111400999
2299826742
229141520
1268688487403917313
736989573201301504
1290635110149169152
1060573081935249409
814557784956084224
1315494090717372418
366187165
927753506685095937
1436346672
1312961026749607936
105132841
717862238565101568
941863394348535808
15392486
36715753
1079660873529073664
925791099800580096
127294812
1192506883183173632
1049730877234827266
710594571739271169
1308478634701848587
1252590974330699777
1332071973866835973
831568484
575653615
903377622
1226360882
2407719122
851499307735949318
1301672481217015813
1243945158892273664
45628979
1219705677154783233
51755096
29548812
217443487
834163051465158657
1009640141659496448
65787584
1187909702568431616
1049426893341151233
56815800
2727390144
1307884917238497280
1517850536
23684807
1006644479724421122
16092256
1237612672373248000
1277940805722951680
364214133
3670955358
1004677725506998272
714234573345931264
1229886344979238912
165039823
17997121
1308166664832389120
1101461131
33824716
1147996271246008321
1147658480297369602
1068229809166262272
1062510886936629249
1066848047479644160
376707797
934049237628841984
769715436879351809
175424781
133283353
1812055789
1025274127383494656
1319829804691132424
799258718445649920
844910488786030592
24063171
227812044
112003373
63294399
758412843582578689
597031193
966697102792364032
20265591
1216458325
756103458726567936
37447675
588532665
844842169
74118897
711355959608614912
2238881913
540853600
707292871225962496
1194966299790761984
2255537071
993172599193522176
27290804
890292754432970752
786979628279799808
384114194
2570133180
3227484185
302977510
954780644
18208354
17603305
1324559402330812416
1323754514839719936
4746047119
963549334443831299
1354639616
4509862400
1901916354
153519312
725491998732521477
1054393224574484481
822444246569549824
2197653524
894436309
885316532
1050798001
2376596682
294586562
1213222853849440257
1321639162928340992
2191884285
36030707
817942084904632321
868808773523124229
1081912921821724674
1292419120651264001
1072134990383669248
61643864
15384025
260434835
835295855422783489
3168590448
29131076
774699551764525056
1254919604821823488
1181183318
2773918108
301676098
893428490
991018373227003904
1296971136459132929
4019103014
815942542269313025
1288207803115614208
381950496
584546251
1036026416201003008
32352896
497382276
1306650793659990016
911707113281458182
23948939
946088849670729729
34623971
1202251686
1305925111275352064
838033969954320385
749317602464374784
35677138
1213528085749854211
34916539
1215810207357587463
1303015738907734017
511303859
259545059
529556077
1148371684514074624
146290496
898175651953487872
389812969
1183876425368997889
2175089487
1020685231961997317
37353755
525745600
33416880
785188777752825856
828291445345775617
768199352196005888
1217172263981789187
766442726850199552
1015248162
4681028370
4227568655
1646973566
18584875
91583544
32936695
364318199
1057711024588107777
383931957
1028061297005551621
1225622509745102848
1165438595227955201
875807737665531907
754869118789160961
977684583864037376
834560773
1038307283070066688
751596676888997888
30328904
26612590
212895969
878875272904404992
1136299995219578881
867245421256749057
1175121060523642880
797157111360786433
824760155506098176
3147243972
491063215
795754146846543872
756696723028717569
741370303675129856
760214706153852929
928066263288635392
462600779
825094094649180162
1345510304
3340217921
3406452627
819217419075981312
34759202
993696318563463168
1008671142201249792
84856880
782441976582975489
991036863745011713
239173432
1244088777456455685
955960414382194688
25837289
2347313202
2323913196
1032041245403701248
1292193612332175362
2486327882
1267809977877610496
1206727093947641857
36441443
1194370186595512326
174805669
1279842310805651457
746119523326103553
46315077
1241533786812080129
965724110276972544
204194660
176810152
875020834242539523
899076544437432320
932797190581473280
1475384442
3223025919
1193603935480758280
387331760
948906400222187520
61591041
801496513126006785
2866376744
348736567
1027916385534521344
839915725
787979090892431362
812695286367797248
3472911554
194614041
788049408092962816
762032440747622400
824298458861412352
1052350285924962304
1257385458310488064
44384359
762845122547503105
168541923
4228579579
836732283839209472
785571823324835840
1191733036133552128
840990678
864498645126729729
757904270813491200
1250908253707481088
4411104040
49177460
1731221024
1056651751116419072
957509302419410945
2970734537
2335860865
229338913
1285799816602279943
893166842730164224
939547878158143488
88595017
1287470767358251008
1008715553261981696
47454797
226264386
1282490175075971072
4860242541
1018733287219564545
747802933
4563974475
171691424
2151688938
2235180788
487161380
1242281356916183042
592730371
1084375028
66923871
19725105
885197367003295748
1046392966514786304
782737922638295040
47090485
233178766
803860786594521088
850739620547526656
2404771226
1389210565
975589089620578304
1226966974401515521
787786544312713216
1273262001238704128
887482399
90480218
1277831679097241600
283303356
703933830
46178899
1119821611
466235592
547247002
5820642
515191515
1263219045706403844
1264223030932275201
23216541
419731891
2744915079
847449216238592002
68045552
1286140985471389697
1166436288
197996907
16208179
4279970259
818481730013294594
612640031
724774298997641217
1131125592
722528529716383744
784934719871815680
431167009
59300707
2890492573
4184416077
1198971296727613442
3620387182
3299733357
1018253189160886274
23307816
894818261576986624
1171502592532201474
1185219130116444165
711563738617262080
49794860
4023946289
27661183
782302527412801536
1144128948240035840
956446330645180416
249134961
868493917574049793
2984470174
30202966
138730296
954365927629484034
711453595
821560779673665542
2562702453
1049863882745905152
874884547955105792
1011373302525366273
1209119429688209408
530936070
138396629
1902620107
2252882065
20216723
270994711
1167260768
26755296
598802590
785181004931538944
1143934963
719365655066095616
790807244682113024
2885866624
979462380773085184
832312958
896835572173549568
917980223345512449
805400955009241088
1668760046
2166653307
26188976
3746006490
4819604715
56178099
427443197
1010147876578656256
261041048
398428757
169269597
1369789748
493546880
253138173
871050457
22322805
785982771944525825
66144291
34492387
1240378332505493504
2875786412
96021946
158403886
68731186
779745378929213440
272174944
474552165
815266632373182464
968256859420344320
973239052064428033
22798864
610525317
109026034
1623440497
1266419818653237249
587056469
193153496
33761872
40896353
814966575161810945
2946782393
1057072667017334786
245460129
456274497
804902895296528384
155137985
18269760
785908275950878720
990684374780796930
409507255
1113999044857278464
790274527280246784
488956318
57311507
553184010
786385130285740032
18344385
2631589398
1274494115116388358
1112601221884342272
1203177816793210880
874685227
796022130534137856
433659115
1125825833317302272
25674822
1074091678892347392
996940421409529857
2740479405
165644959
45935274
3433053033
1276211847843254273
48007310
31051296
825151316557172738
347500861
3122408507
1002822683363561472
724603880
754393868443979776
1182824370563178497
874696817270718468
1258494400130416640
1031958417248677889
1001535792437760000
2988754660
1035371151223087104
19559114
275524883
916007970256891909
2788427625
497631791
421924127
29610349
177019129
1204141040275345408
803995914914430980
5747252
2416412929
21404730
742081133655953410
1007039910333722625
40282906
1084845138399002625
1076543041182359552
44520200
803644274034118656
1005815797397311488
912515398033186816
822232135448657920
1062697942560243712
1206758162377969665
1086660935173984257
1903600231
3192899577
728650984474476544
733994838656307200
993983858918993920
60124376
1037554748
2202267883
1229206488763244544
769714638653100032
1671360055
28848621
1184104927280295936
1192606970
1089308757035794432
935546252305076224
252847278
16538134
802687399
14134077
1001772096035442688
1033484908214267905
1115220375326085120
799609981121138690
794310570
872836573129318401
1002962030255591425
989793715249180672
309943119
763180569345654784
1661183672
804435407400095745
25145373
900541730
177584156
1239578214831239170
1051937009671913472
823261267175555073
824472044913983488
16106484
760627542458003456
4447802053
132235973
20545835
41981259
351745361
900380055343431680
714647220268744704
1101687126104584192
865967433919721473
787637721967845377
3316259853
1107341107644559360
896144856766189568
107288394
431698111
3947076802
2432310906
1426443408
1120521351079399424
1211204573232164864
792154521015169024
1269348875070066689
1143999479156072448
813998942174068736
997606267496599560
744118276788097024
50772918
1150202411736358912
1268965019393445888
1267525343520358400
1236771875172343809
1057719697674829826
1019696724011569152
240760644
2215097797
620571475
823367015830323201
1632772304
1383528961
1251267317184425984
75105480
812369311964823557
413140264
334715818
130684893
879036258
2301527762
1166269634405908480
1257318242
758959077435121664
454513795
355854830
742183174260723712
2566050122
3020919971
867147453161721856
1178863692517130240
1168602904623747075
846408061
44196397
756820197726715904
30335514
424114202
710233906084073472
28282790
461758805
1047979705318744064
31261507
1094609586781409280
28229915
1227133059453026306
1212274870672740354
3310061541
860751908943917056
192960105
34409451
785256721732075520
803257620890927104
1255442614410764292
948218488887312384
732912661
575641962
2956423968
1110366406321803264
1043630215
1140349490320117760
193308918
1254256666238992384
2842753576
3333282858
822454489802276865
578982710
785602794917097473
344968943
389441319
717551184479854592
788361775125176320
1207313538815078400
87274760
1972231922
1167559027
1039612765344649216
1213874306515554306
556366612
2335458098
389857052
65388754
453689153
1221335001515446273
2980648341
977543359026941952
54666213
90241441
823546431311114240
480428249
837802235501273090
1255627526690529284
21784951
1112995437001097216
2438831503
29648122
1170029571942563842
795822463531753472
1043576740910485505
957723040888033287
757832485
924685884
797067604875739137
38531995
542751106
3579471617
805552999
2638470127
1012785012289277952
821541662677667840
35767916
1589371008
2651190312
838102086210433025
26002250
1235349886305959938
584886849
46382134
293267862
542962969
17812515
4120844415
1232685446670491652
1219070336475504642
1163544478688456704
1219011477396426753
2862850600
540924218
1048661033907363842
1326316266
2867253812
3046673706
1013941320166117376
20265662
131361119
1166217222919901185
583252309
1025960361445523456
874969762094305280
932640844032520192
278888992
3396169492
68819317
47187389
1335035928
426942372
14483814
737728260847620096
926133548225982464
483142337
4234369106
27213807
305133972
24140867
1081717483168514049
1191450623943811075
43382550
892096197510389760
260597641
1709219202
847996616082456576
4779292217
918220528057495552
1236797785418223617
1067411521557471232
2730256118
1113329899127955457
957363987032702976
1244786666709098497
2782468024
950764473572298752
1230534989890097154
880504866186997760
3229941445
822992926410231809
15985213
799466445251952641
869072395222515712
807399219862458368
891101580623323136
3303875630
888567816412164096
3145194679
788537929593421824
41653964
3320162235
1849839132
3645029299
24078289
713425705996922881
42368505
4281810921
4446290353
2856495518
36840596
3065301110
908330088231428098
1083551928821448710
457950863
4484701047
15897226
710883241599709185
826129656856207360
92771077
19236097
818112274514792448
1234512097
1214429424055193600
567236589
1158885201101172738
1092942211061149697
952253962228465664
821182480396890112
340659134
160404593
185044856
737211805
705187900455985152
445738248
743417949323665408
1459282344
444525421
371243679
2325576042
789456763695271936
3425187802
719273408438083586
951903612568993793
900942674366144513
4214136858
383034224
21374227
567255395
4180964592
3348453609
3406473039
378877566
16009327
959505157095673856
888926029724733442
63193918
786628460374556672
892107493978939392
338008227
143446033
2291880624
180143783
715028114
67461516
28074283
253169452
345656467
1045571762
905959864601587713
2227412202
885176858542735360
821886017703673860
1098435483624001537
934622961981579264
815219950453297157
2608820132
42394594
1137417404873609216
1594642194
822600033799376896
191292799
1091766683688005632
756353997716332544
883734316886491136
1015060798287302656
959816456065175554
17563848
281373704
887164529007673344
1130687192374874113
821463997249622017
1210330664790319106
1692584340
972155605740871680
421372159
1016368529224826880
870149492603006976
36169320
1243650156337041408
501358969
295086632
485918074
1240565717940011010
1175149920145367042
34983785
958837405368373248
1046417341872046080
314459108
982640749824151553
60333572
1105424935
79468315
1244042614980182017
1043635928068239360
540073678
45971460
799802480670298112
1220580511
918210848459550720
54710825
29355399
1196441152486072320
986781648
953790774797152256
32598110
556955675
29788830
803797150354313217
3995778614
2865078826
608471241
266816841
816979609916993536
741112440545386496
735587667186978817
1109152011348557824
3310111235
793044632
1213227521392558080
1197282076019634177
786537051852148742
52919610
960962340
731608385645318144
232268199
777611503658610688
236973242
1006174635308797952
454307035
960189337320161281
604180786
3791902877
992204358254284800
15725659
1232450421807030273
1537826988
918112288565022720
3698097080
737506416710160384
834231437457027075
858946272
35081245
464215072
60403024
3433022621
713596213564727296
4465281556
3184384026
107210351
1072154884118597633
3079168775
2854367879
444903098
315994858
58840114
538350190
43704370
990416813904232448
761618486858768384
769025252
1062465792212717574
35051304
2463789685
827523329527541761
1227640942045196288
1166325906266345473
1107505925743493120
771018174724583424
174618314
907890871231803392
793194936267145216
3354073994
1217553032075972610
1177481025330372609
1539718424
24025768
1224340134444716032
3306259338
15826553
767694208945778688
895382604454690816
821534955721277440
1204284617232011264
558182738
1220384458177687556
1356992605
904789082
17614200
15207668
1074480192
1249982359
22203756
52544275
818876014390603776
818927131883356161
174470829
1108772204936859648
849342841
25429371
948531701990469633
700753804325625856
805497703505350656
63219728
707768776725385217
873149821208715265
787361383524380672
814300323733012480
2535892999
2788124209
75592503
94132483
3423521273
3006600919
4189308280
610136142
52338305
15986949
60680268
2985479932
786188574810968064
977639698960191489
726568300415705088
990009732135088129
103999662
38196838
189742236
3296504462
1080066374938939392
968260376654700544
2150174025
22663306
3407135421
35875573
987107885946728451
1061345084
847121269413818368
1208566919898353665
68888750
44884247
394677099
967451771563053056
520504740
721855952
98956941
917410092106076161
4081106480
3047722897
16320885
24295482
5658202
804879206568120320
115749048
14662354
16740433
767960339547774976
814672726069805057
757355300571717633
869591141582331905
756504036354904064
31246318
2955312788
879763096868462592
4484423373
948688862
225646187
2962813893
109579534
3939294374
442742605
1538021545
1183104087786541056
2426423666
708266625707937792
226196228
3199192864
832680836
269614454
252649665
107819488
2502895924
17469289
18856867
28587919
867223526822096898
10773962
791009392741195777
358545917
292388879
3932768472
27164642
827232362446491648
967461944574791680
961445378
711678474147078144
83497570
704111452475531264
21883791
31047836
1072468822928564224
1052225335318712320
50397179
817350448000729088
486887685
406313212
1016260688
1202612571301384194
1121327121723527168
413363813
820059490305314816
1039997624965885955
1470671262
328792601
19714591
2782361627
793242950327234560
81284896
1042570771946721280
1175553754449502209
777186073000763392
2172796308
2203811954
1169709948160348160
922232249793122309
2176476241
237692696
879548970082721792
1087858010909786113
831320691580497920
1179569588972843009
1103459186728423424
2554131522
3390731
221514083
170861207
3195591187
34082620
2941665345
214924095
792660210
167603204
826104850194653186
913539750149070849
4893637685
717100737067520000
822462665910063105
61283362
872579555650752512
118845216
897956568
986604148362809345
1044663875000504320
124627831
845689249
4048852873
83258609
1176004076
795977247224172544
270412323
39384517
1201953403099893760
717529891680313345
817158775610179584
822215679726100480
1166103352285061126
839669449468805120
34813109
55083909
1055749891
958786718513160192
1106446767296409600
1161017824137138176
958064770019741696
2327400218
1688198707
1419006656
934463078913024006
15416505
762081700671348740
836553342
716140200
884257383094079490
176140471
929070545898835968
1064147945535270912
899623220730572800
315905182
72328041
1194770389634895873
288264049
34900333
800114400614957056
899987816003903488
1453400521
819356300303826946
966181801986273288
732980827
802454179163897856
1148688546129219586
741057139687362564
718886619621826561
1197292302613598208
820097125174444032
3063211215
955592287131758593
1499775464
865236475100704768
1013115748212969472
1088440596694470656
872305451643359232
4827531214
831291055169368064
984442789093093377
10292132
257088807
16653786
211006212
785462696
155775712
247136610
139830968
1179808742231035905
936370195068841984
622969430
16187637
267494959
469194846
581999965
821511862881845248
21888595
16589206
43775786
464220870
26900055
69666298
187680645
624210678
22637974
818948638890217473
1092125386744442880
995141984972099584
491719838
32626129
26520948
21149655
4787411118
1022170477840818176
890987343095545856
778763106289758208
18253799
1198629303958802432
54800309
991316064611909632
22673377
90552683
976558392570507265
1583865109
3439408259
927174542996500480
822868255916392449
384810541
771148244432719872
3201944938
152007388
1058515482
707231479047315456
19017675
833007702704025600
4108627456
2613859704
4717892303
28511309
1080894931311431682
46705002
889962883152568321
228073841
18116008
3537084675
26011513
1049054812304789504
36528126
3510546680
24615883
927531930601521152
2471307522
125303698
790248865240788992
93637779
892808143734022144
2277848384
2938117914
761799487186735105
946845681230237699
1058807868
487297085
58579942
569406596
4003795803
1132751702879289346
41840838
3345803241
988573326376427520
46681100
22703645
171632862
770781940341288960
796865932681510912
466472836
822444348977463296
874983926615359490
824075101729652736
4187723669
187059363
1176638894026215426
11134252
3636796343
15252952
884248998382645250
287488452
3452103861
789106472558796800
32875472
706541040556220416
307039459
987358879074922496
146322653
524484598
3885326054
919384988268630016
3510942432
111223756
773103382768652288
1041885924102156289
78523300
469785556
247374262
1032032764261019648
232882340
816357733930856448
3071570304
837138034470486016
3063458561
740749740241879040
2399435716
1160745350472314880
1178431859740594183
212479621
1180835061052137472
1135552168512053248
36417257
724752040057028608
15757578
2726854313
733964028
393469195
138809881
33908800
902476398576721924
47690899
1008860571746357253
1180212473246420995
447200783
32546264
171809832
750379596600664064
2320140193
946292498
1075617792370581504
759081003168112640
2996253413
1184526882047291393
773224756971577344
186646579
606681626
958805877817069570
43919633
21536398
586707638
74719756
199522496
835676806455832576
3354292601
233000889
226194552
37920978
2847221717
22055226
948250439241347073
801162435214327808
745750044540833792
1000141948269678592
779079006398271488
41144411
995886510133170182
593845824
39927368
792808845919879168
18005085
339984356
29097819
234163619
24787367
523248016
119099353
143169070
16523905
3267456386
4914384040
18247062
24822993
951302891708583936
21722318
534023
948391038242164737
232108392
19400611
1114631166
34367582
4765364386
790629748024029184
894465693755637760
313038011
3530404094
2853461537
24127811
347627434
16710420
999453985
954124423
34428229
39753444
39308549
166990746
7702542
1209936918
264361128
856991644134068224
2975906151
471672239
468646961
19739126
70468535
50434933
56561449
28628850
27311044
25101996
2908170952
26487169
166751745
282695161
17685258
1108472017144201216
47293791
432895323
15976697
48459553
35039490
16163639
22956220
203226736
41634520
375721095
44925042
1040212043847151616
1170143727576342528
712976695
17800215
237348797
18166778
54412900
261256582
877985300466745344
843930150400008192
163216679
808704365871722496
918997513507500032
1024045619227316224
1088794617162674181
704240354
1109366575956660224
882076466703466497
818125733994397696
1073909671
781639819600490500
2565527365
1180365893504770049
981704220503093252
3041771999
2920252871
3702234197
390127278
1166110389739954176
823592562577571842
82447359
3301954655
45989687
294333843
830055484073844737
1056323614872686593
317385247
15455253
1068386922865745920
1023931286489116672
67706210
783403408816345088
992623688028774400
23549704
491461409
17983365
21736102
384910109
18604137
1251672655
812021758802927616
25397241
1089671644136726528
784743400129998851
487119609
441259351
881622351019888641
264271174
792096589191852033
218017558
26753220
741371012
3301068508
856288002435420160
1048799300
985887937580716032
2854639712
940368062
20118767
4041824789
359689769
16106584
836986100354797572
728222719356047361
757446816870830080
989895385241079808
1066580859392860161
368120569
911339449036034050
43533947
746571206279606273
83673742
785623499163348992
1042153125468024832
3215909025
1100345653597749248
1156654603028586496
460727544
15212187
1300855544
16031927
23970102
196168350
50769180
38495835
195271137
457984599
462104542
936106419211915276
271114638
815316433362186240
920065753
834991365444423681
705261626316947456
1054873588145242113
1002379414162640896
1045829265953103873
706918145215234048
37640440
28947061
16879878
868172778758852608
33529092
4165642155
863693749
921755359810871301
1274967157
51411443
4505795352
236929993
338541661
2850636818
391598894
883855148136763392
1077419713087582208
2449913803
917442861200760834
994370808
808152564
45033456
98240952
273542042
1027014012712579072
823196977198342146
538165200
2161362844
15929935
2713421296
23798694
83932539
200314259
818122956895358981
861001667046592512
981528766429192193
837834688601391107
34756550
2373912890
1128513341608026113
794170152
989211257520775168
478855762
102751250
779123918648901632
878454395037462529
1184289498382905344
3315840117
29458079
36529101
74749000
271927117
2752209922
1147920334248665089
4104811095
2301990517
4884762153
789564449665548288
4922329698
2835451658
16989178
41160276
18643437
19091173
3411263883
915786959628378113
717807459193135104
1104752011013169152
2155471688
728255524303740928
1011586129160802304
923393630865362946
1121405495833759744
2801177472
896258742
338527731
795662610708369408
2315698776
808814459997290497
1144754168369991683
18379614
44067298
1022684969435422721
1370971824
2985335882
1045558231
953578555388125184
1027191985696894977
536715931
882332801013604353
1511063588
557227188
842396875122724864
931286316
821362524410945536
1109555797401337856
3517612832
823218895045722112
19211550
1711365822
719773125819412480
1081311465557000192
990064541709959170
172511244
863542418288902148
905213496463384577
3915420798
70735961
3123386545
1069422303816138752
965693540150988805
553224712
715044396
951008132
1043185714437992449
1931084401
261749735
1604937668
797804691249893376
709804729728110592
802623208704741376
786235661908967424
1101211744586874881
42945436
240454812
22677397
247981000
126755086
982675379319132160
741977462028926976
1151597073244073984
74862930
199739590
22938200
48209970
1155078752956604416
1171187227855974400
797191676708143105
1063664576066215936
787264867
1012085889542033419
4385438174
70665841
844223100824797189
757696951659921408
986007028190666752
929043613
2281325286
594886554
18089606
39076082
997503485707943937
777949191163097088
14895030
23250022
851957824435273728
931534372582428672
93976740
850507814023942144
739610364975808513
988807767031885824
18266688
25202268
2417586104
232901331
292929271
91882544
812135885328236551
421324707
30238204
275276082
601535938
39349894
39344374
25073877
