1574891627210067968
1416635466359746565
1705754364135223296
1679350789222064128
1417024322493841408
1478209675308855299
1703395554116476928
1662569992515371011
1273233013439168513
1684754323811565570
1224205207393001472
1341369261801918466
1576794495945166848
1348379701094592515
1551090023348506625
1657851820352610304
1471734244099518465
1383988705107451905
1566147606253899777
1610104973819248641
1409188581046898691
1706084848073359360
1682434281405140992
1465410074692698123
1651307121412014080
1487839598185271296
1695498758878875649
1650296565079343104
1635609843116433411
1618273407224741894
1427781411541557249
713385929872969728
1243781044601413632
1706609978289598464
1681408061703897115
1697259584589910016
1708592031054884864
1872847021
1686178709349253120
1690616158632771584
1671339813440483329
1460705493463154691
1416930078454423553
1543680268149596161
1707823367040991232
1664972851231744003
1705243962251132928
1570858238807007232
1408446550620184580
1703644923910574081
1587501330205184001
1571631663888867328
1472100737681219590
1173110357893640192
1263489026
1443536778296582151
1702765452751982593
1703941251148730368
1502542624141426691
1619378292066238469
204656723
1665961649252208640
1386457597343985664
1680020804719857664
1484983878926290949
1474995172802973697
1633179778684526599
1624264492350865408
1626868700040273920
1703280431083257856
1646359448334798848
1006366455166726144
1651979434101186560
1004566402286546944
1581608149999575040
1693157041936965632
1675923147181137944
1294153560540753920
3314067187
1600740464633597952
1413896873291755525
1509995029527412736
1546958274297307137
1690139348593745920
1631370588898881536
1016997618818351105
1618756038987071491
1656852485754036225
1460671600035049472
1472129056384634880
1699959066448076800
1702884085054521344
1448403717435310085
1214528758016659457
1675745789778305025
1623394296438353922
1067601764990558208
1675244362039476224
1111528909391233024
1611909643978276864
1425983343871492101
1708221450543386625
1617333659727499265
1550990115262140418
1587863648352993283
3891057875
1638265046668136460
1681842804928937984
1594970534214877184
1049620931541458944
1651828273091936256
1487458280083492871
1104437112873644032
1708231290258894848
1251511581516627968
1680005213359357952
1539924395723988995
1644465474741104643
1613512016
1582588982650888192
1665282233928675330
1604505601421221888
1556821558714318848
1623772660479172608
1627569681770090497
1514887411750223872
1687283216179138560
1304651524484804608
1605726970477965312
1661504705627840512
1260834733321269248
1680354981189242880
1662251318088552450
1674827233175777280
1695534827674734592
1679521588436164609
1251611895095853057
1544983595227521024
1577332028651053056
1676874126261207041
1676995420038332417
1675049023206486017
1574589059481092100
1680080786740113408
1293206080470671362
1629633024445890560
1602275954847617025
1705383103831920640
1596954206056873988
1410847212947529729
1638964860242345984
1154241697376690177
1597416506547134464
1316405816954626050
1687355120663531520
1485485947131244547
1522531183933931520
1407064609580802054
1649056292571611138
1129595892456075265
1707924798469177344
1606103947248271363
1609085567924600832
1705674714134233088
1684748826228436992
1548522758883008512
1596198726175006722
1647105238178967553
1592436861124780038
1240521927002714112
1650517150631698437
1619364564784521219
1671444542594113537
1707804070499725315
1683522795622354944
1680257244728811521
1701068449349525504
1649774990957346816
1362163526429679618
1419793085404385297
1655066995144916992
1310264658595471361
1159467583596322821
1652491739553501185
1101704296503009280
1306386678601351168
1679060920503287810
1266885455984951296
1649252089590104064
1454325495303131141
709854498517344257
1633220750931886082
1267194886270398469
1701797458370760704
1154400677155823616
1202471069950599168
1275196984291471361
1534372633839558660
1613882701097967618
1592792178069233664
1424510554928914433
1627715218599190529
1260063927133708288
1692853269461417984
1680001067172392960
1663593332637827092
1246886085885599745
1681744346096234497
1699935471671926784
4652093598
1560912997065052160
1707576723653668864
1557466224153575426
1694495293444685824
1294342170846072832
1504950673758212098
1642700191575810052
1547831246419505152
1352041011984424961
1681690861162119169
1693193922426580993
1509557610357223424
1696793442561490944
1679748271177121794
741471619751677953
1629927886785216513
1305288748976844800
1671638484061401088
1344131222092587008
1674623726460219392
1681813693057605632
1283993926664323077
1165213511745757190
1217149291736850433
1554549671665754114
1678302463819149314
1634130696578150400
1387235890154524673
1695850299020234752
1644587570981126149
1679367222383480832
1701816427324342272
1460062979584512001
1697955448601694208
1668448335512870919
1649389247873400832
1423875522946289665
1265160373713461253
1515700551736086529
1522338228912766981
1534367378661945344
709052390306140160
1690192887772778496
1543506218198736896
1163035316955095041
1396833547349020677
1704980370964271104
1654591404142903298
1602540613634850816
1658663911091052546
1676606595684261891
1665343574911643648
1682814224089640960
1673195771632680960
1647387332813676544
1410040868
1640559596438732800
950076128156266496
1541613440137326592
831639516
1655101978194903049
1604149256570421251
1642476868480782338
1320308457447280640
1699528120343072768
1680632671750299649
1706402131069022208
1682978876438487042
1678247949237714944
1380014786172264449
1679599088222846977
1707273341797650432
1682400501193932808
1633246386417438720
1555387796852031489
4132701193
1699751152710221824
1670653601868562433
1667256830202990611
1639650693786001409
1344875548955197440
1557638409060880386
1698565916911398915
1647459348875038727
1350678282539294720
1506190666291838978
1118788740837568514
1692368590274691072
1698741740080189440
1594232848713601024
1698226909761740800
1435416295999037442
1168438159346040832
1676582364477046784
1421393188682612737
1413480108636082188
1610594782572646416
1349820156663324672
1562848998784135170
1684745319207047168
1612796308145983491
1677448590174695425
1671082968113086468
1831303406
1677284316764577797
1496994528930238467
1706293463916986368
1674217219847274497
1528787507281907713
1659822707955867654
1572592130882928640
1699842637346308096
1435123255644463114
1669956688001245184
1622336957811490817
1700954369875910656
1596699128259567617
1649489922837958666
1257565248325910528
1421632876739768322
1621021024937742336
1690204636681015296
1680522769597964288
1701615702459707392
1461088858880319496
1658316968607485959
1691646320833097728
1147347102667665408
1677947738196185088
1666081923234664451
1180899685596303360
1038563252811309058
1324152321815752705
1304284005647314944
1071169849936760832
1694191259328430080
1447017560
1144159154229039104
1320394048616554496
1407799314030776323
1679611028857061376
1536541950437994496
1610679261995704323
1626313666416070657
1682641421591871489
1098597600213663744
1362192920850419718
1638957254593630208
2742778048
1582308963214761985
1665536645268115456
1702168988787286016
1288955335525519369
1675209414394150912
1674437058545455106
1181699230177599489
1666541525034242049
1428131647384215556
1702344941655953408
1648605459392200704
1675259554857205766
1426363661824765958
4144152852
1674568598348525572
1653055459505455105
1698560739928154112
1699212562309447680
1647333575539163139
1484791490396274688
1577109523705188352
1356638393673740290
1697045188173000705
1702057518141210624
1681195914852007937
1700668892446666752
1612336872860139523
1458539630958153741
1664886994466398208
1068470358473433088
1358704703857700864
1679677513302175744
1680174177846788096
1680812147809349632
1314366173987864578
942571886487187457
1675193228549554182
1670265899071275010
1443967404804120589
1528140067277242369
1009222433813954560
1525614801312940032
1610947505348399106
1692786752413405184
1675426240746905600
1549784347225378817
1213431667303448577
1268924444136755201
1266061123138326528
359684272
1470977471860387842
1404516043838705672
1391064401101430787
802580746732871680
1634208392968372226
2980549353
1526626581816365057
1694806190323085312
1246534539549212673
1254626853123264512
1627216329559228419
1691018627133173760
1469373655171821573
1529163258170593286
1655396540
928676917590544386
1691597773966098432
1521364142698938370
1689843912347951104
961860679
1217649935178317824
1593792322646396928
1453273562903683074
1683220891209965568
1611616896440311808
1323372765135704065
1344712797318504457
1618863568761282560
1449097492897927173
1682016561639432193
1442628412401672200
1678437178714595328
1676048437622763521
1408778941171650564
1598816600416731136
1659501230161289223
1331371503951089665
1585689610889269248
1518994523203903490
1462174857274269705
1663868368925990913
1456063724612108292
1250604873864949761
1661956425352986624
1621352935463555072
1658971292370890760
1657888441575538695
1640130935633969153
1617902104403759108
1480994448137883648
1656324035628912640
1654751328894357512
1651125910295257090
1651791658827096066
1641269065829298176
1349003505953107969
1650590309397438475
1643416626342027266
1561034701602791424
1649625638662459393
153129824
1356405296021856258
1284623791298170880
717683824906346496
805418554623426560
1645178485604859906
760562545
1177338572854222857
1647014686884282375
1528098027537326083
274537655
1639633804888363009
1645971713073479687
1645957569209597952
1628301283047120896
38482846
1621390310751215617
1562825524954931202
1609908385159286784
1615896589637390336
1644424733277011969
1644413389303685131
1493470608927207426
1518737291329654784
1641096698792407042
898231690312790021
1630954896567541766
1643188440790454273
816347562131136512
1508762248386338817
1640832837396955139
1506859246675189761
1419084789781569536
1519656546338283524
1638603380968022017
1445111225692590086
1590142379192877056
1272597290809733122
707590639123374081
1588576918533709830
518071161
1633821070062149633
1624843340645650444
361103236
1213276484959256576
1256164328727736320
1613865487464648705
1496930958968332293
906746404659515392
1257975747454500865
1638662577826992129
1325049071753637889
963831747094990849
808846208760352768
1461775131307610114
715577457009496064
1551567072706150400
1618840826343301122
3388491268
1636874099078336512
1636851199738609664
22057331
1628791011336921088
1178027039871373314
1620477635569524736
1636385621202849795
1587129436520022021
1544611430854545409
1321350504941834240
1585837951090536448
1369370732891889675
1629691031317782528
1468068237762252802
1560703882447273989
1623638086713319424
1635239144778526721
174574838
397100896
116578641
1586807462836961284
1634340661200670720
1618105328184299520
1372989758473916426
971079702986264577
245528942
1617873388063854598
1299819604626280449
14338727
1628236898400366593
1597422984154689536
1626320187694673921
1498029255590129669
1487485165530230785
12671122
1523512846599958528
1098551955083939841
1468244373225750536
1582212945169235968
1594900010487123968
746831792221601792
1269077500841377792
1618691394909904904
1631789601793748992
1591336827960627202
1616229267859202048
1603079800985473025
1620832168275578903
1557097926920470529
1604291042479595524
1569207027305512960
1506386119998550017
1601847448443539456
1497926277654892546
1622288926009446401
1629744606777671680
2431591689
1624582129991516162
1509205229031632904
174568617
3853132274
1386425701222469635
1619180274805243905
1571528396701581314
470289840
3437529261
1487801707161845760
1629004097658445826
1628879992632352775
1193453159605325824
1628564358497284096
1504897338275512322
1589386983633190914
1626932613880619008
1621642281382977544
1448792257
702227581509177346
1615252436226084865
1157078229045448707
1627396643036229633
947155153513271297
1627078300718989312
389448196
1508596578445103110
1569370495467888642
1501207325432074243
1225441173679955970
1343838777102520322
1207490124088565760
1494338874096513034
1451754470581415942
1624154653054099472
1033137474174902277
1588609538881634306
1625919151704514561
1229632284774608896
1618146986221527040
97817231
1494699667132715019
1594912248367038464
1625132848175800325
178077140
2499145545
1409021414859022340
1625169794470141952
1623927626174791680
1488161873182826499
1587601049875095555
1581440563597148161
1623109778435371008
1388353948768030723
1624630591407763456
2730270382
707325139
1567127655367020544
1467152169937874946
26522084
1586117057929781248
1604940742400479232
1586656772877848576
1590108460477300737
1563278735498891266
1618082398360555520
1549085722484809728
1606773297202565120
1341271083857620992
1495140317489614849
1529662423380250625
1010472324586524673
55759092
34603204
1246146472057454594
1623267787669118976
1355451982056747010
1570168223328358401
1598705880396087300
1513305700746805257
1623018984433135616
1219863584
1622909741411323909
1600332632268865536
1544858689697452033
1592130962539823106
1351266673551151115
1273941208696369153
895237080724459520
3258476305
1371457659115872257
1586401455094861826
1487319709
4064564413
1211784762945236992
3097926582
1403950561628721154
1619795059632660484
1566482132742144000
1360051202617147393
1327600589107302400
1498640456602857475
1529638566736822272
1243335600939425793
1618660548333158405
1621752514512027651
1578961790620340225
874817252901756928
1250683494801555456
1582809206259843078
1420978361380261894
1106057400891527168
2228552808
1388392276506812418
1495281552594333697
771033403282063360
1588764707938340864
1620937794620370944
1614674544589000707
578925211
1588846479435005954
1620478026235645952
1186404293944991744
986846316750778368
1518902002796875777
1515782993859686400
1429982013591887876
1620034175616143361
1620283682484264960
1618697727507832841
727593816455262208
1620157513231482880
2940554361
743513308830044160
1453321740759744513
1519793355676340224
1432376277516922892
1617976025756958721
1619728058134724617
1497345616120274949
1587965299785072640
1268377710042025984
1567313724616105985
1224616733807300608
1619424233444065282
1608650310599467010
1618691637613305861
1619136130225430528
1069016898304704512
1552572649133703169
526188783
1866121525
1597605757553459203
1562497752939909127
2331061363
1578809493777006593
1468148135004356609
1295842206373249031
1615208722615107584
1598735997306638344
1615678724183314433
1618428605167443972
1617350013809754112
1125163969981878272
110003901
1449867414972346372
1617137218723909634
1618225737290366976
1585729773481103360
1618049423757516800
1617891963780358145
1617883161853136897
1585948040476729347
1615849713307090948
1617906587049287681
1571677059432300546
717557857290301440
1609926531488399360
1536922323193843714
1589622795767627776
1612176864071622657
1141430557173256192
1596211129314942980
1518689655788552192
1531763903948013571
1469502150514405379
323648210
2235692570
1585979251936968704
1617928657804091393
1604543517803651072
1550579907603873795
1158856892376125446
1576938668303990784
352858393
1617891290162634759
1602724924614901780
1595339079314448384
1617900132871147522
1617872755063398400
1588899988926595072
1312646862654955520
1482167686398369796
1596525546283884545
1586191229280473090
1453451876654063616
1617550995902398465
1374061574302883842
1538080546684805120
1595394519557554177
64921376
389513172
588540816
1515247332786581505
1616312371722719234
1421869471396925440
1549168497359572992
712113525913686016
1308825911798661125
1518940630763720704
1590452156003385346
600281934
1614883055117938688
1592651213509742594
1616900391882588160
1641461054
1588539210050535429
1591263848841240579
1571566625911980035
211274438
1588810429455040512
1562688803961065472
1699545668
1520092257759625217
1616705901905465346
1301329444691468288
991493904334802944
1522239215190396930
1624414976
1606354688764420096
1518973349162008576
1616608684838199297
1472892177172811778
1388717167407947777
1596464799516594178
4851419237
1611597705050050562
900251899240210432
3556710072
4840040873
977852576468156416
1609186110868963332
1615568959293489152
1611731666266984449
1227964016
923744348
1606374725948768256
1518682869757104129
1616104270214070272
3173283138
364055285
23299905
1091410284
1594122722279292929
1356627912334725120
1611853140311015435
1598417070429020162
1520546652657897472
1059968458769616896
1575966156355080192
221950838
1591609278066040832
1453571770557124616
1304893566968356867
1588011932942012416
934129736086884352
2930463238
1456295889602031616
1018323100889300994
1477471171415269385
1460825821271273476
1541220528689643521
3289117730
2744069213
1592651579332739075
1586025217280851971
19682830
1060173595043917832
1549114087145197573
1548094973861498881
14553947
1613580039999688709
28870018
1488643473725087744
1449020864016510983
2416923355
926847206061150208
1594122591576346624
1269058193340104708
1603955500730953729
1276591451107975168
1536522833517498368
1602321431995490304
1606782171905155078
1600708834531868672
1228578292086665216
519451797
751173600648925184
219364185
4493529322
1597681864696729600
1328835603228667905
1497021731575271438
1598772404880228352
2759073393
1555601532476723200
199531970
745456366987337728
1588458708203446272
796311382832529408
1504178465817382915
1112491455715700737
1513985405644853261
1590158089222852608
1286263478769070087
22273341
1431066809826938885
278135884
1368339491534958594
2897597716
1344445293920706561
1590338507415105538
1598147111417159682
1590986847777427456
1580128781251055616
1221812673593081856
383378532
1229149289793957891
1517649618435248130
1590724548634193920
1319340723309785088
1586570102165704706
1600141249578782721
1468209735442870283
1544346150248927234
1512281856460218368
90195772
1492008550096384017
783842160374321152
1612890565506437132
1591644423829557249
1585797095155433472
1608452753214283776
1607841841885634562
774914898115657728
1409981674662813698
1386690543162470401
1615895229000826881
1325407743210033153
1506309372565241863
1585275015192272896
75368724
1566525179169312772
944735930862026752
1558860748696289280
1371559065562800128
1597639190107373573
1294326095790178304
1579324271914098688
906563641637564416
1212091090083307520
1500658835232546818
1615798048902217729
2749722295
1487063052784652294
1529966993557831680
1615784243023462432
1537519811768492032
1507412525578694664
2588216078
1604604510395039746
833439427
965493030902878208
1591238906351075333
1586841297272377344
2863152736
1484251664064331780
832004643735687172
732916237462831104
1613966119055785996
1433162932091826187
1600141765322969092
1415881700157001730
1478099965603893254
1256084895400701953
896576058459168768
1495985354956025856
1610879121151885312
2168778840
2901047283
1270445493437505538
1585532522779353089
498298752
3064376025
155338809
1560139101709418496
879523254091870210
1614769803037753345
1594158761534541828
1520257069798109184
1200316102460477440
1451231679125901318
1529200095396347906
1067633863730622464
1280951016851222528
149545708
1007455770785480705
1094518595714015232
1000035187307184130
1582351751054823424
1601920568135237632
1607130486811279364
1603958097478721536
4766404786
1590419932595908608
1613623364232380416
1605954178219741185
1564819045098061826
1594519238244540416
1578515582638596096
1573012286234660864
1593962765332389888
1092663429175885824
1586658373335932930
1417311433742716928
1599601365411561472
1366897957673463810
1325625823831928843
1597240289663541248
1540670095097094144
1585836327823880193
1609772962894282753
346312173
1577797560005033985
1598434433949900825
844626302736916480
1423786272
1591478892971249664
1319855356227538944
1611925945442570241
841032985075896320
1586875176561647617
30076869
1533961268821893121
1552095113979072514
24790123
1594421472818249728
1585641200316358658
1415315225583177732
321006684
1599685531834515456
1614787495748829186
2303600543
1170139519947067392
1589274530874261504
373286677
862619067433308160
1501981340383977472
1069374512993587201
1516891472766935047
1150218741835337733
19056680
1427833553707048962
1611204725294104576
1585845670254108673
1593627984145137665
1584418252352065536
1324165373596454915
1511722213900271619
24151741
1578034723044982785
16335102
1091217735391031296
806729330235609088
747681871178375168
1407619806665216001
243431842
1587110387480158208
1605618823029313536
1399556568480456704
1578918759309271040
1471841164256952322
1586752680512393217
1013740120623714304
19261258
986384470638022657
1613801049369763840
2582911872
1444412611316142081
1586051458239193090
1613756225858199553
1479330297430695938
1613346456248913921
366877114
1613556258610745346
1586513037732765698
1107297503790141443
1252335411193475073
1562915222989336576
2806740289
1604986164456431618
1466044507
1266100241767575554
1539142520541675522
1511164414719770624
1492115938136625154
3235593628
1101806670
1610849409759350785
726781152
1609207824348844034
4498469668
34066916
4222811991
2573125288
1598712756315856896
1468115097889300482
1467705906318217216
1587110352302612481
1120379459708698624
1586750386270093312
1375289769031241728
1277298650998288385
851362890657517569
260347851
1089532352
1522280686891192320
1176538190519382017
262252389
91888594
1499446207600640013
1318479395301019648
1547789036621729792
2184399332
436226414
1305508062464221186
1518953913659101190
1592915054935957504
1586808031290892288
4872338079
711312995494723584
823747310723076096
1463046498074038276
1518799088388653056
1314326287327002624
1166995609116651521
30274438
3245488627
1525635717413609472
1491004544
874275841869524992
1610296834047483904
1325911189021478913
365297572
1216407891831332864
1243723917937778689
1608294322054520832
1613001894854823936
1465770268538941451
1222266880519495681
1295975634100015105
1009164570144006144
1297269165041094656
1375619170507821061
796454514282754048
1429739328549261313
2940266589
716772690464530437
1606162104989483009
1389352166511448064
772865328070201344
2214558306
1593286718861500416
1256791051722993664
1594738897128415234
743835320400019456
1544705568711000068
1489130035034431488
839309442093051904
1119689607292100609
1518898837615747077
43930789
1296206253136523265
843865430
1548047837534900226
629174402
2425956763
1343561816207544320
1550261254735937538
1587871201409507328
1608346383785885696
1611190577177178112
722858616085196801
1357720242735247362
1499121225947361280
389486444
1518790229628391424
259632620
1132246981
1565168680840953856
1611104858945343500
1589685420266119168
1607625497386844162
1557096198288261121
1585992985774374912
1193230424383926277
1218194619046989825
1106828336108654593
1267981102897074178
1421388801373446146
1256373738095943682
1536534733789732865
1597412079857799168
257206601
947544149099728896
965386338383036416
1207807582443917312
1614282858
878461208025862144
1436346195723657216
1089312896977256448
1556841976883908609
1425830822540562447
1565240173574627328
1347603840019943431
918875057044246528
88069632
1598670892984328195
897675682645463040
979904119912783872
2902709776
526523658
1570259813346541569
1526453594093920258
1116766980596543488
1363043149015363585
1014696506635571200
338942254
1388211538817921025
1600999945334657024
1590173560185782274
1586182272792858625
1605670538856185857
1571690677314162693
829837684705206272
1586850679091404800
1600319671835631616
1265440994117517315
1592747575945625600
111803137
813842235355725824
1610669311265210368
1243897832748101632
739134792676052993
1173100843
1106299858166648844
1863929851
1266211853203656704
1531761787124817920
1608735293611597825
1449919438677897218
1595699099701252103
1588570073538740226
1590187882056228864
103682232
1603777003567476738
1417898315514093571
1609623689397522433
3711950474
898214012986335233
1434394231
873756515483529218
1374434029819158547
933747466394062849
1610439312255975425
1327713193326743558
1610440311230136322
1592927916140142592
1417522917999480835
1468420669310640128
1449411305484521474
1335668701761335298
1576546791700500484
111311160
601606782
2840327878
2850817928
1602086654508171264
1490889768498049025
1425637840528891907
1087002148620128256
974653564437004293
1569076098775793666
1187791702196707330
842159928693391361
1596342192955604994
1224879607490449409
1507923211
1106063687851270144
848402972
1099852149641474048
1478621693715173381
1299216752916733952
734168839735349248
1587469583895625729
1602028715914952707
1460698163057152002
426211557
1339950528227373056
1549224722650615809
3620993712
552974928
1566047852555636741
1327342238133854208
1537467453671804928
2229720102
1619493271
1475588504352698376
1585876475978387458
21466033
1329897223
1197723113762496513
3248343496
1272778851681271808
464317582
29049228
1056594763800043520
35001024
3776396177
1562725690289844226
1296935395603763202
1470741395300360193
432914587
1589731523493781505
274090954
1541787830715912193
1577046599808831488
16910648
1561514506764931073
1253016380787568645
2667351333
3988524672
707311517658718208
1587517733025058822
760506377286586368
1481274913726029825
2305389031
1022428985240821760
1459117287185727496
1600182333751058432
1259839983776661506
1594054052022784003
1382649798944288771
534023
822180858605907968
45379335
1378541651526889472
1050238963904999424
1587265545044303872
1070673378523140098
1577832779634589697
2952288810
1347730095541157891
2278207999
1176180784295751680
41310247
3130119556
2314795686
206304836
1349406904045494273
1001985921007407110
1591302735865036800
2753404958
853394078230355969
962664898282049536
1586597853421789184
1237144814027751428
1479480239206158342
723877062575030273
1518670712738926593
1387433405760036872
1403746703086325765
1598263830416887808
15985595
1465677183439958016
1585803103105912833
25685795
783746277024595968
1309583185500450816
1484268813159841793
1596385436271841281
1586097195811409920
1271542483491708928
1584387522049675268
1465008572035567619
1253018425238056960
1540773412095856640
70445866
1043939776791867392
1456696044
1333818901004570625
1590911769622495232
4857581998
947727727095713792
932163762718572544
1586195104465059840
1544354701109592065
1588355514462834690
1170070937435365376
1520695267200278528
761820714
870710899
76435752
1599926155133431809
987105908382683137
1031904476
4500576194
1574436372462456832
1467540024757530629
287278007
1309591848051249159
1468672739095592961
1587934893874376704
1456129614401753091
1496561931393679361
4205888240
1536340577821786114
1528102029486333953
1578532720896090113
190253974
2477123347
1626185150
1487133119941595144
1520202720086564866
796043441016832000
1158812631127547905
1291091575439798272
192373928
1454969314382131200
1585844659502600193
1528189196372004865
1241964287221891073
2216348608
1393034661929050112
1440455983503843338
1493184792355037189
19113250
1453286788395638784
436190536
1592343426309230592
884702743503413249
707384565334155264
1230047808914427905
1586049285673607173
1470928178705096704
413637828
1498644133472317441
833360206595768320
863839615806996480
1586124148824510464
2310893246
1598121363448946688
1152282868397293570
1358134847181570052
1597369968504578048
1242552531546341376
1477563956696920067
1350679542139035656
1245943074901065729
2670874985
4143969683
1274536018574815232
1523247740628647936
1372410621145149445
1518834272882335744
801458376647450624
1423182596821880833
1347049954276241411
1518695533048696834
1593323632406794243
1209532216188891136
1518749542375641088
1273762692
1517459671266775040
1030894911976087553
1608001935227129856
1494874509484167173
751603454217379841
1608947492602937344
2371951773
1478836382365896706
783136873
1229019629688934409
1603439586302107648
1483198498375753732
1467358205000958600
1594452741132148736
1604944904295440384
66794569
813573570
1518697270480416771
946864240517885952
1266318775546253317
1560165037712572417
1555555170821488644
1553571955801989122
1394090317226418185
1585791057379336200
887443386084577285
1226568644924190725
1586170071419949056
1590205672452390913
1055234218907893761
1608824409405390850
1469945186671378433
1509589350006366212
1609466211141558272
440577671
1598796801577865217
1075906495156510721
1180849794555826176
50082136
1459231537153691649
1035126033878589441
1293371304918343681
308925435
1468406827415392263
719142254502404096
1460086364720951300
1096638410595463168
4364879237
232919288
1202949033809104896
791028543610322944
1135224672184938497
1424961106812960769
1339907221786828806
1446864661153034242
1585996419239927810
916087244
1597723606238232576
18207013
1609957871688581120
1586198062577467394
1621583317
1609675365714206723
1609428532114984963
1433512215248875526
1586609609917308929
1533303219874578434
1375288880165883907
1390778569899585546
1609261258116677632
1561177616
1603364414341586944
1482048186848002049
818659129
1144349514272317440
1609317849973006336
1337939880970694662
1586404346874544129
1600548851450101781
1577336558843314176
1582934998105178113
1605947070065610752
1593075987532681221
1598758540004425741
1602527918445453320
942047475149557761
1519364038404231176
517013865
1608379726196011009
1282515339989987328
1608633318395764740
1608456763400921090
1608131901134442499
1270306902472261632
1608528672239017985
3932750482
1514060583406288901
1608292907810799621
1522637442536382464
1601840850476171264
1478995376505962497
1608313915414298625
1595552267016585221
1553949733953077248
1608011146245832708
1536816980686262272
1522682421585530880
1485371451670732800
439638326
1557402864686858244
1339896217791295489
1607397967299854341
1294256562421276672
1607168988559339520
1607020114532073473
1516964268373065728
1630952318
1588162469083619328
1579229422581792770
981398878527291393
2420925066
1092259612584103936
1537041011729367043
1281023018207076352
1481846728743608320
1554042517104238593
1599547762965708801
3536206215
98507440
15481965
1502946109769015297
1606057450767015937
762145790
1518627678231879680
1560861325047111680
1423800659690901507
1474604557795840002
1603019575062306817
1258556508997967872
824381358562754568
1471014085953212417
1603596879710806017
1558876289330733061
929597456970600448
1589658549495513093
75503928
1497475114392297473
1140448134268669952
1442829946016055298
1596728215715864582
3017270677
1283240149023723521
1592719723082690561
1075911281163558913
1498711284233256969
1593359958665461767
3983578881
1596252960346054658
1589704688416481280
1202042621037813762
1495520518891614212
1441463469639831560
1586547155560431616
1586031608246796289
1158464146595180544
1485858118508683267
1587471372887932930
1456161687292178442
3021663385
1602038917045551104
1189604521028313088
1582885289470881794
1525566634680848388
286381283
1449175247593279494
1357085128925851650
44043092
1424446380848914436
1595552239426363393
1586135588536655873
57070838
1503900813382586372
1291390270949425159
789903129542295552
850166340081950720
1598401386198212609
2523353947
1600281399625252864
25029495
1254292354569289729
1299763890285359104
1595631016735117312
1589611791046287360
1594122544692576262
1586145424427155456
1279237474569588738
362911509
1104144228114972673
1575982380791304203
1250254897
1448368776383275013
1597417139790442496
1603647533464657920
1496226837378310147
1596300590744600577
56677301
1483188651215536129
2944764965
986385193
1518975385203003394
1192968069460758528
1600306547824812034
1518718458556522496
4319800400
1591135152989736983
1541447640650600448
977379883239305216
1603788659165171715
1302002736574222342
952999556832284672
1602053012708532224
2426395675
1516892661290049542
1603594180609056770
17751422
1571731157687103490
1603177727376359426
1601473614666235905
1568718600315224066
1602367362568785943
322149699
1462956345238310919
1360280432026222596
1588340735757230080
1587142827817029632
1602717562697129986
1034462880278564864
1585834401518305280
1570031157315502081
934487901680951298
1599269561139974145
908365179225874433
1518995169131089926
1587070469722742786
1067254563667918853
727701926544969728
1595563422325817344
1888093214
743956015
1589391171930841088
1557368840354500608
738812093005107200
1039580524052930560
1534414958255312896
1148062750641405953
1392074895492882432
461785344
1276652162
1170294278
1599472945906057216
1518674120006934534
819141902670950400
1497456753138495495
1172324726074560514
1505951364958101507
1570553871281393666
1600090029266636800
1568111195777028097
1603256460279918597
1586184850993778690
1593822947982057472
1321220672912269318
1578624079669575680
944575404152688640
1270154742933721093
1003466304236421121
1597516417653415938
36583086
742571579817766912
1499814105925910531
1158210993413140480
4546801125
2201735646
1586103990202339328
1597410343160102912
599456526
1566592208798875648
1496741467192242176
1562607559831199744
1185079734859780096
1481995342308687886
1156572675562778624
1389188507172843521
356966741
93925458
913585720295608320
833510865949200384
1522237975098179586
2579663444
1603217625437409281
101388040
1362233523550175241
1587625058729500673
1596712865125306373
1218470100187209734
1471287507195244548
1250884977723662355
1365502587156496386
1597442982273290240
1029734641429823488
4890184384
1581694157726302210
1603213126836670464
1535060158245576704
1520534157914476545
323454292
1101621399628730370
1586409753529425920
1595546147380142095
1596999057221726208
3295087277
1050181737853026305
1145573902170693632
1451354159190618120
1514569197543563265
1530418035390984192
1518856541142618112
1137045740348268544
430164411
2201650446
1600492476699115524
1348650473293754369
1601018352750600193
1590072838802665472
1590445790836756481
1537323711824646145
1497354416093028363
1585842905763160066
1415798535602200580
1464791274561679362
1113508974
1600850473610780675
1503453876812488704
1345506745091842049
1531660022890975233
1530710530209587201
398717243
1592676885045157889
1595178622360457220
1552997359340093440
1334208911549710336
985612727740608513
1114210505223233537
3421982433
3033182024
1277696893443866628
2899080023
1533895840808329216
23196767
953983428696924160
1602885449827389440
1573385194463285251
346907210
1388137484
1591062930589732864
1485746038795243520
1173134946325671936
1447394305505595392
1057847454199099392
1366815903090892807
549843191
1586761845993529346
1120984320968208384
37766002
1431741798519541768
1220045157531365378
1586087761718689792
1252637760235737088
919980301136355329
90321910
1405582957964890112
4719176301
1596698302057271296
1558520798167461889
1562559692638801922
1588474732307173376
1585365215104929792
1430954954710142981
1601637551873335296
1598120847612461056
2450663376
1602431099090632704
1597386091799224320
1589837362997207042
1285679632184942596
1456078941316272128
235564103
1598608119587753984
3306152803
74224356
898235613458989056
1489845721163513858
1579038093285494786
1586610849803915264
1544699012263170050
1371497167152615424
1586604876326490112
1452176787845357570
1031266421874012161
1466399037972795392
1560836084048723970
1572672415435575303
1418295919796174859
1600714467590946816
1519514094511874049
727552214
4339352654
1424174036444225542
1589069375444848647
1527297836747874305
3224970997
1228947463249309696
1567675035355160578
4665604394
1598064407984148480
1423907048052383746
553897103
20204957
2306964702
1602197199626305537
801308356816281600
802302343417122816
3637207875
1594424437360599040
1511332984468693012
1498530254603886593
1602128317322346498
1527313667162681344
1594848827718004736
1601795152128970759
1596857076353011714
1156818508140797952
1439660741930409991
247064180
1517289992292388864
127956571
1589640073305202689
1598793165162651662
1570869723616755713
1598498945986076674
1587182737936584707
1591300154245660672
1129889897022676992
1591184395548909569
1518754319419559936
2871993278
42130712
1599822363633356801
1490536183876952067
1596608305786404870
1556355439113244673
1598836789556428803
1587134787218821131
1586691333309304832
1596688403969499137
1518766281880702976
1588830655516925952
1585674877486473219
1600156596557971457
1548891051657555968
1547911477670993921
1449947304258113536
1210400329
1594159943178928128
1596013319072219137
2540743192
1599623755227185152
1595998501770502144
1588198240020676614
1599467258878754818
1599397081508200449
1486491183631060992
744286459390111744
1552717210522730496
1193260656725839873
1930720362
1457082500887502857
1585818251795509248
1308083835507290114
1334680023752577024
1498208497967718405
1432507070087983105
1496675316885962752
189485720
1598434154051411992
1590125443927220227
1375620669052968969
1519405636819341314
1598157346739462144
1588947159004717056
1246170209989386249
1149337778
1597763159883845632
1194003360841707520
1271943179806392322
1589709975844175874
1462538373218942985
1267816417161736192
1593270531410698240
1582844512837197837
746328758332755970
1596674567476596736
2991192881
1226405748831244288
1482615745632776193
1533470411094097920
1596060397357834240
1207111623099334656
942121874967764992
1590763653384617985
1468080735601184770
1591767427913859076
825009662932160512
1440054288462479370
368791859
1596185633180897291
21150888
1553102455801409536
1585641778182762498
1591078064359890951
1170127309359259648
1451324458782715921
1593990976074391552
1591362015578161153
1496852289813979139
1582573038847008769
1289437145539555328
1399735136472780806
1588644344386523136
1586630882483351553
1351204270004121608
1596934549895716865
1590983308766105602
1433883240331370499
1595029598370254849
1589725126068736002
9765532
1515004043835412485
1588167682230206469
1595353753489735680
1595984435891027969
480609104
1542972556424224771
764248251507863552
1594599899257077760
1594490127837171712
1432209109009383425
887235743520702464
2471467321
1597086910396121089
1527712626
1531050744987758598
1387228850774552576
1588383804078673920
1593795856402194435
1595758067681054722
1594215634090348545
1315318716335185920
1588742252687462401
1309651875483058183
1536335958844780544
1487303683880763395
1455519035920109571
914346553984245760
837826412073476096
884471409673687041
1541897901349142533
1406414398974054401
1285600536545431558
1484336769663340549
1327487450332221440
1219013005746343938
1283420189154041856
1539412547996114945
1525320379618668544
57408491
1270101403663577090
1476021251248431112
1593062665596928000
1558662611155226624
1043515278292922368
1499188938900230146
1286677007187824642
1375888811301953538
1592023148639227905
761661021253754880
1291337897707216897
2937232799
1228005361992466434
1594928957803360256
752249426052341760
1555616869469536256
1506747271311990787
1361315444699914241
968186907372019712
1586156344532471808
1472975514180726784
152827362
1488462511296983047
1535344096423944198
1273628961453588480
1410876334159454210
1200127949728624642
1518962285762416640
807358794892120064
18767445
2588837857
1536331746744098816
1593924568749678593
1536836691029270528
1350503377722093568
1352398569559347201
1594840152567840770
49873773
1554651882685186048
1595512162918797334
1595999099937079297
2989460797
1484918510803370046
86864188
945744037281255426
1312425278627614721
1594724951986151428
1498032029191004166
1461237409128062980
1596596363604545536
1349766041774260224
1596914224780832768
1492700568237785090
1363621247276388352
1479559906495799300
1510105735480459266
738011653904695297
1540598020286414849
178971461
2824976533
184830392
1499402411248697345
1587090275037487104
1362440003436105728
1550460553168097280
3011431336
1199919794813730816
1009240746808004608
1433035361085702146
912075643
1579001858655682562
1280258274407964674
1594707983639920643
1596647263580962816
1465661487557447686
1576615700118081537
3288149359
1489586741128445953
714786755
1368837067728371720
1377649264613072897
558102316
1531474011451969536
1232497966348455939
3078173078
1042103052948393984
1265829318141370368
1578639916640370688
1320165178420432898
1370078473683865611
2207629180
1566401313482629120
1593970176327811072
1571548793815896065
923232992960561154
562647324
118128662
1036613936379047936
1281331339690737665
1306564780925255686
1507846331536052229
1505597777530834949
1077239739051401216
992188494842880000
891708363788210176
1202353754957402113
1001436311398567936
342198407
443208663
1512486539565191169
1489360972984766471
2290515841
198755574
1472626483449450504
4015588695
1558505763940753411
1483226053510406146
1589110802161799168
1548157844951670786
902436658607423490
1059518712196333568
1359039811915554817
959278784024367104
1536302264910061573
1596002491296251904
1445856753837563905
1145934350653038594
1588038829675610112
2989441184
34323235
1349090811678511108
1317992520601751553
896319821100351488
1530786817611419649
231585437
1535919680
1461470044475605002
1595629294696341504
1556251060351680515
1401902946271567878
2911293275
710137998
1348290723150442496
1502006580098781193
1579925733354397697
1596368252019642369
875613072
1373923213101572103
1422015918
1234928535774646280
764298143311638528
73675249
1573611996619997184
1484753753207185410
1500508503135375377
1349886864455512067
1589195379769212928
1468073797425106944
1479604215962124294
251781971
828843157626425344
1509640651620724751
902536065197768706
561260458
1427370106477285378
1515395982879596547
818404621962002432
1590168486558724096
923631526918713344
1513234019026194440
1518735340156170240
1398220711823659009
1559296545844891648
878363120552607745
793545643121709056
762020616077611008
238080492
1056972759094439936
1628846755
1355362978057609236
997529251
1496116364184018950
1216569268453756928
1438153645791526917
894910030398595073
1241771234943090689
1342974478079250432
1456748077658906634
1424509949472817153
1596525687552212992
1306225331653672961
1158596457655463936
3851062577
1285955475423367168
1056316671105761280
1586909699823345665
2928779026
1563742973615132673
1586720592165838849
738422594899222528
516941199
1285426104573059072
1428640689105952781
846916716798115840
1455813197265608704
1517393844630921217
1563175606359302145
822155623794167808
953481980322242563
2327247791
1049915695
1594422884864167936
1557407310120685568
1465750262635769861
1341113377712685056
1498989393583144961
1266538836278026241
1238560275357409282
1285969540350959616
1511754925142953998
1595980920850456583
909575906229878785
1594484049917214722
1540526109665656838
1553599855544524800
1567340712550694912
1537617271773872129
1553951258297348096
1596579474723717120
1542166298364362755
995556907128578048
1523346634339323904
39926868
3307755047
1363334282492731398
3668285187
1580166286503743489
1223277811408035840
1467242570732367874
1277054840607252480
1493023516169437185
1431294580540985354
1596696692274798592
980689434218762240
1472355264095469576
1541214622912503811
3403339870
252242282
1343479039047045123
497140282
1526678886104326147
1469431982467731460
110962476
3166042748
1343061533291470848
1283234888934547457
1060525871587643392
3248597385
173704902
1503774054704205829
1066236993569546240
1507956403146797057
34062651
1581226856300290048
1918166988
1583499658436915200
1554665874178580488
1587073808044695552
869292167373651968
1518670766908182528
1596542978847277064
1594787384838725635
1452436076400889856
46212031
1202063130953535488
921171592755011584
608360071
1492713620928671748
1590886117007626240
1221548730555305984
901488049388888064
1577607691580559360
1564042663766228993
929525928316887042
719566627491209216
1402147063249444864
1578716300117000194
722634841913581569
1246153404839313410
821490699749228546
317380897
899202209321295872
1026349648414474241
1462032339693969421
796417730198937600
951967167926362112
1519484063328919552
955867352104685570
1291152330856050696
1596481961224175617
1249871614583463938
1596285822466244608
33566682
1105678905187262464
1400350529042227200
1518739334333186054
1267481469577883650
1278428264
13561082
754399914151391232
987785408837836801
1595613205497118720
793679032265150464
1587537587299909636
1167130925177569280
3386535767
1574974169552670721
1186410143585574917
1019297282385240064
1539722048955527168
872516198
1537722791700533248
1225466738
3430348978
1358985600066490371
4832087478
1255146736500174848
1586169003629842433
1287119542699819008
1715366168
1120784451334823936
1439767532429201409
996566734512578560
1429593798712176642
229400332
242020634
118801421
1315784753002565633
1388423575506391047
1443671816648728580
910553727840411648
1325532284410241024
1371914078294269955
1349188997462044673
1498798431728553985
53311033
949458988902559744
340604671
1468231074136403984
1062110274747031553
766428025885978624
172131435
1438184818500534272
3865645583
1586126223188496385
4324883533
1381774543656783883
1445838644338696192
1596576240504373250
1472795305917616131
1515133125088911360
1596651625074008064
917240386573295616
3193750150
1551317473978351623
1528482583792713728
1470726945407131654
1494496139952930816
1250007932839833600
720482077314039808
1143560837677899776
1375147985571549185
1586069765386391553
1586821222859509760
1359521337795092480
1273479211584544768
3241849815
1453219072351539212
994772900648505344
1592863502053609473
1468111950785630208
1478558045605089283
65862836
1595684373805731840
1292161545057820674
1338536873506074627
825477995246788608
97604721
1588359535672049664
1187021056814403584
1224379373693939713
1596316458283401217
1596350230135558145
83458661
1596352028338540544
1448039017849753616
1280549697141252098
2766075420
1966630022
931992602563436544
1587466936501342210
1375142066536112139
1132197439757258752
1151221051461947397
1578981876991082497
779561851
48567869
21457335
1177464789812932609
1233191776565039107
1594195632557801474
1391348968504938500
1066762464619126784
1325504894283952129
797613862539448320
1548982457793499137
1175567556507295744
546653684
2668025819
1468335757047877638
1389552351275536388
815246606744322049
1589587032732475395
967866597682577408
473296191
1145134150426537986
1585812821811544074
131868148
1587880452282585088
1275216680663175173
1085416398803951616
1087501063274541056
316633018
1229730294229610496
1585845309598359554
1009156076107980801
1319801878906048513
116375949
1589624589683785728
1594160153787514882
2924825891
259544895
1063650322529353728
1079809104
1595541695445311488
1540314390867632128
1590701444537122817
1521298485122899969
1454261060068913159
1596648392213467136
1269454484150923264
1435412346311172096
1468712275313844229
1177984019365027840
1595482976204341271
1404560997176778752
1322704871825547272
1547408907835932672
1596043515078770688
1205882026609594368
1429218843029868550
1372408736568999937
1344023144898695168
1168245284679442432
1596235049074057217
953824025578491909
1190013919714254849
998629682500243456
1588230947765473285
1585728252198653952
1361598882812227586
1565560791062827008
