86024141
1651809166988656646
955218702466629633
1439584041590616066
1550854307104309248
901204445957992448
1141461295830454272
1427433227426336770
1598052343043395584
1610078899
1649308563960102914
1382944093932814337
1682246238287085568
1681076784333307904
1674084458201317377
1590161793862737921
1667711441674153984
1692173182109696000
1616877332773625858
1658938691794894855
1698735110936215555
1698661330134212608
1646353998054604800
1682487951660314624
1462849677947191299
1602056977164779521
1612673235233165312
1682391611915771904
1595182217407467522
1651747137271603201
1598488853169348608
1622254857179615232
3248098070
240779308
1643411667181531143
1635094366611021826
1307810687381463041
1640892150857756672
1597573985880997888
1667029045349842944
1620526776563671044
1590667101752139777
1595815845896355840
1442819428991766529
800603131
18156511
1681684476009537544
1648676329288548352
1527175553999982592
1679867921684910080
1173859323199524864
1494648920
1366173808806285313
1677308728272465921
1675133659551088640
1675378570351480832
3411227714
1675096571132665857
1664829950908682242
1649146887222489090
1666511487693910016
299273455
1668735382089785344
1505659174553849864
1595608016132493312
1670472124165660672
1472907028834267147
1528515974831407104
1061639933977219072
1638903021315784710
1521876536625963010
1656661051042308102
1666178312354267138
1489353200587190282
1588700550555521024
1659759404668063744
1661288201225658369
1525186673105059840
1461754984769507337
1507440444770295814
1587166009013698561
1579366821433597952
136420884
1573336541342171136
1534531913582628866
1088592419006959616
1617987208803192832
1593229615887171586
1650620900834779136
1653461091089825797
782979733260599297
1640871705781600256
18676137
1502598939270332416
24431333
1627396643036229633
796164670243487744
983857549144305664
1589388563258433537
1635477861275680768
913406138393124865
2244840272
182131205
1628832367518392321
1638174707777425413
1642349590740451328
1266564005113577474
4559565927
1356685368171630592
240005157
1641469258898235393
1517176857212370945
805223648499859457
1454715257411313664
3303536487
816409173026045952
1639756338942324736
1638850907709267969
3291545402
286784443
1519078741917458433
1603120892715978757
1470093837569871878
1400395220085207041
1574829878687535111
1633580604926115843
1614034599327240194
1504870371886960641
1397983462993272834
1314013191584845824
1066374611754016768
1560223580864057345
1628202300530638848
853477277979611137
1428046864805421059
1521610488844587009
1525145201987072000
1704785888
1513577621841350656
1488403501327785987
3670834282
1588246956417187841
1536340577821786114
1371437424337948676
1618674819553173506
1348646733396332544
855514068324687872
1619560140109221890
1554636973117034497
1472299681334050827
1217972174331564033
1489586741128445953
1359532551644221440
1621324884532989952
1343444600564948992
1619223025601380353
1585679694715920390
1589412421185294337
1608273003560964098
1597454994801770496
1595983981
1606573605504131072
1612187112421433344
1592405035073282049
1422123204768845827
1076789110382215169
1609332177761607681
1608872035471466497
1519980685271961602
1607787786458759168
1601062664775819265
1598477525268795392
1518976768111267845
710663022109401088
1605067236703670273
262163633
2485113662
1602055608177410048
1599032483483459586
1199570803425239040
1261251687504699394
1585575975013736448
1550146382450802693
1536059784528801792
35595347
1472739899660914689
1597555781871996929
1543695663229280262
1598528501790941184
1412701271363031041
1596586575302840320
1342541160624123906
1294583095472029697
1595497300842921985
1545962087012151296
849428456630833153
1586835869406838787
1595826749157380101
1577658264946458624
1496631382679986178
1594887800327110657
2901810468
1589777752554557440
1201307235747614726
1455333336394706960
1544511789190242304
1466653959951630337
882627624094355458
1591849785887264769
1590731731275059200
1132267882673573888
860998512254701568
1589371246566940676
941745872840339456
1586383838527324160
1548770402863816704
119133773
2230467262
50318019
730382424606150656
4289897653
1517505719972601857
903001849
1581330067493453825
1371458611084472322
1553503436016058375
1545378479457329156
1278450581422686210
1335272165579649024
42407992
1579805105758535681
1579539169113686016
945051626011807744
1385460469209747457
54357257
1576680755396239360
1568949405692346369
1317239145715142658
1564565154511085570
2321127874
873305833278509057
809514027399385089
1358772893468012544
1441533663729131521
1145702015374438401
1421040853053689856
1570224370269945856
1531823724600737792
1495745698553290763
986595309257134081
1512246777801490437
1543425844835540992
2263250588
1564717271926247424
1446597650472738819
722472340127354881
780160114959548416
868905013
1518899336528207872
1521678491950981120
347711964
1559267974472536064
1325625823831928843
1509663418369949703
843952087222407170
2992507946
754953074838413312
904598434635587584
836055936
34326024
1552206138757849088
1554216136287428617
1552967933210550273
1505664689430220802
1324820518487273472
1409683254551236609
21377943
1533124534462820353
1488949504699154433
804245560630931456
1242955764312006656
126171259
424450213
68764740
1159962021913407488
1493436366457229314
1516983631067107328
1531137897738317824
1503088148850651136
1307153489332596736
1152402751298494464
2985479932
1532199548113694721
1518338168738750466
1487299734511489026
236300369
1534717631218843648
1502234868343836674
1515858252604616706
1522998909701922817
1532561916153012234
2505607994
1519608617535741953
1431763762730651652
1526414125932367872
1353359901251276802
1524369652050186248
1316206021564674053
105706308
1093297314830135296
634115429
1461837336950591493
1503404347144744972
1519796353358045184
1336738941580406784
732074324371202048
1389665317392207875
955485791018352640
1519622128769056775
1462302472567939072
1489140355442245637
26607983
55828510
1426665482665357312
1484736136253775879
829922703628853252
804660055878631424
3793163952
1515015124561678341
1383054008923865091
4836694432
1459534246348046340
1483978230159880194
247752491
1497322634874396678
1491155346626338819
1460467516246052865
1489384049353244673
1495268193136525313
1422653528145805316
719293082877825024
228533935
161834035
404392992
1482302312576135173
506624279
599456526
1424028384108191748
1248258579565629442
1366773443023282179
1490047797084635138
1184922324614692871
1489279447555469315
1317505351286226946
1486781075892236291
862031299669880832
1482088486299656205
1481432656445423616
1482000580914597889
1420608685663875073
152698082
1454216617190203395
1462052896925696002
2329219443
1444343608216281090
1176854767068504070
1366613422293549058
1354227643479171073
1351857472894427136
1477888247867060228
967795164659048448
1383306124405862408
896810349172797440
1430026013266698240
1442303695958392834
1470803628709535755
1412828876493971465
1334682373976363011
1260218870075478018
949355779429056513
1467919679444377600
1252519665810767872
1196262461248299008
1466544122731319296
519129998
1362751838525616143
1366375334875193344
1358123076861505547
1018589297622958082
1415683490083790851
1459336305616179205
1278282883061473283
1460791107244199940
1364007163329449990
780074257128783872
1398400272662208513
965402240855896064
34972385
1367618153098973192
1246200724469485570
1578472650
485700865
1440498136871366667
3354921069
2810395514
1316898225241075718
1240780672173633536
789477500
186471595
382025859
3396412632
1366592331244314625
1451557028455923735
1187199234128302080
1301230635340701696
1055217338763624448
564292555
1405219947396075528
1149801488283242496
1362068392941772805
2194576196
2784804780
1093677824735625216
1451208403485790212
1428132974646681602
1274501560912031746
1370082211232423957
1174816521320722432
137474474
3641924772
1441643028746158085
730574889485107204
66703314
1368423815026372609
722163102305935360
877969099439190016
2516577589
1359322869709348868
1439411779554185219
1315829464828317696
1360187509645463554
918306539131277312
1229630497040416769
1431116247148777472
1416212479865196545
1125179400255868928
1432090822871244801
67044848
1554710635
1366568967310094337
38848317
983095103571935235
1426438314375135232
274567177
1427330341291896839
1427367234926694514
1400271285666582535
1184479080026128389
1423594073370337281
1123054257408811014
1280203296997879808
372821361
1355345010535890944
1412833325606051842
1264821820642988032
1247099525640192000
1158938218424930312
1322704871825547272
1388966975511175173
1416550194968207362
1127730862441803777
1351685979258683398
1402890605932343298
1362509606224875520
1400898602562514946
164928882
1290880988420042753
741377469765156864
1191198564480933893
1405701662790934530
1241108543190765568
1384573738264383491
1278177842375917568
1107772537717645312
1345672952289914881
919632217374167041
1393014866521169922
704181782921486336
1372244753417437191
1274692457913962497
110835004
1351525075812556800
1367584818586939394
1391557115815383052
136420789
713774832
1389129875261464577
479026758
1384347301146075136
1357221268341223425
1385737916740259843
1347186372067680257
524031487
1257686118696472576
1345840222639017986
2718303564
1336013927730327552
93755227
1374024450803335169
1164176887712796672
742454539
1321156156178399233
2972111613
1066823499271102470
1155987931342917645
1365086833969889283
329225626
1324435525894246403
1271995503354343424
1326625293302329345
1367847346000760834
1102987848741998592
996505475595239424
1358739058944483330
57563486
1268571242191294465
1357717304931479552
715299070
553873408
761363750196772864
1309524913527586817
2658760976
1130693624306364416
1297899429673013255
1358969502806007809
4690322736
4220663835
756313054250430468
1354775735081304064
2607421675
1355710228743004166
633062961
1354968776140337155
1134191141929099264
1354635348807192576
731224972425891840
947930505483300864
99577035
962925365432745984
3404208238
2993746114
2793264235
923629976590614528
1141774631025750016
898879718
1275251482259009536
2753302650
1267884424772947968
1191131292949196800
1203699421847810049
1215021308792188928
146631080
788879917635112961
18817675
788083734276771841
1237413856265322497
1323731106718535684
1350271617188954156
143676119
1240490041782214656
1176216639790039040
1354675134
1313219399290150919
22673835
492528766
1022185080956116995
3429346930
948412610654830593
581930875
1185438116007551009
950799360211681281
1131334489974554626
1124005526860386306
1311609990042484736
1306149737410605057
1337572497886101506
1158536583479517184
763142394418126848
1144089145083682816
1267133474990931970
1339749262557655047
1213999330274594816
2511397645
1053148805837709312
1179777492112019457
1325964351371702273
325829475
14282697
3478623252
925023842405318657
526880189
1273528843995758594
1119264506654482443
1321639162928340992
1323980495424815107
284465614
249661746
1306981912431529989
1162221108050792452
5984082
1172628439523893249
391243165
1060365016489177089
379252048
951696209755848709
391238324
2712441570
1332453254958100490
881125043857629185
359564925
1270445493437505538
19327695
4828148185
485037098
210130155
940613841695662080
4685281430
148106225
870804471802212352
1183077336255750144
33734316
960000200801771520
55411235
22166573
1240428097062633473
61056580
1315182255342485504
20352783
248526717
27480147
3798713420
1218974859717308416
2653572167
280390239
1142064494157451267
96237379
1120953847940124673
1908204763
4361378714
1324119685797990401
1045443221567016960
498071037
973738720246534144
1189393919324368896
915118482
605870077
1453265641
1249136548651520001
1328054570082324481
1274363489671417856
759346582588456960
1149772385400307712
1327117026335346688
1324423067687215105
1327100528443027458
1270767322215710722
1268613311433752582
1322644365391634441
2752985255
1307190032986497024
1324503328601133056
794062609699876864
1323143223787872260
1275776139420721152
1323895427079569410
1100287213324193793
1275952472188760065
1320508504881483776
1322226286811467778
930136015
1319267562031583233
42698622
1167078441868386304
1225951519733886976
1317943259868561409
1005652391100846080
1307182325923344384
1282708842753789953
1236367340876574728
1297689848577429504
1273299433783013378
1136381920181399552
1263373275494785024
1061411915673538560
35518332
43073704
1248222007260569600
1277496308681576448
866136746177642497
288359199
604254366
1048088604252098560
1156604696326541313
1284597380982042624
1166059252802367497
947238984463323139
1266064430506393600
1279977776104251394
1267239166661689344
1266578625203261442
1267600512624590848
895842860523802628
1174647354609295367
858741210768224256
8877602
1245625205717782530
1313243916632612864
1146866197046157312
993996216
1311259326770749440
83502731
600145619
1295929622870228993
132960229
2683391701
1292811334757658626
1266400027640987648
480434492
1307527257339166722
2274863330
818193427921862658
1262915436531912712
1269065106
1158038206169960448
2918271643
222326219
1153060982446612481
739013222569807872
815066189110059008
2225843631
2915251959
840433985939419136
842883547882897410
710627267081179136
915934341280264197
766706816
1301707241855295489
754342103744929792
248754710
196381946
1301390407033643009
754829107897040896
1275218569622622208
4872349865
1296367564956737539
1220744200838438915
932402055117004800
1605049082
859602798186553345
327739897
497732221
832042114422800384
294727575
2444400397
1091506889706426368
440577671
1151848165747957761
968081527404924929
451639191
1282016869235544069
818121727746129920
871576987340607492
796910684407820288
168318435
1031710482892087296
1085572304241913859
1296879352551006208
907993157098340354
3030950513
1273038657767817218
11429052
1217630050000023552
260296929
2733166494
1267617253819899907
755063448690495488
766325988938702852
979483710641782785
838563608577503232
1284377771599224832
792087193934188544
1265981747080105987
1161542634625753089
1267705622
1219775143263789056
788555139682533376
150817989
2403017900
710247588218466304
2885802829
890077351
303307443
747722258911756290
1265286561249320961
959213346581921793
709686812
743573484282994689
1040448739406536704
15926060
1237392743481016320
1283225305927184385
18849860
1295228628695883777
1617943388
1277330065529933825
1242777671588872194
1262495763520782336
863121304492408837
364687466
1291204274974842881
1242299885644201985
1202421298711777282
1149434412662026240
2671670131
39481850
712373720787058688
934467301092614145
1210020302178013184
1243856297625300994
1282038484694437888
1914500959
1272041969896706048
972289866
1118025198341541889
784900120563290112
21995542
755336647089221632
1285757410636902407
1082481171366400000
2279145393
714286988
69601676
3249913970
1266859397084516353
1284381185645445121
1216240398575665152
717223802
836034852713549825
1282909432188461056
2853172431
1133190939449520128
1218899519057858561
843113148064432130
1139294941455122433
1280356069760516096
1106955784565465091
1154079991858159617
1049791881146761216
976428672411488256
1137412640081399808
1191226293536378880
25818922
1269070330213142529
314671210
1181407692549607424
892324873
14685782
1279182365680480256
265791905
1146394472365940737
33070785
995726965033316357
1156085058337423361
1150888428638281728
147266792
1271081902443761668
728020712850481153
46806111
173669904
2864078126
975917146252378112
1094447473299505152
1095068152357179392
759881703632605184
179890246
1104208741380050949
3328180753
1276869619786092545
1277322331967365120
4128294136
3245023990
3073470205
1239907315417075712
1251510910390337536
1236839422236266503
732612795078844416
1229237284932923392
1009109859873280000
1275537577240670210
964819179101720577
55579243
92416449
63962977
271020134
1272760316418498560
2918139826
1269318260090118145
1215510658030153730
1015571624
83477449
1921144777
1222667306679119873
1112119657404731393
282348647
1302175045
1254474639310417920
735294871355822080
1715004362
17526211
1058681997197959173
979781057850560513
1251541033764163584
36562100
4311840815
843875353202442240
1273114367287070723
1106746928426029057
1272731415063322626
944778859869822976
774990242956869633
565044639
714449739
1272769843096363008
949681961219641346
1119818668311924737
1270718324280750081
346155350
1069361054835245056
918090271207886848
1256652683206950913
2239362155
31495921
719669024678805504
1234986932096004098
762674289011224576
750462268551340032
3171211230
807684524754800641
4349283073
1940729918
1267936079623024640
832069375
2571108486
95963751
2934627695
1267344896395894789
828781189733326848
1255642226241286144
1646120928
1256513837551038464
1204211409183223809
1247744554700136449
268210862
94267567
1243267040607174663
23044895
50808564
2516485663
1190024251706937344
973721423209525249
16485074
1253336711511158788
1190641136001355776
790630861481865217
1258525519001407488
2157151095
1261519782664450054
1261433082638450689
28862779
1240056536380125185
405778979
28702734
1036353143049732096
394359280
978979614218379265
1370226720
1242324436490932224
948539088143036416
30132013
533693589
949442125158023168
1687234634
893977521896644608
1259506685841944578
803765775723020288
67295413
1251998885679161346
992087272131645440
1096133023173566464
1238243512791044098
1149765541554511872
845237686608769024
1217807450406977536
940313137240256513
1253965229660266496
994589042653188096
449618162
961011759934005249
912064087676383233
1167212620413374465
2269864375
1587278377
925429150671949824
128126216
1225393291119808512
550562103
1231591561206456321
1182428399412875264
986940357706485760
1210358006761832453
760263918388449280
1104107349466324993
1211878705770811392
1152904662846230531
57959628
1249592172950650880
1011067661231550464
1252116466826186758
325979892
1250805146747047937
1248354606465331202
36612159
1193529585259995137
1190301398757445633
49149829
1249068109777866752
1248139516457738240
1233324722433249281
1138749314468130821
878079440479072256
856555419468271617
82211797
3374676963
1231782253010681856
1239301297255432194
1203735918496141318
3323410819
1178982133207126017
581341005
1246161969113182209
787452002263523328
1245797670603509760
1243944708289806339
1176854013964251142
165644959
1143402618817011712
1239720298108399621
816534866720423936
231546312
1157739574665367552
1243193121908895747
1208408250003214338
1176671192985391104
962038077089660928
1212651434082070529
914559227670204416
1185554130552705024
586346748
922251984878567424
1213366628773068801
474854919
263830489
2617811454
1235017539773542400
897810916150054912
2290123645
19833250
1239590290366672897
1189708524185624576
902260021043613696
1143341629786513409
1235670981764673546
565018290
1181588689245392897
1191923436693663744
1225611974190305283
3021663385
16478480
99718651
1167036287435575297
290971993
3579809367
1147920334248665089
1086837259620429824
1201973444172226561
1213067575929622529
1189289546694848512
502156623
30945935
1214643611209523206
1162903949353111552
2787424682
728733298373988352
1027672908825591809
96655883
1149694677970501632
1100128231397752832
2239756608
1196175038124310533
1199510349252349954
1141904331870019584
1158588861225885696
762955561
292207139
945881008368431114
813807482820816897
4026891073
738710158176571392
1147361675408023555
2814372450
971558866403012608
41657437
30488898
355553437
1225924936583110656
1225535220281114626
1224949856352866304
1085874622497579010
1222410979302092800
1223654827814793217
3035730489
1204388570787528704
303868839
887361973
60229149
1020304485883752448
1260422510
1219450758044758021
1217976725092622337
54065567
560402879
392593616
53895022
737858609758011392
2808957630
958638097641693184
4200639435
1214929382055256070
2808426440
1194834314535374848
1197778168955826178
81506104
846408660
421244710
1192255735
1156749150513332224
1087587477412552704
569392100
1149542867494326273
1028456894728351744
1143251867620827137
2920154430
1016257798504525824
4791771138
115234484
328205947
956997651177852928
941171304262074368
4777474778
1197653882937196544
1125657952868872192
736016951332372481
2450425167
2147808626
1184934693449469954
3295948893
1190442596700692480
464269232
19754973
418258099
722458330686439424
1213806687959695367
1176507885305679873
1125386582
918025176
1195800834929414144
711623702853656576
1104770492043534336
16079641
2212837699
1017296955301679104
2397116178
2300773634
749657035374034948
1101137431632531456
1212841779046670337
35592851
825892956431405056
1190952186211115009
2226012845
1212074331867451392
1183415036972285952
1202623198891782145
535977623
956684526692036609
562276885
1115666684302352385
805919583030935552
1108572050933854208
536978955
984260232103768064
2474575526
1204468100101332993
242131229
1206315235516321792
1027378392642056192
887664792890204161
1153463544844697601
329610737
877169420518514690
1207015200978800642
2918039334
1203448778948317184
1175424186816184320
1704418920
882486334178205696
15694204
1047531715466616832
250666550
26654722
1197636955162337280
1603791481
1117212715
1898295032
785221249
2530913162
3483430823
63826026
1208205270737989632
435095697
2766805044
27929472
29521055
2496442729
7262942
1174742855559999489
770217798
809976524547858432
1204877842108035073
32219407
38942132
572121959
37319041
573999173
37211555
3031048780
18075133
1160265495406424065
1291945064
770577537265176576
1123578865824276481
950396060505137152
199770246
1002637374185017344
1189143692457730052
924182161120411648
1144483744285204485
883514172473982976
80145705
1647048750
1420720842
885297007308414976
1204230348609064961
2831764920
1206955768760741888
1081358002534473728
20843656
917103195301740544
565959125
232407651
697501219070341120
88291845
1188191926408941570
1195464751783919616
51701028
845070010720542720
3095130883
792286843
1249729843
281851419
1009588379640528897
1661263351
295504875
1203512618494939137
19990029
1097686606633467909
2730124026
754180455071703040
594967966
1181002018728615937
1197740806427291648
327010441
1168984237623730176
1182007864409366529
1166880735212576768
997904778486165504
142113591
322767550
114771140
5173481
2302524274
1193743513831137280
1179979666200899585
1112417717670346753
1186296894760374279
1199819892746264582
423581716
3288590984
1188503316852023300
770001076582019072
1201679979639169025
2795038573
1201344802966712320
15976697
1186815877628547078
988966798845464576
2319434114
1080341452071284737
2929718880
1201151984600002562
3400737969
1196918050651402240
1015449969225019393
2391897518
920941384730804224
1199367525483593738
1120077065729060864
43702019
1198782040314961921
1188734349732122624
844433736263499777
21554968
1197299543928213505
1196873493629026305
2999909453
4012983256
1098639558659399680
2896895122
1121761127967408129
1596061417
1197676783426031618
1194463408927715328
708827623154028545
1194108889698127872
1190418041110192128
1196777685898481665
825442822996295680
810731499725221888
167376255
1065566767269871617
245965051
194216531
22564991
801015924
1158514328011718657
1149845794243190790
1189317342884515848
320370596
426171392
1161212690993438722
263770719
1195429497526464512
1194277441038098432
850507626
951845638525857793
1178870490926071808
1095781727698440192
819048731177811972
1189390773910786048
1187195872897093632
964846849453711360
1192238990025379840
773734047646351360
1144291244073476096
430930352
1194123544197644288
1191972977035948033
1074208018034774018
1193070360142368769
1902366524
4579496248
1163534988358238214
394725061
761408394653753345
3218677655
1193303766990090240
2825251942
1158419043101003776
1192905776756674563
1026991607998906368
15711730
1918228609
504228747
314739157
1172292100035174400
1163112891505172481
1186520778625425409
1168591784911331329
731666141165309952
1135321999159382016
1649080346
2244225711
2767605283
711960412334526464
1016440785493901312
963619567640743937
4385539655
1000039196982218752
961109977
1144780864858935296
967794926514769920
1190098605492752385
1133157284438302721
971157641912229888
183739654
22817956
950308226385420288
1187875331283259395
394390258
310663369
723349112070889472
92844900
1190316980223401984
207196064
170319593
787902439433175040
1012238576367669248
884034952500842496
583570224
295298483
1159063978456129536
14553947
1189205853808840705
1182785441201700869
771148244432719872
913164343692345344
890018179061358593
1181234208653676544
191875554
357899639
1181395596013260800
3640140194
1107466603
1186392399049908230
513379717
605730296
1178171956329373696
1175279016682622977
1175912025907716101
873470215006433281
822613921563607043
751645010936762368
3742386195
1183602651608637441
764662455888818176
805050569077522432
1173799878109122560
637211551
1183083053863731200
2330779034
1126266220045533190
14252200
868201974533160960
1145304749996204032
1168233383115100160
986544332617347073
1027361740990734339
1182733028222754817
4700137995
1172234801866260480
869955728613621760
23585166
1002246645365395457
1026717073899171840
323542203
118934655
746630792533663744
1336277768
4863079029
1165990115434467328
1173117218554560513
2328281498
757096315813638144
1167960440204398592
2591861466
966124525065854976
2819882936
715667003416051713
2225820739
1177478752751644673
1174730632833982465
1176677534726885376
2335005701
3316269755
1178799673156526084
3227248252
1160537265770156033
998194792436727809
1168187259654410241
2569786267
3600841213
305162772
826184961334116352
114770420
1167289934882852865
207205931
992533308654473218
942551084
744184189055021056
488512504
1168646002133393408
1169096270448943104
881106978042503170
2903079845
4690750699
518074227
715515199227305984
525972109
1078460701176463361
1071881666744860672
1163970537879552001
2349309840
406353065
955210728117624832
139618269
1041702448795013121
1121862424267767810
1002196309426794497
701170828805668864
994432329023045632
3948511757
168749507
1071851768353615873
16414188
1165280756253515778
750399018
1163817554965487617
361628602
917112861142470656
814488263486488577
15107702
47256078
499230066
4891447579
824186612754055169
344773047
906581937254526978
262424642
35676943
1164738450274365441
27135958
1162131281645383684
753054172275208192
1001529068737716225
827318448262877184
955585691974545410
211113654
1161150267150102528
953953760958492672
1162842115929509888
3184370486
1052675753433882624
1156260235444666369
1162574250399678464
278717673
56733855
222975264
1017526578929111040
987679234868072448
1082026015403077632
272698999
1161027061475160067
19040499
23257393
3931970314
76796039
1159816290099499008
243814975
873644670424895488
3410843525
782644917084430336
1305314474
4911324614
746614649194418177
809532815981191168
1014624624
4389721274
1158737617128697856
998331169744748545
1055540861155639297
887570337226948609
984385012391993344
957805686531948544
4892061629
841360989580853248
1052687973823733760
1154203452680970240
731475757331972097
1855293787
2540239490
424927514
886544826933628928
845761404032421889
381162548
974485797419343872
2809274999
2843327567
1129173791429582848
777358134
824633953290166272
4085288662
3135095179
759959737
2807439203
717044220444278784
1156290008216719361
1147660357877534720
1011371733100716032
237786487
1273621435
1006901199633674240
1020079327168278529
825573340253450244
999092743401082881
3008375875
1156303704229683201
1157764123721027584
3316268159
2982064331
825455980695736320
782310819015032833
1157322036194136064
1156892653658804224
1091718864952541186
1113782147846934530
18259055
893836972103434240
1149828331937959936
1132848665561784320
268488657
932496140003667968
1145413818723512321
1149418023939448832
796417730198937600
1967626812
731168207927705600
1963527768
424213701
294442140
1133865317824962562
1154412302466240512
301656286
342719389
777030841
1546933585
1073402773
2471878450
1150839802616590337
4901052983
36208124
2290195752
1061163710629191681
1115683354613911553
1045849641223426048
2996656857
1150483266241212417
1151469283156856832
1152527017369194496
1064071776722923521
615129926
86655002
942660351702601728
30051581
1148020104921305088
1111751997869441030
1151704391201828869
1152086133460914176
212482217
26331583
1152036777311576065
1054435486666764290
1151881667419791360
1149771039536287746
1039598863575740417
839292602981756928
1655396540
262994158
20776532
1344680611
2265102422
783808634128048128
991440420
1151451427174322181
1151390807724871681
1677509286
873057222
213655621
953075997515055104
3016163494
1150202411736358912
831346358363758592
68057790
1150288640096030721
1147200661819396097
1075465972667084800
65786703
1131908586878062594
996029936203894784
479908906
55083909
779209579
293252372
1455831708
831580136914849792
3041590600
59179135
118229783
1147762199282061312
1149208141638201344
820287683289317376
1139487524487925760
1144369888712151047
1071612052303736832
1124365382528036864
100309313
24383772
816531179532754944
351643293
385502942
378492047
816135178695409664
781225826914304000
533555775
89809336
1127388725930004480
4335464548
786258664046727168
544886223
1147638194177019904
3410902689
1148632461166825473
60291736
1025990635583459328
348708019
28788030
446549898
1873473560
43316069
1133851882768797697
813256929266966528
959219838156705793
1013541763619917825
1146171170833612805
1097703198473756674
1142619153356009473
3428751971
960613673109741570
4073155150
1147502284890398720
26933188
953495107906523136
426825796
912638731101798400
1644089958
1059187874137100288
3242374478
14187858
3318223826
1116345515761909760
1146878840985178112
822529293527883776
297433332
941753248620449793
1146806843882266624
2194778808
1145497774907170817
1131537896484331520
748208383
1112990088089071616
995940814156017665
944022723776471040
4912132970
240678435
2660258276
2854804457
2939691186
473504628
1145500670730092544
791141642736656384
1086917954204184579
1013226390752256000
39886521
1145149649877184513
1142488109654904834
1945713420
1026665422727327744
770274626991710208
561706818
1344304304
707550402
1075844030276222978
1096283169899380738
1068193663627476993
73907297
823249585359437826
37656180
1078803529693913088
3382008621
1128929927133159425
873223009871437825
935163681796689920
226320710
1045129797674905600
3290140594
2481816248
963218125549383682
393641182
983664348831854592
1139615615461810178
1022554929586683911
1071284791536947201
1143072930714324992
1140171845989261313
446490076
799949976403136513
712690051201695744
4745467272
949842420514086913
1048338005428244480
1139699811555393541
3184210805
190304736
1128089931308363778
1142790430750326789
24756583
1087220358
902220878246760449
32031949
4608267134
899365863920476161
255686676
1131046218274967552
1009072198307500038
2372361066
560553929
210527939
22542872
2859289870
1093336016239288320
3115864453
1201953132
234826394
978707251430088706
752896090681204737
1065435390897737730
1082978627938066432
1016188813
757305857952579584
898170953926094848
2582781211
1686063630
1044879105966125059
1033209549384237056
158281339
37863826
109640315
1104223583440683009
309469779
1139564012880969733
1133421700220096514
997259955542593542
320270230
840409420660121601
141656818
27324219
837555557804339202
1128677931062980608
38905392
1310728363
1137461598468096000
1091217735391031296
1105890006151950337
796821493778944000
3761046317
879129740019474432
239852454
2688701658
52755564
799117621236858880
860269755621666816
721096238020628481
846170841477992450
822475816088895489
2266771286
1015295486612291585
129912810
283324428
1140452445702774785
2776892210
1140133160035991553
1140094937356128256
950600501107736582
1398133933
895605672129069056
2701617788
411943925
992613782429028352
1663314320
1096417066968481793
891163508200681472
1107825924601507843
1136874625844109312
221898843
865685025009811456
1087646143394316288
828475048792961024
384039234
316730559
852091473344573440
794753548328243200
1126942421449883648
742517987354234880
2572862908
890366946914521088
949424399555407872
1863855026
1720414320
1100132521214382081
1071523772585381888
792128411124715521
40041674
32394815
1135901998048563200
280000083
1089163421503967233
1135791351369490432
751286557
1087152088877092864
2958671068
2600684773
1135585853932285952
1024805206100299776
1133245711896547328
173271731
3513557356
1136327833964437504
242453146
1058163402575634432
3018742509
915164199520792576
1044401570794754049
2814295828
915164340604559360
1090170866086887424
43865865
2553539203
2941806325
1375858302
763132713419157508
1133360867263897600
264622386
68037156
1133408056480587776
853498748638445568
1140494880
797150600160899074
1077291821372301312
1127547875301494784
1066409997767200768
22333646
386795170
1129756787127857152
1095735806197710851
1067738058726887425
222582311
951628229202165760
73787159
28113318
799069220210376704
218695213
1056507090750111745
715435146015473664
1260802135
1086368871479529472
811703698741231617
3276764749
818451410245152768
1014606759921500160
488777736
1000441838
1013630660504883200
1078105826
879737457893363713
93146330
851083603
734441109590581248
1132766999996764160
963096582
1131918976483774466
768737240876847106
895694513460609024
997584042643124224
21496427
48166411
4005949094
2852752794
160414550
432614294
782046900061138944
389154976
47431400
764492456
1032498068711596033
36416020
1130324097156599808
784089439760973824
897079877836341249
464070739
715957219972530180
1049458666007613440
1130241882821279744
896242685144707074
973865971633995776
1367390257
221081374
1118819536600555520
733441842516099072
1068409528650252288
1108344802859311104
92425587
142829317
1129141095751983106
1125430715540287490
773940357579014144
840699047803461633
483399260
939992286645043200
1128815467743703041
830656650214199296
919914043
1044842957478776832
1128296472372400128
777646443335213056
3041305803
907619507828609024
1666369106
967562560118689793
838089699143069696
799110832676290561
1368062251
1004921084116897795
4460100382
58861344
1025162038086184960
2419511190
225774805
897875787126329353
556969755
828127901321220097
985125233408512000
19543924
26278946
4006404124
1048322603507580929
731914934
1125096611414077440
42043727
1114284983575703552
1021690280884559872
223937923
1096514077495517185
2789083371
3013471692
1062402927606853632
183292208
1289878296
100673246
716562521260314624
11622712
52944689
264977852
86342349
83189866
797456826946174976
791643461560655876
879412542745006083
1122337536918138881
939677877330677761
552957358
1062163018077868032
819803264384253953
1001126462760542210
631781675
898359990192398336
942457648208928768
1100945247549427712
190912237
1112423229665226752
3828822975
1531623050
1121529554256842752
15198981
1273961220
1026005243602063363
1020945280232034305
818469421618380800
275689860
703216352140533760
337422857
1072585969835147264
94636963
829863845581639680
2450212278
1108341843882762242
1096243585291354112
997236098228211712
1035711344996020224
1058999798152388608
832793144085262336
1119733491879563265
1117246924791451648
124089300
1080930067205840896
940167408
814879460956590080
1054567835085692928
1093557311199571968
4077309673
1948326829
925516863601340416
1099805352760143881
818905354205622276
1114625290427404291
164905116
734053553707319296
3072815488
1088203004774252544
745616365332103168
1074888037144776706
1101400739727851520
63003206
765306808978202626
610395384
1113110520100524032
2918857394
1024114051050295296
1116917907856826368
1024841172970360832
866752414245953538
172008006
867151369211457537
1093808669828046859
4314665908
890035116642373636
948303184019193863
1076934700793544710
1042722278520184833
827372906703360000
1057665610220531713
4764867268
789173171190534145
868528068398202883
395884602
207612822
1116766980596543488
35376068
949606444613042177
54994960
1433429654
1500382586
2296488054
1025067912879587330
2635243699
776392704146214914
1017485967479848960
1071896060551925760
224424059
1092842587248095239
2830725760
905993515636854784
1908669746
1016203122
1288927218
1108889682887086081
951258580879134721
20405997
725922085
14724468
936995510199631872
17702252
2871637006
1090732081242689536
987875655781109760
1003451256558546945
395475422
1717348572
992991479088857088
896524461213716480
1078837716207382529
824834350868934657
900120750434242566
828036716749414401
1010225201949310977
1112574634224828416
958937008008826882
1114710618768982016
801679291335528448
110907446
4184121269
748370723949903873
776834983587643392
1292164087
1114686803171090432
39864196
1264065878
1103069707903602688
1081935371385094144
1109430300914913282
17731533
1109932221417181189
1105124048995004416
1305389990
917441717208604672
1113500589651046400
1092221050149109760
1088648487481225216
3314476676
790915455976411136
4787545161
3108658431
935654063076757504
1024746313995317248
1112026769366966280
1087520967641972737
116876723
1069720356552916996
320381702
1000439365741445122
128950724
2369677814
1007121509020848129
244516463
1111159871041351680
824350662
870237179800190977
945370717469757440
936077376743723008
2720826351
24165097
816010881100382212
825843382098464774
3123663233
88786572
270230905
4274419292
754342297710362625
2166115682
25444103
31015961
1058808380284956677
1638677252
2659904445
1101576702453534726
1105554326280437760
919359027707969536
2958878613
967515905298112512
1105283330579152896
891591792772218880
1009832042568138753
47730167
53216256
3033658256
1074128436
845198642138902529
1109508416681246720
802906520421879808
854458799578529792
1022224921076805632
117767052
23989856
2407605656
1109959040052969479
807791955560239104
2176271091
826472813955600385
730897475591004160
2168778840
745249838439215104
524938698
833200111987494912
949832406999224321
1109545871719440384
90486876
1088720407849508864
985972493407129601
1107995439272480770
1062655857790349312
1108918584028221441
92593463
1362982316
1108936850322812931
839951478693445632
2855820692
17104603
1089568487335292930
1105649000592490496
981198629586157568
809567324529446921
1099060956766916610
3574600157
854548219467935748
876871354259312641
976832344521879553
1103451321640742912
2470463042
1087910449935515649
844704807403343872
1103837528950370304
2334234338
901275649
2588329891
19786121
1109202510386995201
1073925721305767936
1106047186553454592
268788672
438013425
1100191461784649729
829004624287916032
1105380559314997248
20247875
1108818885233393664
1104718784613490690
896470550289186818
968001656037236737
1104797528749412353
1097319199502938112
1025641131344887808
1044339740248432640
1105091405733486592
1108596806102016001
2280280947
2477171136
66438174
1069658390618669056
147829467
939484063
1107437028365475840
565908749
874189039989141504
520535914
1097360124224495616
1107789704152432641
768082692009299968
1048774163870011392
810260006838870017
726105624333918210
1079005208821272577
1106244088486133761
1008229663427186689
575938239
824590527828000774
779887317959925760
60226959
977523985863684102
328526350
896052976707678212
3277125698
2405319888
775706997266284544
293930047
1095378458212032512
21674848
30852415
1103506906109231105
907261438753882113
705936824280043520
1103548596446744576
2632681706
1941018222
781898001363111936
3090520865
1050875642739351552
226442638
1076030447182786560
945420782569644032
406627271
4731479838
3178580959
2300830489
989073976017203201
70299246
2926539764
248230757
335269693
2784415434
964229884066385921
879758875
985992306661777410
1082410827003629569
943970622568218625
22299835
14864674
613202157
142809500
277079287
813152391700877312
509860257
811495227865366528
2253272577
1012883981195362304
839273751317458944
159581430
1024478656670777345
1099069249845374976
1088443268805873666
961587777497387008
834857023527333888
756547924721532928
70299108
2783472380
992778362153156613
20789558
1102389008695345152
18711475
939910005620400128
1008046724189970432
469555547
214922230
842050668038885377
3146914922
502193170
1102818132694106112
1301777030
1503446203
959069171848904704
2784165669
869393226
1029901366683226113
955383194399969280
1680681876
1098761208382087169
770443308
982740095206801408
768402435215884288
21345280
467516158
4846371897
994812043692838915
1467554408
994348784216956928
2424614910
1084308504406421510
2304943111
41029511
825445747
956128010
576570764
201532609
1106056234833195013
3249335964
1106408927632207872
1071049073938087937
863411640812933121
1106230912432381952
867261009316069376
1106330898792890369
4827789243
1014595331676364801
861905125
1076440480760635393
2994437115
1098673220335603712
152011817
1042191101623500800
870084715
469338840
406629764
1390634275
807811134
24635878
152446240
841694471897006080
52783397
166444780
1520467537
1104998842557255680
1022164097297608704
1009787945887227904
1073109618514120704
4094970558
379365374
810740958551822336
278271322
571180553
123171022
1103405670659809280
743520386919325696
143927745
1005263108032507905
984428881334624257
760313970
732301387497799680
833229686301827072
2610113936
1104187233853165568
3307483146
827164460385259520
351443633
1163835008
408908972
972654691434692609
1052202505780617217
1086871083947483136
834196603145711616
2475623330
2911212242
940795751214575616
712334829388484608
1013127858963861506
940606265985814528
860486570
961956178438782977
710223901
127433163
3577028055
1099156860601622528
1033467026541445121
14757702
843862911516917760
1068002330199547904
214142907
894234816
32933298
1370750022
844703215484653568
1078366339507531776
1101132159128137729
1914692228
1101175202141081601
823351988247293953
34857889
2495611032
279872903
922816876186669056
128650032
838457598303223808
386587925
26525978
1102074685506891776
830907228735442945
373938136
3256976468
737732624504983552
967002499352850432
20464538
48266695
1069430745595285509
822794105008820224
968991563849392130
992107534344318976
1012540323841658880
1089870144485105670
4740403614
1093761411820474369
59687688
69738145
68447913
1040397875426017280
1015355999564075008
1022581975503097856
935314891627474944
704520726452183040
3413276129
501280999
93081569
1100285083439767553
1098828514424320001
45093169
986001007
221543326
962316031753535489
795832924537032704
843285246367973376
1004941619655737348
801445743454289920
1084519521417756673
51641224
920171611
1010489188230270977
995733943633793025
1217045162
1056373108242825216
746707887083266048
877270381748379649
61161439
28358105
763464199653695488
1090686160484159489
1098405961121845255
721387439990779905
1055439777284141058
1004567360597000192
877186431432744961
3434747733
402343292
3075793968
954403784234430465
141878237
2552956770
1097369191529701376
1012795873942757377
42463851
88349049
1082846252679741440
964204547915751424
2944280244
383025624
828329522336501761
1034044246754578432
1010953241587314689
823592562577571842
1979597293
385533353
853593085602869248
323575553
81824775
970650205505847296
1088631560243433473
1096828724195012608
40588719
3145706092
1014612160482283521
3095111746
1043470899070922752
3252258246
1078378655728861184
870316053313748992
4740179837
705791897386815493
1096590345603694593
1062197256441466881
1061979917578129409
172487174
303594254
3024614327
450148111
2227673580
19034576
16190478
467955084
857614279448645632
2256749301
2254104481
1086595229715554305
518951162
50199056
1167362988
930920422786457600
3390138461
816145328
40517339
94544358
3222693295
2783078835
389879852
19016900
1085664680692076544
17980384
2751326834
2868264539
32203759
4839861539
1009982733521641472
237391164
455184958
1030308720578912257
1008141607282118656
792158334002561024
20652877
1094554868948365312
530967077
1094290111351656451
728256344109649920
932014644847407105
1005007371159068673
855303625
778175941910601728
572292077
16171897
943273399513575424
398539457
1080212003216609282
3290256479
1081618237463412736
926488790809567232
978380656404201472
1056734322907058176
3146730818
769845351884947456
902690668929327104
3399740785
2898945553
1066921606692257792
1092606785108803584
1090249326587195392
866433261915877377
377600047
33597746
899323715225178112
962738290628710400
803608550413111296
3081026023
155581955
958776527994400769
26040780
1086785072857055232
821681617
1075759358833639425
936072470628585472
35671627
4690511401
527037989
712093606409072640
971851032161435649
1037716078309171201
4743272341
58007320
1016847712774340608
157905933
512151157
975966960314826752
69406594
282789962
910312177780785152
2159556607
1067961508733349893
819008342039425024
898936562645430272
726936092746743808
139773580
812764510847057920
3319056028
305211380
967047044706680832
926501652852625408
4878811191
1085193688744148992
1089016364776464390
888240451
847563392306917376
928094831875952640
739362376919584769
1020478026189066243
94132483
816815832823001088
604945381
37026871
23107081
2572288815
868555387
7701252
526640211
1007365484017258496
825505264778493953
445637919
3039865893
1087750458528157696
255776947
213970535
824399293570174977
1029990944211382272
823782825241374721
1064254732900827136
90234423
913435145679421440
313086409
2192482406
183017088
166262378
786235661908967424
896537609723232256
38514750
1047944063654277121
3338706739
1012562952
1711382040
1084673927622873088
936238338356404224
1087376214753456128
1014201597335875585
34165682
918855179570626561
838072025541390337
1085039660106014720
1071513762006470656
2728086690
979380782560137216
2592288341
4604896334
83862652
44128622
64172552
608688527
1048579106550505473
715119725341061120
1219278691
729122378
921802088186896385
2347717566
1086051691672358914
943531538809081862
1340381245
4885098324
1075879539371360256
827359113101185025
821499656718974978
1385621467
1053965296904609792
1428443238
857202162824355840
982107435807600640
2744915079
864642082039881734
2480832126
1478358456
38285833
3996135792
2757060446
2402545488
705144718833946625
132389338
1052203162541666304
1085086570175070208
260347851
1085063201945993216
227262373
17863150
1084310628334850048
905915649981108224
2736157204
858305261022437376
941725156355035136
389297134
1008508123412299777
223782598
100952183
76938755
764938076
1727668796
3092076227
629097367
3932768472
1020151888988303361
36567106
4476673513
326295453
789981045026357248
729689945288355840
71293306
3185403493
2453721744
4037632102
2986533810
955878400572477441
715286343023267841
3380990643
722797014
2835128525
169682297
43403644
2191747968
512697380
877675883313737733
767113472572137472
776410599479648256
931594364010168321
843134237763092480
42012835
1037078997941846016
1564967204
2892113915
117308306
816809433443500033
2691792607
3538397596
865216056
398435953
701227949136154626
389674456
1052341371686682624
2645567509
19933791
19156561
35332436
1083697230027128833
734527117795414017
26853182
1045077222355341312
63776913
2879636020
1075556693331898368
17433025
1064670658213363718
1164899437
915189088902373376
715351017777311744
722653
2587676411
1040149775482535936
2616124502
986135255571722246
1077052885882601472
1080062275149455360
539245133
870149492603006976
157718178
1534962612
746158854212198402
846856945919242240
1370165227
97925525
337611162
3295936240
59033797
27665068
1081384929282453504
1066867004332802048
1058425680
1024846865832062976
1547544836
1070492813706485761
259141829
1023237049044873216
2352138638
1072839259806146560
1080964912719884288
912394123
1046389239687106561
43469389
51918024
1071574811686699010
3048247923
307812346
551601164
2411474370
933767991459643392
4638945202
803469170193022976
2982147089
62297547
245641059
4281810921
44330614
861520656
928035688552865792
1055497185712881668
287526131
2446326408
2432264118
758650563307470850
963419833806319617
712630229660012545
384166473
1080683818636308481
890407972098031616
1068749661173731328
3299102556
922686496628502530
826035745659944960
815597715858092032
4681168057
735282476277456897
737862347616858114
758130468906602496
1252219394
772461933018554368
881924911333347328
3214630234
150389230
1056323693243236352
91196011
16689075
2331345014
1431997220
23139080
2327682313
1073320392276746243
319509317
1046941847803846659
1073404749767168000
1379357119
181592661
842417723300818944
1002019803446611968
97711950
95967181
95150635
2773665006
2993041137
581016346
479687857
14762137
1064553151787950081
46123033
532578047
962007063973908481
379861753
843689247127216128
4771820893
1028027127235530753
1063984330773590017
1291041361
1062914530148315136
1076405182114791424
399861277
356898997
34140948
91832879
748963494029103104
27847285
14825402
876051229134159872
72147752
1884086156
3223739808
2458410882
2680703882
804920876
706919457139105792
34964801
1044996705295319040
335543747
1361606412
62238138
23533458
2888669860
3258506155
1058190022258569216
1014889929950814208
908863517050028034
568153650
763055531003174913
1033493935287685120
267986612
1076121369727942656
51296658
1035531843632877568
1077418913451917312
1074137159148453888
29138422
1074779624746442752
786975464636162048
369844486
27047824
2866792989
1018791021587681280
1076600374553829376
1026996020461195265
734051597232263168
3074098423
971498870772584448
387915095
715540880447447041
1020716396504862721
326302727
2960737793
81081353
1910907624
252163051
941919880336609281
221840902
717070029334798336
89336190
50134764
759899448277282820
921406734245289984
928760801913131008
999911232525107204
102024184
1149904106
1072644592338497536
742106349350342656
383556187
719803483248058368
344510923
557463325
1075702104243740673
40366128
1074402030591139840
1058516549869363200
1009657602848903168
981990909494603777
16029910
2711855560
1075532232280956928
917011945944961024
1075431991921774592
1033026164502147073
47457078
120876146
25866103
1073983256607875072
116783980
60189921
146856971
23838809
1073345915652583425
377511748
848515622019452930
1017790439061983232
1073954127204544514
1055616360795955201
43683310
1056973153396760577
941934541295329280
529556077
1072875854022275072
33127572
289541599
915085129847996416
4890352955
844253741620457472
533384687
1018958661811613696
901602310815670273
3948838337
1670657690
948296526476070913
2809463268
1070505994592157696
854271983986421761
873288640159518722
556535108
905720288
951919837
823177152115904512
1545557538
1125611347
1056282071713366016
961054746495934465
875922772739883009
2314068637
811976450949529600
1581797180
953664071181758464
137390049
3307289846
1117953192
983866538292686848
968639994243026945
795867123545440256
984129270560702464
803868437827072000
583252309
827361801192890368
874658640774414336
839338162812043267
3021576098
1003686746448646144
922946072669954048
704401432103915520
390861996
308701309
1068290264244965376
13977712
4889714145
553224712
15268664
538355258
1040085744633700352
1066826880517636096
1000266283420545024
53156159
47525486
279236217
952911386874646530
1016434292669538304
1008275013617807360
876992997316886528
1063087249
862255535214800897
3815810837
1062395654696128513
1002374781818363908
1050060351583244288
1066764897348927494
88369848
828367066205999109
834942912123318273
707714774352535552
1050723664629563392
3292463759
1058714406715056130
1059929994699239424
88273330
704387679073525760
2333509574
900039752979804162
2168348689
709430994
22545083
117644415
879937762467741698
21299747
784399151891095552
1061370252674523136
2787277133
1056985920476536838
980863120997605377
985275360236351488
1465133910
1038356631044669442
3221172655
530964857
369813112
832093025501270017
781295633181335552
884077657184456704
2159424212
1061006440628961281
1035291012191715333
1030443493104275462
251052944
2149772586
1011824074622939136
878601873820876801
891424811095920643
722118491701178369
897966413079494656
1023773822195982336
743869197273292800
822710159021461504
896190706041053184
245513048
1658893915
823880522304733184
57411369
1059479838002679808
808075951120744452
700753804325625856
853416052918595584
1247835890
1059482039941038081
266947137
2567327096
1045806241543585794
1028682134846926848
69255003
892587252
175042174
966472901569388544
740340848081047553
2477596333
139444059
23545373
1617581582
1028139875655135232
1546467223
826896411199418369
1169438480
2897796954
918063571807940613
1058138525915377669
1009607984811405314
37009761
962046335187787776
1047210659530919936
1058110360115384322
995849372700172288
4228305679
789839416059695104
191484344
982401479926472704
1377930770
776430344841101312
1378370258
3234273812
1056695435287556096
1048427563029159936
714477340525506560
823548035368161280
2319278449
1429567945
1017558437801033730
878330492
3317373186
788343302923755520
2752029255
136175598
1054946877374951425
762028629731729408
4661635529
3283242398
968855764281561089
938371483923046400
808886173
833632584143822848
758969471671283713
278852405
731425685189726209
954890127905644545
268120241
893362939574468608
1029075071120355328
507516242
493062270
4551179532
126987215
1046910114236706816
1051815696269742086
799605147785695232
967964368892657664
1445663808
1018687837204512768
4828243274
289121339
1129720458
253755555
929052324869308416
912008975238991873
2562414642
839131344
825464520428683265
1049958602348351488
979602036927946752
2719414834
922093706924175361
32918169
812477399245824000
937819998
894228721820938240
839503515764539392
75297669
3103759274
20638910
2210128068
223008427
799058290156175361
162735733
1047259017045848064
558095241
937084152196796417
803754542898679808
818537375177396224
280767172
1039496307591847936
925119408267149312
837715798772838401
274548814
312456717
826466991137501185
1044729264971497474
934134305193897984
1009502352334782465
289807836
1001645770808979456
69839550
2787853129
116741611
865737751131545601
377480481
66693341
3171730780
3158594594
909427032957825026
988942521756798978
926848948941283331
1928409378
2547873956
826296226559713280
505470713
540166258
1034796766095265792
1641862027
73409459
2326111088
964658316021587970
1016017230801195008
77631279
1044404438620938240
1093352520
1005495751424831496
2780416996
791922919752470528
521167914
715035070009065473
304988603
985980911299842051
4498776677
727931337416581120
889682439387394048
882565627210235904
1038020830175932418
2946288287
73772484
2495184325
300996839
1032034780324364289
2306278367
21327598
900967873
770144052037554176
775023864740978689
2820140579
215179987
850015913302773761
1110567919
847854955
986692161407156225
3924664574
89343637
367435096
999535380666826753
31531035
1028406672459411456
4895624396
2841193029
1041435070295416832
1015252474331004928
1038399167633215489
885208683352817664
751484246372540416
971509219995262976
488817598
166884867
999866091903086592
773909043794567172
24312907
261749735
828750606781313024
967979282814394368
291736392
997031587156918272
506906811
195003844
757827869200429056
49140090
1013958950465744897
739434578931253248
1019643945377247233
1599033258
2276420954
28657994
134104825
163764282
233361985
829384008337338368
1018869130106155009
47717697
515550123
1036399090932899840
486277575
983156245522763776
1034579450430730240
3063990535
2168943357
975508830460284930
246039557
47002311
755129542688120832
973729593063559168
789670318579351552
1015016528771600385
594228850
747084874188750848
1001955818227433472
1034325255760883712
750502962385063937
981871222911840256
3370759013
1025496344
479036502
1031330179
1018687634737127424
189749686
856541739758256128
2854970239
889196321885876230
996552773993984000
721477443626889217
136684975
329393228
840661620183465986
180939259
824774581424623616
1027469613393735681
110427690
779154705209581568
970377156768415744
825940922328297472
186032542
602855102
1223049848
714530661533675520
696156050106544128
396267466
891418857721802752
863758554
36645898
923309459304275969
51338540
2565684104
745769149104717824
372091441
2379324072
935871324806942720
874763028
1033127182468632576
1033036853220401155
17035794
271160889
48918992
44356455
1025274127383494656
327019273
930472703072628737
1004340239173935109
972805104507277312
1016789755353354247
970266414
111083793
922901969668259840
223522535
1032274812729782275
1447296895
1032752856284233728
3053907618
769332782183120896
936133164791148546
1029057576095375361
269591211
709536160922652672
2496147805
257374193
741891769
3102537224
1356092868
999525943247912961
320524842
1019325095259639819
702247731524317184
834592045708644352
3537321381
1537601714
1010327180256030721
1025536901531557888
3187980823
2856036054
950074542659170304
879224126
904926806003785728
4204070483
1026823349803081728
1959576896
897674820598484992
311701246
18064247
1024814878710743040
4789548912
64157327
968204866760970240
144608833
810895268971479040
52400555
1247820060
1018332249266184192
718600146619990017
1959214038
1029112900978462720
981692110373097473
3609762852
171653428
1024116845664645120
994983434228502530
49738212
793625269487611904
1015786992355946496
374309874
1005453581367906304
913255669674864640
890011883809329152
1004070871097593861
3031838684
2915799413
72772320
733236886345551872
794939532
458431615
870419054565175296
1022143529215254528
3081927276
1046110219
2324015280
1493829374
825593358483652608
1008199145981693952
867181057493356546
950435933740036096
1014762069663444992
3059661741
1025636058
895668637037510659
243412004
1014899672958291969
21635096
980608900746678272
957823030939459585
1013434449164406789
1013788077133885440
57957428
204274160
756326863186911233
2941870487
851312879710203904
34951907
25415332
837494394836119552
995433883779952640
20794163
1015057190669967360
4839731722
2429437696
1012776873925992450
133866598
17664181
586827381
1011228550781956097
887946147763019777
956739057870028800
879153784093458432
21885564
1654083924
800476200434966529
69661930
1012997903294615552
808292919664930817
1002226286272671744
465702711
872926377309351937
1008163735159037957
733516200383127552
989019064654811136
755208809333882881
115473284
988463808644513793
815488657540792320
860942757908676608
182038243
818246527609147392
4822076805
14367920
253248516
749125675668348929
53555352
48828637
755581994998923264
886135393921486849
902757645169373184
703538775603990528
999595435772833793
24400835
1005958346514616322
2952468264
849070131779121153
1009200321774514176
636160142
2920932223
891518845071966210
803349699491049472
814205984927285248
194232496
4640746333
3962091506
32985717
848014739976331265
367943760
2423310108
20794626
4168189576
551133300
3262160865
773799249725288448
25913092
933726963923025929
636967499
1006573987734937600
561441494
916822120105238528
1003366160224702465
1370971824
998196962787766274
1003651260179009537
4851440002
908324706046042114
997295617172033536
548136534
606403456
935943541
998979233354584065
986373560666030086
991231679951003648
3302461004
988326383800680448
2991660165
994796522566021120
741057139687362564
992387943921729536
966053835813814272
27795145
362615081
2325558091
826401177352994818
1020061532
985965095674003456
856915610
971338744367321088
2809256199
890005525
987119836693065729
4445638994
890330118257872897
9287122
25721806
884256718154289154
972182492211040258
348371542
922137397869064193
53736521
863580448018006017
169350389
916848463073234946
869165739529437184
538628653
819312223768154118
935920833242861568
19335953
953690676365053952
1387786075
984498284487217152
929330286609002501
352429706
3191716442
14429945
2778428470
983827028066549760
2749312804
3705050834
3246529033
1355703260
880812021440229376
809634353391271936
3373143201
353027727
703607987517136897
785988472259485696
2201664825
949796105012830209
837306367
914261343049355264
720916915
1414107324
778631461834489856
300154670
16145985
945662464208781312
2475215048
20768662
2245246525
3432851884
972936482179579904
975889364445159424
3267456386
1376536760
822299610018365440
250511201
851993545124851712
978168994632011776
3179698566
2559147045
357899984
317373578
3073565255
1902963925
4875366761
72755154
32304381
851303077504221184
826310514212941824
978333230461079553
561654065
821285761496600576
825527709983969280
4898547687
3775183516
3422695874
2815722422
23385714
83748727
2795144517
2285429016
764507529737019392
498292337
17339367
737834945700319232
3187295024
2446297903
923655520564793344
2180156622
39996100
805460031571427328
716256825621004288
137369487
790054143318720512
1531974344
822745828909428737
14872016
954982453701201920
4387394595
896535304005443584
966150527523450881
835876650764156929
856339612712566789
4264070012
4166982796
802744826613682180
461751507
88807201
869715516268711937
555648745
2578057640
203243185
4105765714
919386664409223173
52885515
1040997560
49097621
2705642732
719898233510760448
957591234
1947978870
62630259
801780079
856722842565701633
871142323920527360
1858478731
931341355363823616
948034167106924544
553549148
935349020
21033378
978015775901483009
339348186
568725906
38447640
438033618
867917868406423553
902890508
30588543
1865646799
2376962580
621139314
2853915208
912184486573490177
22420256
2349347329
1226167963
951592096544079872
763932866040385536
904031159184539649
263837135
256698118
4272988225
951250272768155648
309872310
252797809
40164398
924314505764589568
704919514375389185
60361571
23746465
758756480183132160
973273987936645120
2834129892
910257885556482048
976174792813563909
2955429216
3024979845
3045532539
1693620108
922586026287161344
977975662232322048
14589788
61693841
3414422381
869727675648282625
796380252943486976
795805323340742656
955753302557302785
970884857126506496
974634220378304513
739018956145631232
845897887703805952
22759390
3418210767
886810743127060480
79158109
911021814264057856
969226240044535808
19470319
906746404659515392
969702850875023360
56151874
3316401280
233000889
3438633123
1704848372
4848238043
13410
398305977
890324113016750080
94336415
220478007
531479489
417408849
961619606849900545
65833458
20803217
40025331
975268843
249980791
889301844127821824
1138399410
127973428
27929213
885191121273585664
756206758708678656
878752891527462912
620531704
871553148644491266
967447419238670337
828253251535511552
856932863404638218
825308967819739136
2689189743
15155110
707414237505671168
456319916
97787095
944075866933309440
414422060
951264276940861440
20958510
942713915728957441
4288322237
171501599
958879672502243328
250282209
722354346
927947189116051456
934332642
822501908036337664
860332264781213696
517074173
958149089727844352
2919953982
884262719494303744
825036934934384641
554402680
954277847262150656
798073550980583425
239028027
718588173815836673
2951369437
816440957503684608
123975474
20911253
360723409
836421454702997504
753933982077710336
954148507287478272
2512590429
2907843793
3019606701
749016639287414784
914911697781051392
945626211182567424
2652869926
941095022866309120
936705896851427329
3323130485
11568762
709738291818590208
821484158505648131
26396717
18384269
33306157
926390070147346432
951093207634341888
3009871927
1149091724
249189175
821198224941871105
825635207944499200
1382195988
33332251
258189191
47107118
755152862817157120
36417257
2300869279
888757075374768132
835915295793410048
741068948905578500
941245965536653312
930945496876797952
215672860
417650041
945510779737997312
880051317309415424
185635130
583792055
937297683567579136
345569760
168470806
2895142636
896596292205297664
96804848
56516082
290574098
895674741486473221
15362651
873903472223154176
935968994774999040
400794357
61456976
813870625722957831
4449286820
768122974163472384
928545409965756416
872627313804013569
888915252993249281
872443519188688897
2719748591
33525675
3213834569
124045362
909026728739266563
448248394
4250534775
785333014305792000
705143351
63018885
791389563667091457
916762744430440448
929189881955282945
844571381580816389
702180919122206720
2926262156
919633375538839553
152426505
717849663701983233
834091490339074049
887503053632548865
2202948090
31667040
3183628416
172852209
920290415093407746
799058971000705024
919274390784757761
2438552886
3166279816
827950293723860996
815316433362186240
711342239432228865
875138523560587264
1016123534
893303278766882816
19290986
776823134
807422648452083712
2986420221
14862190
546970974
4906503035
881300907140538372
72882689
908580587039887361
372706077
3277865125
900724263660998657
896671166898651137
817203546126852096
869937239777837056
909296103870345218
820055537761054724
3505493176
1235855269
868738724158480384
501245492
61465046
511449554
836792847424704512
810263693552402432
1546898688
798143370426286080
807026634708619265
345839788
176306447
838498119830679553
833739008689582080
902994807991148544
2458350638
75068677
761656435872641024
894200761634181120
3493430836
818526435468050433
885303789573611520
116594869
755889796623413248
2282662302
17945585
1472068261
837925900997931008
1498028948
823240194673483781
1488447792
2853802125
891693060769402882
889103691676094464
858825054
2680192368
803363398499074053
57049338
861714923407032320
560035562
839533553775861760
773862148204335104
1304970805
739354674285957121
114628784
884022567685820416
818659560504393729
838489174319726594
881100918267293696
797596428403175424
797994226629885952
841273559444008962
48935740
746076025
82934180
3118822178
389814560
805987915323109376
862868634674151424
3293853326
851272892780224512
713887816107835392
843591676752945152
857732093622853633
858699787432022016
29159004
861840789416095744
2619163263
3571444037
342536904
786653916951900160
4442900593
3116060971
372327134
32045201
719548227146518528
814523310713217025
710568161163120641
970972399
844843908651634689
1583715144
4386338182
840786993449730049
752182268
829605240244682752
3294220289
818573382379671552
18086847
62129394
817491040969949184
827556448624320512
265064073
760698298692997121
3062038939
784147827576496129
744441298795503616
233025830
826369630738448384
818572679875874816
803771017151860736
1134833780
1911207426
376376520
34413273
30458850
756974026413731840
323603690
4261318354
34001818
830613842774343681
18075767
202746822
826951503697031170
119055138
163604919
42154764
1154450803
829444618488004613
3086896794
827727621429526528
118825734
815877394204528640
825736276481605636
824711191851327488
707924148698226688
721737068322271232
633894987
52782658
421278278
1036513381
822668526594863104
3028018187
1146683604
725700499333373952
292109044
817257340969709570
816881276493778944
786968162017353728
15267777
796857038819074048
2645354809
628813416
803252396122112000
770562875614044160
2923982897
4759577587
57892088
812155433959964672
23283124
3643556063
2898424067
2889571612
461526310
117788809
812488219145228288
1358081239
766698898660401153
741420238873432064
2492014608
2393417394
3578556376
776841887667847168
3092625141
3375547334
3251558317
81147600
923919408
788158067086983168
277793122
789854572562882560
816677653969248256
815641514353299456
358421123
332177911
534794958
3041731443
210181714
44852237
340412487
793161025373687808
337062648
48792375
18670221
740209614700978178
815417806686547968
147858246
3285909692
531525580
816473797062721537
2496376062
1276438375
701526893930139648
131661274
1053718502
798734704165998592
21185977
2946832445
317093901
742862615852916736
310439714
805466863950041088
432972883
812060885791506432
2791423389
763448732667043840
722042846191063040
1143519259
4183328741
32025076
47850650
377789028
806587703353573380
798665588017156096
806962690606280704
17912679
802696360751337472
398644168
3949049181
172151022
3305206213
21767747
4805500343
777897502783574016
4904824235
2428257248
735880227486715904
2595420481
96972239
1443546157
317299055
400193635
3301183055
472578036
2670376182
786932247697952769
2981363392
383585095
3250058713
29089198
204895098
496646106
41593277
736065425226661893
3951420432
784008026864783360
721785130679996416
2283822853
30356674
2803637097
747610739284770821
793197273190653952
98206010
2160200806
783190619627880448
786294923276451840
783122069001121792
782035508658667521
483590646
461220518
763911555817742336
765620072077414400
383300852
2641793626
764726619877548032
2199902928
732990697444253696
2462641819
763494622328913920
773250329164943360
712795849953116160
1328134454
1627096298
3308085366
21511099
702908163
22583523
751306038729592832
240454812
740177372171927552
749677194813681664
16478347
1164325669
18635250
206210348
703334512214695936
152087549
20430247
31579226
4882391426
735572342131163136
732150473613021184
719893663078359040
1707513812
298012348
716308329295773696
3089783026
725041883257430016
3295807214
2548708429
714807004355690497
875085230
3516098717
4172882800
151386994
4485566429
4298028747
719955500960325633
860337132
703056617210781696
3011312325
499218109
174052742
3710448616
725349003190239232
114310812
2810086051
1606194716
4856026475
4119859894
22812267
1336685677
2909415729
211209573
21127242
885787920
706838411466952704
3445833383
717726790328786944
316058302
4925814586
34747272
260180957
2813576876
427748654
3214959652
217592863
34537611
4828122127
246023005
708116652320116736
710723351090626560
258459621
43906698
135151712
156416107
60467856
3221270464
860728434
475158308
4775787283
718555294574321665
725069832291389440
4852185388
930278520
369042914
3907033350
826281348
4718464633
3507633432
27522964
168238759
3169313938
705752945996992512
43032567
187257145
893533279
4115831833
3111992612
4824491585
54667354
377112350
2750011512
722970025926246401
34165989
1695530598
2954111731
106301567
328730104
3899793796
483499639
4479562812
217925579
78025181
838516988
3798810262
1486906087
724059893242712064
901906975
94378622
1255374812
552304500
717554036510068736
723307674331418624
2376010556
717754449620570117
3142809319
713643350587478016
38240883
4171240519
3886559360
4496685079
45946010
542117672
496586260
710520718371348480
3711842475
4562528655
719022012006412288
555072257
2716269940
705430490212241409
3290543735
114618877
4926495803
1566473864
431917957
34701889
43757693
103082080
711355959608614912
722670675421487106
454475435
586447578
516139223
276264661
721279807233900544
223213212
4185193692
3784189516
705138728440893444
3268499018
1491897170
39981309
370826309
3969457618
892511376
4345272381
1650913326
22026973
709468277597020160
239582938
3115656750
23485848
885789871
1860426726
324023112
203710129
712334982178430976
4883896667
4492022599
716034713111158784
19101218
40908168
32877719
16466616
25427075
713541501632970752
2415343578
2424509093
3302321598
2312494016
2870972260
2950074556
529083043
4011966035
4230879432
802242690
4222041035
4739205138
4696161102
242686067
3002253653
4638606512
359004631
862866662
5820642
2437693919
22075828
4450808236
300418258
3783822793
187918066
18028084
450006356
3880152497
3363479800
2665015974
3001818064
196168350
3389163532
285757443
159919356
1328017519
1137271452
133864378
1618046966
20604226
77223259
496105404
387416970
