1706329938691784704
232780049
913824099297669120
1585300625553854464
1287579556853903360
4901912705
1701975500392935424
1049546187790016512
1451753384764116994
1347605550016696320
1693006993752014848
261718546
1683719641238237185
902200087
4891451439
1538705932799987712
867639769794101248
22036532
1663632124665118721
1361767691909005315
1062387103462514690
1477311278804881410
1678915119374557184
1018358435967102976
1468662864353415170
1009588379640528897
4686170306
1269740568852279297
1253560490640306176
854746255431315456
622310854
1673330681424871424
21480702
1063961320532324353
894728198382080000
1412582528381337605
1161261376846946305
1311739895787016192
1412200969723592707
292929271
1468139512610050052
1212565791997972481
795769125423501313
182524533
1105567415138729984
904809776454000641
10774652
828621756776607744
15670857
2874102076
1453669327505436672
1218687933391298560
1223017792435380224
1285504186914942988
1319119318764933120
971921107992350720
50171349
26649679
695054484083470336
1674135545952325640
1542088334125801473
412316336
1595908474705219585
618387795
1478801181208035329
1469074531465711620
995821385191636993
1063202045950418944
926054168753709056
855655339563171840
1273639475340554240
1555303810557419520
523313805
1298299807497297922
1482953932817059841
815626547260510208
792177705831858176
1475135674802184195
1408898375253168138
1392919510550663171
1399773004796731401
1400959121634041856
1315023384049340416
2967831
1481110622079266817
1424796109373911043
1469012828216516612
3236374214
2424016218
1652483431924908032
16395120
28064568
1622703384527601669
1130920508411789318
1409321322904227847
1225241728304787458
337808606
1482441894722359298
1498032293671325699
1404626673312550913
1587302381150257153
333357345
1467698301189476358
1161776053913677824
1512998617388400643
19370504
844434316943904768
1187413153602129920
1227799690579718144
3231657095
16873037
1251900966770794498
920098539396653057
1403374646100062218
1480926325091323913
1551725959534895104
1025410166483832833
131868148
1413481091944484864
1558561668204052485
1514791886115901449
1222539520308105223
1604480465645322241
2918039334
1442238195387678721
58632867
1305792305539026948
1268032640042414080
5658202
37190937
21839417
1029465832781492226
325594003
1254221284948365312
20801893
1252070635267747840
758778599994331137
846949171680739328
2204609910
1467931973616386052
2853461537
953298828253384704
859409582426251269
1273771418614992896
3889486125
1619852272988557312
1226167963
110835004
919764665663672320
175161093
742140900982304768
1281998654723612677
2555083470
1521541331012792320
1341102678915620865
1549461766983360512
2472399354
1188979911958118400
1206624274364215296
848784339483721728
35199446
16740433
976569885009485824
2945287090
1534036129753841666
1898030576
1369633948507246593
1153042794375712770
1342174584594960384
947984296224096257
47253057
101597075
1050939235782541314
70174349
717381804236386305
166751745
1101941606486298624
1265170355582205952
1255678480295084043
875856268056969216
2601776142
758307228898254848
1268749167427543040
1369641628495794180
46707081
1403356678700032003
1478779876794671104
1335386736243830784
116363549
1355225690027806720
1016908862136332288
18014620
1364420696919576588
843965625177399296
1321203011142610945
1145702015374438401
1393287208426082306
1368517291256602629
434458299
896466491587080194
2835451658
599817378
873965264504844288
375852740
1150821796112764928
832336297641512960
32281887
740724798
1188280458221674499
2886592462
32503010
8865592
1562289961759518720
3095130883
1586821265326841856
130956302
1553774855811645440
1521870690630221824
3267456386
1343695897977360386
1317012311262089216
896767434820120576
983108315466162178
499154896
2672615846
91583544
1056600959370100737
1441916605567356928
534023
625184209
36529101
16076032
1089308757035794432
43257803
18584875
2557054992
3408784492
855318254
16017475
1207874097251639296
728643243143880704
1031747223569227776
43775786
472431999
25486930
807309197348077568
592730371
46705002
29658469
21955058
908856245414531072
21236099
350822109
17685258
1108050829393707008
3131144855
24822993
309970677
98728228
233000889
358545917
930552552302792705
34916539
623230663
4914384040
23022687
375721095
961445378
15012486
742143
51241574
2467791
34082620
2172852233
27000730
3634508187
2228878592
17060573
274294204
18956212
15976697
195856294
334921581
10168082
892130360888352773
16989178
850036892
21784951
861246117689925633
346384148
14669951
1917731
827782546171637760
13493302
380285402
15438913
111556423
3108351
17469289
88784440
2312893002
179245596
18208354
50769180
66019768
745600340
107210947
41160276
4717892303
770619360062898176
83748727
44196397
878247600096509952
818876014390603776
818910970567344128
48459553
16193222
1500129642
240107748
31047836
23719684
822215673812119553
31126587
15745368
7702542
39344374
1367531
247723476
19878055
57338175
39308549
22703645
17091571
95092020
4081106480
3958327401
164070785
2916305152
19091173
196168350
18643437
17995040
16589206
38495835
21829541
457984599
287413569
16148677
237403203
237348797
1074480192
91882544
216881337
41634520
23970102
78523300
118845216
313038011
25073877
