1688496505290637313
1586151362626207745
1604115795440705536
1614034599327240194
1621448529817239553
1706518069844336640
1594166722655051776
1559213391364984832
173595687
272716112
1695470888710266881
1518350589075329024
1453669327505436672
1689504448958050305
954000884
1668397172398628864
1597316670321659904
922251984878567424
1589344637646315520
1698712703878000640
1027008084
1679551281138901010
1701847038210478080
1517376212095578113
1704306715477565440
1693089652469587968
1630328826214350848
1696764451414765568
1593797012084097024
596931371
4810512147
1697673779932024832
1668089640522338305
1621008312958320640
1649049413061603328
1693262614862725120
2508458852
1510098082846986246
1013927961966280706
1687083408017571840
1698095546211143682
1651085790657540097
1008141607282118656
1566567211912790017
1682910119430959105
1518906825432780801
1666269458334195712
1577454479754117120
1452363629878288391
975594875247718400
1585734428675932160
1564435947629969408
829983267424174081
1676052393153134592
852531187264491521
1615062690883375138
1671493745760432133
1594148005522849794
827311837842649088
1326004533344960512
1475847998928310276
1675414735355871232
1620526776563671044
377667291
1547818506925719553
706899679
1677406494755786752
799700431
101700708
1587646585860677632
1641085134819713025
1574416184014938113
1657071482760224769
1652763106374811649
1457007269690945542
1462876081522982914
1670936242442358786
871902527092121600
1518718458556522496
3486419713
1612173920446152705
1548790989434789889
1658319141571371008
912382146899197952
1569033876676173824
1590235783902138368
1667676797843161088
1588700550555521024
1586088464327606273
1657826473967861760
1568540318684905475
768604050791301120
1590507282017705985
1475108118879248398
1542610098333286401
1654690369148272646
17529924
1649881369172910080
1659004831808253954
1515548863360344064
1644933980108513280
1662680522458546176
1159662212333674496
1660350413910994945
1078460701176463361
1616237000083775490
1586791747916554243
1658964000649134081
1657503982971912192
1704785888
1607269577922076672
1597780375102803968
1607787786458759168
1599807134463676420
3670834282
4311840815
1603801883499544582
1589808450032177152
1585980846825426944
1188835096570335238
1578120125064126464
3368579713
1631146321045225473
1648676329288548352
1602144187121602561
1640727885546676225
1640871705781600256
1648482732815667200
1587612300319637505
1565705835145216001
957644516193783808
1508573794436222978
1301306733344759810
1644020133655109632
47610408
1509115998913376261
1636026386950524928
1607841841885634562
1642912060471377920
1631906752039100417
405104612
1048662670206033920
1641133854822891522
1640177858294185984
1274692457913962497
1514588678005432326
1496780124838051840
1518684699270463488
1209929497119608832
1525596754518982657
1244320311954345989
1267663125081460737
948557739285995520
3060554900
1636432597499740160
1591993016713203714
1586744693005684736
1366866424870940674
1591760265158094849
1603225492127088642
1593715048886706176
1597353125593157632
1535108163766259718
1589387713391824897
1635337844196515840
1633580604926115843
1632557980502618118
1631372767370047489
1626660583725490191
4757047359
1525968391995019268
1585890738872750082
1595081008964988928
1590128048359235584
1589378811925127168
1610391300968251394
1608273003560964098
520016930
1601255953093234690
1587278902912753664
1490704944827039746
1589539650997215234
1587836825942401025
1546646853596348418
992470857845882881
1483038381693091841
1597300473668800515
1594466706147409920
1574831662592135177
1164013610303016961
1588955848990130177
1560439138637139968
1586121132880658437
1593166302012588032
1578151613893693440
1417522917999480835
1589307649069174786
987856208118927360
1495004361461841923
1589278353290416128
90916312
1593724425228222464
1438837385291239424
1519196984040599552
1519934162370646016
1361809189782376448
1554326841007214593
1590327110404829184
1592157301951139840
1592494595518173188
1589381549937639424
1591520040825806850
1589387125975183363
1491086586720645122
1481645221540610064
1590161793862737921
1586888866291929088
