997603378027905024
1078799980977106944
2458531
763055531003174913
30405799
17463951
999950119125573632
3127911327
979854661397118977
352145373
1000325836208263168
2429077012
877186431432744961
4015490292
799949976403136513
216881337
1050146264321613825
388158374
921035226469535745
944864788336824321
959167541276004352
1060610293708083201
960631725230616576
29522921
58569513
3420266177
1606029594
968731672169590787
21822997
492866533
1076934700793544710
1012896789039468544
16343974
2656183728
88168692
1070565738526597120
2372361066
432917555
94336415
130407331
774042888128847873
940476900341927936
49641432
228448596
1048202417899286529
990652258445475845
1023191745348227073
867580464298696704
22703645
19599446
1451897936
843862911516917760
477898426
1072909224299151361
1016830587858907136
738911954413162496
990317363915579392
1072257937257783296
631781675
99749864
990759289877942280
721502167811489792
532501889
63485337
3271790814
787847062213713920
2704742400
53979469
3003766284
3486419713
2941021415
1546172389
2802331031
822977790328893441
1016188813
721096238020628481
738347870600998912
1013780245
148103380
1067414507000086528
16190478
1064650195131076608
704520726452183040
1871926728
972654691434692609
752700896858017792
1013037054106718209
881564249968988161
160594322
795867123545440256
978380656404201472
873051724604334080
3781643233
380648579
1054400195117539329
2566535282
174127986
790183749380079617
1060177106129313792
2716516619
236614300
1009862920958816256
1065628427322036224
1523643422
3120903722
1015295486612291585
63529114
807095
742143
759251
64643056
375721095
1062789211391188993
1012515954482470917
759339343840509953
1459282344
970884857126506496
2361088458
337611162
3427962981
548136534
83189866
783874633749585920
1057379440173314048
1004070871097593861
1012795873942757377
938232813500993536
27522964
2991660165
2884852551
51571557
867151369211457537
772576447349174273
538355258
21601501
1051565990826467330
1226167963
763792180964012032
4878811191
2329058035
110835004
2300302440
1028312049221361665
3313329508
820516959351689216
526000287
968855764281561089
851426978066575360
59177483
43306157
568143078
1957125536
2780538444
499230066
976853859703427078
3267456386
1056985920476536838
309970677
