1708452088999747584
1299280837293142017
1585836124408537096
2432310906
1366593297708429318
1291128494
1655618244760182784
1683598453157380105
1706329938691784704
1705725063289290752
184004752
1237922536467374083
1274577703782559744
1528987322280206336
1408526870694350850
2726362917
901123040
1678915119374557184
1617323964170125312
1456273335348645907
1650169771260821506
1664636142254276608
1653444296245383169
1194116373661782016
1361767691909005315
1276172177973358599
1546692662366986240
1505538291038408706
1641908072502251528
1674717157920317440
1366448991148384260
1471279207095406595
1472879950931927040
1262638140432568321
1145494391169191937
217806990
1513884943423840263
1155840474588037121
1292282355978309632
1468544372182745089
17585653
1692258109517975554
1679075831572725762
1666902725634711565
1689825113665855488
1674174819728781317
358545917
1408624117213917185
1445602687790186499
1603841948447608835
1631158964099457024
1633604566850715650
1659080637876170752
1584251382575648768
1687693501499121664
1680609901234515968
3096147528
2298174714
1105567415138729984
3932768472
1622436236953518080
1665790980790919168
1609675365714206723
1237348894582980609
1268971657990938626
1252208688485535745
1465199910542884869
805532293951606785
2659290954
759937236548722690
1595983949108457472
1696803728
1471312889478885379
1643681329115189248
1648364000768409603
425198239
1333398233687621632
971921107992350720
469054036
1684710403765350400
4790055615
1468246346364764173
1286382593051680768
1214304096955428865
1932437030
1283034769354297346
1387219918597328897
4241210177
15216569
1577239293524955140
1502325998720884742
54716387
1622588070246641666
1670915963359752192
910874659
1494040678879408130
1041042565267697666
1224134282840547328
1205945490560475136
1585867578488020994
50721981
808080314
1572853761898422274
887434912529338375
1451131758154498053
445769251
564627293
1641556210309636096
1150996586572472321
1470249422625951744
1590704958420226048
1069599786
11347122
1621584220488433667
265628902
1585683731234291728
1151913018936053760
1159124832413528064
1299787733548834822
3404705159
1273361335410028544
1227799690579718144
1225460914540941312
1546035473453301760
1661745103101390851
1108472017144201216
1655353145202188288
340454668
1615016957203607553
1366831736215191555
1574918591446765574
1594930775798841344
1637352763511250944
824674846349070339
1509913938296639491
3051195289
1601800128440209408
1092346141998370816
1656170907369349120
1733467884
1107421968578433024
1482441894722359298
1467563230084087810
1642956745147293708
755590267
1590457153814335488
1251345423178088449
1399449164782706693
854483338530349056
1155343131501633538
1647769567081426944
1452692071345704962
2871659160
1647628050019028992
805223648499859457
1633920117015732228
873051724604334080
27012070
896466491587080194
1646714741556121603
20835150
1458936389685370887
1481773144427966465
1856900376
1646149366388781062
1427626750515847181
1646020801580400640
739013222569807872
138893146
1092290372418465793
1630787765087477760
846949171680739328
1606381810144972812
1190856738003652608
1285054716666249216
1110602962315952128
1054669807537156096
1624858270614671361
1270389025749323778
1518683932429979648
1146509923683131398
1046650817019662336
1343920158637756419
9287122
4627081402
805502502028398593
1641159464584900608
1600757300209369089
891469259452194817
1366130381045530626
1639355757517758481
1442524786521870337
1617230933186285568
1638303459274260486
1591135152989736983
1617894330869612545
1618264658372165633
1357764031960997892
1415415586604134400
1461055693688029185
1261209916624318464
1557961082551025664
1616290104770793472
1466204882193600517
2853461537
1636851199738609664
365237688
1414833422321819648
1102987848741998592
187677530
1463757437664645123
1437060980064849922
1407569981555023878
18078867
120974141
2446183489
1627949800644829184
1620972674426994689
1556895808917848064
1191383915434520577
911157448592855042
1151261114384171008
1244674431747870721
2204609910
223891249
1475192756494643207
1221441944267653120
1520983322792546307
1302058009070309376
1587245901441114112
1376251797640187909
1533325978151399425
1468139512610050052
20008037
1538705932799987712
407179694
1504231447107833858
1094355847906500609
1549926330841518080
1649128015
3237814902
767960339547774976
1412245103540772865
1248418086312538120
47253057
1619143115692019714
1473733867353878536
1265053791050743814
1347704593438879745
1477114926195957765
937799990902251520
4891451439
1153042794375712770
282695161
548258435
1357365335733776386
521167914
1552969766775787520
1114260351212773377
1435340411078430720
1525810038828371969
1289698524288806912
1540013847347662848
1379611684445114371
987349034850451457
1488443616528048131
1270965627528806400
1343935155354947584
1326015627727933440
1145702015374438401
939647234991325184
1211851854071484416
1503582912813305857
1613924312175501312
1610797434396893184
1461050339457654794
1339636894498484224
1282023174469750784
1213227521392558080
1613185899680116736
1387464679556014085
1561199465981038592
1540108905241612288
1462921559241232385
1419690317758955521
1211395811998715905
59001488
1114822908080283648
1596388313401032704
534023
1411821879388737538
1545404503373012992
479364948
1608093395729219584
1030069252189868038
1259574555799990272
1467863062145380358
3623795001
1365177174
1265451076993646593
1384946813158006786
1097246965849571329
1415315225583177732
1530248317191368704
1589703081738092546
852575046145122304
1550030920241004544
972797287
818948638890217473
240760644
1342174584594960384
1147989172394909696
615541818
58579942
1367602574539563011
1351784175456555009
29658469
1217528712
1600703165975777280
1603457444109172737
855947347947335680
1095735806197710851
1043939776791867392
15345111
1603974103362424832
1594474088
1598510584454168578
705405812
4846198638
6054912
1605823245407715328
1594466896199708672
3466064477
1241807581267423232
1411241357629222919
1032468021485293568
1600058021245337601
1416526569552498691
3982517223
1245521979341451264
1246103798021586945
479970709
1573086835152068608
1486391103632789504
1142620696054386689
1603958097478721536
1533433820522942465
1091383796618784768
1393652927986913281
1288319695658135552
1596618068767264771
1201985743729524736
1373521707202310148
1349160281214119937
15663872
1603181051035140097
1267976979413950470
265481588
1322753157265457152
1111802501064462336
825009662932160512
1115979749426438144
1329231299521900545
1464322912979144712
29912070
1188162952299450368
1410190871216132100
14487046
1135183911850582016
738568739059343360
1601983399379570690
2248128480
1582899001480818688
945437638177071104
1214762081272111104
1233636047831085057
1374049658901762056
1316038736782807040
537709549
1598809236355497984
1580428011647762433
1600714467590946816
1127087112
1482896070577467392
1353146185389797376
1556121510741417984
4901912705
1267122231148249088
893348197040566272
1176624876054036481
3410843525
846921210122395648
1367283757422698498
1202358234801197056
1347431595997863937
1118971388528820230
1215077597798916102
941060920054226945
1457558434044203013
1596300590744600577
5943622
1599206804092854273
1484339602630451200
1344390803905339394
961011342357315584
1588359535672049664
2194957453
3958327401
1397016485474750464
1098653098086723584
1298781706527350785
1594158395652800519
1318092770775601152
715433952
1466102781241135104
2553007664
1510857188339707905
1433952231817101312
2945287090
1595180798134538240
43199322
1483150124264136705
795342400239652864
1586836946319466501
1094322184053448704
110835004
1188184901465411584
885697352
757179079
1471501011525111811
1592387830944145408
1468270691304849408
632558201
1278475530841530369
1556481679
1407593908771725312
1388314688782544897
1042896513305796608
838457598303223808
1367128446426619906
1320638611
1483163163633856512
1332869801912508417
1658893915
446282869
1596875354584514561
1569392744241446912
2847708710
3061135734
1597695354597687296
1254426452868632581
1378541651526889472
1595904217813843969
1467931973616386052
1597457570821701633
1109891841552347136
1364312782754095106
1597363536161816577
1230013863086743554
16395120
226194552
849982797154590720
1537120642759282688
1596953444463480832
92844900
1530576403086950400
1518815025233768448
1495585131678994433
1085075737907027969
1483100422856486920
503884507
1365766610883997698
1530129316901699585
4789090582
22450038
1051851469492707328
1026249782644416513
1565560791062827008
1421927934768697348
1581694157726302210
1595987533053165570
1201595653127843840
80233893
1516675108521218051
908856245414531072
1015730719862198273
1327487450332221440
53979469
1594401084218527747
967233900354433026
1590338507415105538
1359600754311454722
874296292452716544
1116345515761909760
1031747223569227776
1589009409870647303
1496166194939793418
1315318716335185920
1594388716298113024
1540125095942930432
1124019363831529473
1496951980186554368
935877294496854016
1278850467682897920
588703829
449514961
1177590926929268738
2914166602
1151629504089141248
373144861
1585365215104929792
1582477803198418945
4586937621
1482953932817059841
222582311
867639769794101248
809428361957277696
116375949
1054694086605713408
56008067
1442238195387678721
1226167963
922267018526707712
1339251500174946305
822215679726100480
25073877
1588898107433132032
1342575650104868866
1365839268476645378
102919815
1306741300138475520
2293779581
333357345
118584046
3267456386
1548443285999366144
1171816449670729729
319988587
1378657046564798467
843965625177399296
1586507627894345728
61996651
1494083314130563074
1518967643151216641
1588621139273719808
721076375248048129
3060230487
991741610718257152
1569455209478516736
1546685023008464901
15536798
1086304000008437761
721788566175485953
1519526333847535621
1451025651440439296
771059049882263554
1455300028306763780
3010872556
1590768424652836870
293367589
1006314452843728896
903228570536996865
1536088530547781632
191607895
1031726898
1005938977667289088
1561419246109728768
1042566287291867136
1272030510831845376
1437206529657032706
1082140243992621056
1464671397788143623
320840868
1176193503577169922
380605906
744273252378382336
763850854910660608
1254876112376610816
618339864
1003645782803861504
2151757494
1122611217216888833
1428293763143815169
1260443588464345096
721374975135916032
9765532
1395380817074040839
962572992315346944
775696688489099264
1285969540350959616
2812171375
825870951828983808
1516575921368666119
2832521425
857773878470430720
968550061868240897
1432107097034985474
801640064316911616
1716932714
1377835511511982080
1437800672146165763
1525645094304489473
1275085158736171011
1540447587744071680
1468054692945358848
1555819275629330433
436463305
1428531705565130752
1466966889582710787
1587183203030388740
817406786579922944
1177119567707066368
1231777653859876865
1570785663439486977
169686021
21614780
1269740568852279297
1468662864353415170
873427520074461186
1200228946840735744
938460546055262211
1216611718060789760
1550714359
1096774365604130816
1250630948095315968
1076985997454442503
4640145553
1536583347832385536
1382376686960963584
4780099620
1367611692230856705
1467698301189476358
758307228898254848
715979593090359296
1230909886864732161
1446493597273104390
1524124324038328320
752984680765329408
236300369
1453799718539169798
825803531156340736
210218880
1399274161944530946
1433728680
1125628178184192001
23129429
51359739
822879276005527552
809163506583011330
880833735846789120
1631730378
1490782033529880578
1554333878097428480
1154593758987657216
1065324188632780800
1112731412476710913
1481070588
1127229251466326016
1484586032888750080
798257782294192128
1364937677091598336
1540150993
1293300828900646929
1260779081047650306
720952511520059392
1575226969741938688
1274036766941442048
1436811219969708034
886785387213008897
1377422890086240259
21480702
1431735799
162403440
410598599
754770242224680961
1454931647699333124
1361493108798615554
2842858710
1054925184325435392
1366509523687604226
1511743429667131396
1081719290133442566
1414807675628621827
1391604089956356096
765909323545513984
1588269386565144578
3315950561
1560466310647058432
2632902611
761694552382140416
1424751159550558208
1307026194416766978
1530712408607424512
2175736922
1065464738312802304
883105305722212352
1588048447348809728
1589432602024644609
177830577
910896006895591425
1481847645899567108
1216217031298564097
1080955041006215168
1418012924296060931
1208075642916556801
1042563175827165184
32503010
1587426221507346432
1555918887958487041
3252749705
2918039334
374594501
1410713800215515136
945116775842242566
1451137611033153540
1514916761862238210
1587524967188439040
1530475606961422337
1497108419085434880
1469414148467527684
27000730
947984296224096257
1586656772877848576
2812231519
1481443120738885637
886358633646350340
1359681060821417984
1526568451044777998
1551889032489172993
888232686153867264
1368447790406307842
395689514
1314064006831722497
1239302704230531072
1378903708071825412
1240784920831762433
499230066
1016908862136332288
982070158125682688
1518631040637718532
1075211100398903296
3310484362
213058411
827366922207502340
785941045653700608
828235712411627520
979700483853029377
1476152812786618370
599817378
796151032208392192
962829934627573760
937434827837640706
1042509260381450241
19199104
458051075
807812802761158656
26649679
1172086334229372928
1482939458672463873
4883429517
48861897
962011068435456000
1501119770762137600
965693789192032265
1025410166483832833
559113427
1268032640042414080
1566133032364347397
4731479838
993682847012618240
2359971372
592730371
44196397
1161261376846946305
