1388944566892388352
1530638279195996165
876736198382944256
45989687
1374968033265864706
1492779905364512770
1296495416180170753
201066140
39844876
1600142815236874242
1558978409489141760
43533947
1585846165467238404
36266589
1458946841068949504
1586120858283790336
1446465174
1581496553415606272
1560611334257008640
1518665552973156352
1589751873397047297
1383200986974474240
1347677764401455105
1432054546239533058
27479025
1394697605859381257
1365523120434475010
261868669
1226744019075682307
1336500614302351362
1595868404866506754
1506887575587463169
1253560490640306176
3354073994
1286783284521979904
1577646995526877185
1329171068196622337
1324924608399757312
1399806274020147202
1564290544062398465
1570179010445058048
1371634486073561088
728443205557964800
1555324385652707328
916114570833551360
1539991214652522497
1510309492319305736
1442964361169948673
993897287586902017
1325147387606659075
1592456048060817409
1585808734051336193
1401959585372532738
1518980247085006848
1430033430834814976
20227816
1069374335150931969
791790123478241280
989224749367742464
1586837735582695425
75184478
779035598451380225
1587957265394532352
59341437
1225483444848865280
1591511722862743555
1098091506886471680
1317513407881486339
1511074777708085258
1539579530381254656
1410656110369931269
762024240
2472399354
1083551928821448710
975928415701356544
1586575972895260674
1586046408993505280
840648747310764032
22609841
869591141582331905
1519338139600494593
1458908115257081861
1470572877544144897
1493371966522339329
87679233
1434769239341154308
919384988268630016
1139029234163245056
43775786
1290635110149169152
1393287208426082306
1167493910685519877
1491067469804584960
1240566579806470144
613397041
1394680198705123329
1146027390100893696
1594389314955354120
211006212
926138392890327040
1518778012572999683
1184289498382905344
1021461090671030272
1164225836196794369
1519506224898879491
831291055169368064
1365086833969889283
27888421
441259351
1446932149148344320
1467931973616386052
2731047427
2905105260
2172796308
1547966483350708225
1464710590958612482
16869718
50772918
1268965019393445888
1081311465557000192
23257880
826243427872280576
1355718880417746951
1584976815294226433
1107086654421061632
1518645266265645057
1585283153475866625
15986949
1227283231709564932
903953910
866906190
1577688245957279747
1229886344979238912
1530545827080462337
109668139
1445931567998816260
1593360874449821705
4852763701
111223756
4865550959
1326229737551912960
1430174965643497495
15392486
46705002
2730264319
555476148
2200307099
1551029219156705281
1552881595283128320
1411321590671892480
1380981732321632256
1360025996569812992
1577487090312531969
1119368605680979968
781869059805745152
1492236313696768002
2966848055
1399251559439994880
1375295794354470912
1580677177770549250
1411067131521818625
1390762874809761793
726750375101886464
1477071867219304449
1168602904623747075
1109152011348557824
1481789785802952708
627354724
17719177
1354639616
1393273733339664387
1518742276477964291
1271077527507931136
1399063589097455616
1347699823219142657
44196397
4914384040
1187835922118787073
1355721251180961792
1389360201996832771
1201670995435646976
1461730871942082562
1579254834578046978
4519482326
2384070577
1061354022718857216
1581271710397042690
1575169066884427779
762286344
89381062
1326294627608129546
1271220285740658689
1398442591276969986
2614032692
1590541958732300289
975197788442050566
1518182200818081792
28014636
4831515354
80571323
366930788
892255927
982675379319132160
622936640
22376976
456932170
51411443
884845076
944543875586281472
1089308757035794432
956776004055265281
896175384345161729
24822993
1080880471184166913
58348452
2874102076
534023
1069772411439116289
41144411
795662610708369408
1471069004
2942392265
861381115
889543524055691264
48409823
3540252020
2168761062
704765946905411584
299665036
1633141729
1088952718876659712
4406212280
768937834421981184
89083397
26146368
844699896611553280
1901916354
904169786694934529
2923114753
2376185485
951119704168550405
2794432004
703342708258152448
860751908943917056
1064147945535270912
837834688601391107
74088962
3407847574
14186402
1015957168313417728
1029600409554309120
867245421256749057
48453859
760263090503950336
455768446
471517986
1108472017144201216
838098842713223168
234163619
3227484185
988807767031885824
820097125174444032
902468143263744000
70015978
28723984
722528529716383744
776378964
35437789
537851791
531710903
2323913196
868172778758852608
916315862973509632
1071863105599221760
833755528832643072
753733787712909313
302645492
108317777
129314386
39205833
16653786
1016368529224826880
768848030154027009
1101646837646266368
50174923
498911171
59880285
2835451658
15518286
973312370649989120
862302824
991260752538406912
282098612
4881080568
321128387
60680268
339984356
178636978
16843618
1337194998
838006482
900854843648200706
987216169978548224
44260667
786656240445161472
995886510133170182
3261827681
4710708974
138809881
713425705996922881
26257638
21149655
944068923397492736
1000261252432543744
449555005
35051304
18206185
3168663944
1957720783
20215316
890297695872716801
2198402080
785323061587435521
756988954755395584
597031193
190821375
772529887
4478966056
39847651
896144856766189568
2224079705
1058706554600517632
1063277316200108033
1013522904372244480
937732080
257088807
269614454
704320229321662465
3040895201
813998942174068736
979495020
175584371
199216714
4547869279
241002951
31528123
2390286259
3940815679
844281463
3675797296
958404232587108352
785314787366502400
45684501
1379501748
601254812
88030347
1947303967
782392602557493248
884155109902622720
261554992
741112440545386496
14281353
974308966502088704
771115204096647168
855530387086376960
888504174186516486
716140200
1043185714437992449
115785635
2370599400
1072154884118597633
784835485160054784
758830577663418372
1014976438179512320
9376622
731649894805463040
280744987
29398698
2910263454
190807924
47777322
3007093340
2867727247
943953446067154944
23154538
49405775
1687120508
393969873
33611715
913415985591439362
18466375
1090618807
1066848047479644160
18545481
794288317378367488
832693445697212418
266361918
1013284545876000768
911707113281458182
2341214017
953578555388125184
973684455725350915
932330708
2974665983
845316055064952832
787361383524380672
32787589
444903098
37424339
45277959
911457728
243084105
27756007
835341579342733312
760627542458003456
1018540168989609984
513876919
918997513507500032
1001940547278442497
1046123747680407552
927996146462740480
44914646
14052036
3990343275
742106349350342656
808814459997290497
966113918719467520
810989712143810560
2355219342
945250632
309320483
929043613
98240952
968541408834605059
23080633
989793715249180672
1027916385534521344
14606451
31046750
71010175
3110217102
799042970385346562
525962524
2415060564
1040429142225944576
988272950489960448
1038967644374949889
983829299131224065
868307989379170304
124627831
1149674886
788928500585508866
13410
136893856
952453760403542016
818620865248161792
814488263486488577
34082620
2382685964
546906829
529637771
928334484289622016
494395760
2960062013
17016864
3358966273
952468129
948343990834860033
930141160047300608
882264192878755841
1015060798287302656
4491301093
922768675916189696
1472947130
70735961
833580955
168541923
34610263
15455253
1025274127383494656
2304121382
390127278
594990097
1096636321
252407805
249883253
3698097080
740749740241879040
812731741228171272
832912845490774016
61694512
832435481283612672
923617726748389376
15232173
23250022
6017542
43277789
17564591
359403242
34713362
347627434
22009023
17061263
14344823
1408003598
2908170952
947865072914915328
1056282676460769281
1066948071148400640
63578758
29097819
137960931
1066385537290899456
62147616
768700861
2958091627
28558879
972546252
1064484835392192513
523632806
490900538
788537929593421824
89297892
1016260688
2616209796
2484821442
900361780156809216
16879878
2303494273
2881839190
932379419980779523
1036103780326993920
348732291
290597987
142339174
306389855
950091039993417728
6672532
4081106480
912562804024123392
902200087
2429079616
5658202
50434933
2316003960
17581393
17091571
1057719697674829826
4196754560
335606183
1040054013985583105
984154248433762304
15256077
565873727
47437206
930552552302792705
2964949642
822868255916392449
33658276
21822997
19400611
722994185171816448
562255311
3420965229
14007532
21651982
274699227
623407328
944196995543007234
729344966
226601284
849277824217362432
75895646
18664100
27228928
960036138219008003
2996469091
33908800
168485883
862493306382626818
3017703114
752696934545121280
390232813
11454572
940017003036680192
21860506
958408514807967751
921967652746289152
2179104894
116282990
1056414921787764736
795754146846543872
37575922
263409408
951903612568993793
751596676888997888
152837318
19372504
1037570988941209600
754531050
96681491
354098623
1629035310
317385247
443044262
55693690
3311711174
522093
590211920
715342133691965442
728222719356047361
743012834481692672
12684662
525745600
264501955
1226167963
2854367879
1030499448248520705
742890970379911169
84846698
292519466
4041824789
3063211215
244383132
29446296
41483772
235839823
20347310
747620039952498688
146322653
117626131
63150856
519894584
2602131181
1376252790
18584875
770781940341288960
4202755259
26697297
119771879
998712930874068995
934962310443126784
179245596
707768776725385217
399070679
1529997678
29703286
28511309
990701551537635328
294450894
20878297
527007725
3284680262
265710819
15029085
16187637
936370195068841984
129571843
1339954020
901867723
934531822481948672
835627637049450497
80652108
121574367
55329156
798917095320743937
16740433
956904898473291781
102466306
34189045
3305512567
47806130
772828868679987200
175842984
16353827
19930059
811589541765070848
918855844057485312
179719307
2902585625
166532724
21127543
464220870
191607574
850507814023942144
2638470127
334555988
17349381
1020079158922055680
1903600231
2727407191
205965649
249909340
2726311681
837670417489924096
294126378
4808501420
2192010002
451081038
33878387
817867668623597568
898759943393816576
929050108523679745
228073841
1423670108
25413556
143288338
67494190
85684661
894001258939523072
1004490718763782145
2996196346
213072536
1370664036
799111347111751680
571032079
142500359
496241794
1594654704
842803241092046850
5145071
892543079202402304
4505795352
954546869392191489
1002284890170314752
712014736938946560
871046100723142656
3008850368
838457598303223808
2161782349
857786613048520705
999397929025769473
2747914606
2687775878
940485573961240576
422220225
120881763
27420594
3310061541
17694306
36956124
1262818375
491461409
3181143200
360406171
528773963
556955675
992243397090930688
4873960652
263268740
3237361236
1029648160019410944
1032435704389935104
892201010416013314
892130360888352773
774680399767228417
3434430759
22637974
239005322
38203568
44067298
2660101566
1001722138884300800
860580778597634049
434940307
278302338
835676806455832576
849342841
18604137
525824812
137191685
961845634889236482
403847531
16488766
1036026416201003008
715953176902557696
3296293669
1398840546
881733457067552769
487297085
757607643619799040
717529891680313345
812829566150377472
93637779
60760390
4468559962
885531111559921664
4502663133
120964814
4425025693
835915295793410048
4703755045
35268920
593360775
2989808562
321954654
79180455
89035164
1102259054
581895885
62876780
1029557447533514757
814324421565566976
528589192
281614756
41093722
822464412
4922951833
21507018
315073604
2178636368
989551829175406594
1289897005
241932373
1030396398565564416
83932539
902695907652751360
848733682751987712
22019645
2973318839
1014570101721493508
392388579
339831428
15945496
785637068160598016
1027014012712579072
827570782083567616
4541141723
61591041
826451723493449729
763394245008982016
3903052998
775895540
981704220503093252
464618945
934824404
95354681
959976223467233281
4497771502
2303276380
1589798510
2300603737
977695071096262658
1029420676262838272
25427532
1882798388
3425187802
449618162
23198019
2717472970
384582545
1210242529
455394184
991864374439698433
2788085403
1048799300
807399219862458368
183392154
3952890974
1372235592
822955499377332224
560751692
32457333
262756641
822302391538061312
830264457955782657
22095918
1436305429
817350448000729088
2473282554
61035896
827391980778819584
960285302899298304
248469208
253543242
912049996081647617
48088063
2464106245
354593834
805890847
33570399
948391038242164737
821169760452767744
32931732
2185360068
369698822
787736606195277824
1374960906
163216679
1018818396014727168
961357741586558977
2586056046
14605358
749125675668348929
3390731
991119518758944768
806157846761132032
930988974381895680
842360783673659392
752216723026087937
1058807868
631310817
2991660165
927622368385814528
585087019
950085547610988544
63291287
3426751587
958124884344934402
307259829
3344142041
788798087292653568
1409742925
312195757
924976994613202944
20281328
816070851917385728
27456583
620689391
1678857997
860987645689823233
1029107316631646210
31001935
74719756
1025333759573471233
790341604535967744
37704159
2458998373
946592033451511808
989842281799864320
897687785427140610
2952468264
3340217921
978864793477054465
281373704
11782232
839628860249554945
115052289
795721419833405441
976536929448681474
43121192
48566593
12431712
915628851484602370
450492561
815210894242234369
986007028190666752
3229941445
961657358429708290
846302320283566080
269149295
139172366
4861302098
3080762782
379314159
954365927629484034
927531930601521152
941786835411456000
2542439420
47687609
113123611
165309248
825906379743432705
977507435081428992
130798456
212479621
362778989
1132891592
389657172
2345831796
55646252
16106016
2317444732
962569291152396288
883382034638540803
27913658
837738064088813568
917424517
920006546829975553
519587089
3404732146
102751250
351745361
271160889
946442993208299522
903396856776011779
975843697970556928
755584963467018240
96021946
931291134323654656
413312369
76611598
22257060
991368907821744128
955247447739129857
1005606236241489922
948600743849639936
703662411421773824
822782424488742912
18664754
988926541953298432
33905880
929912597519925248
49197662
713589805
22071774
864871637598052352
3269578519
928380340812513280
704320617
908740727336660992
370472690
735587667186978817
475357216
885973411
1011452295291244545
920683563107971072
2886841583
25123197
363124757
855088743824244736
179236473
364214133
126265827
57162290
1020140869800873987
937704163
2780785403
782302527412801536
17536939
3311989105
4865594137
186562905
970713428296810501
1019273767225212928
931000562
37447675
923393630865362946
52733631
1129557265
2613859704
56864112
941229942
1669405957
45971460
973396999646208000
888071044124344320
50902189
924079247811137536
56516082
723987935947792384
889582208557731840
2519103588
25507323
709426128
53707662
16572515
995761108974735363
955809216152920065
31351577
791747033317060608
2742045844
635685492
886872463
1179176148
884253829314859008
25866103
805763441109635072
16114099
1239742202
814650493058371584
891616184520593409
2744915079
790447626
43870406
832680461851693058
870772190039252992
921673187116699648
894643071274459136
819609803953737728
362507159
963391550297427971
758344916212658176
108370360
990064541709959170
3331856447
2761223541
797067604875739137
907488360851230720
2710513999
4152518164
962411587104657408
19492233
181132382
721764949492690944
793044632
21508174
742369903500361732
932902816611364864
1010987613573074944
733160213189005312
2540439054
922215707793903617
30387315
4765364386
913615578
16335288
856991644134068224
873925830
823989183681208320
820042909487689729
1347485508
314243234
905994223438188544
911339449036034050
913308968809672705
310283207
742087387510153216
18493147
883069589722198018
947472884972359682
1583865109
935148134505828353
817758728443359232
1216957579
956892437363884033
39279014
825137369657593856
3028493620
3867426015
3068459719
867223526822096898
756820197726715904
943453571533737986
794564688
2270630270
91379999
921035226469535745
700661366064095232
735321998793048064
966491835802832896
3539369717
2959017248
851862756085059584
716004987818622976
2462907158
761924360
19725105
332637055
713189101717946368
792096589191852033
1000358992139509765
861040200830472192
536989569
353700483
15656004
14826029
1659267216
247136610
952664993513828352
742383176492912640
941421297321603073
312921460
4108627456
913498347851456512
949089035556982786
16523905
943981067740073985
953495107906523136
1256753802
830555080059404288
830417378173267969
552895143
447200783
252649665
24699531
1751965860
63188134
1088139415
4411104040
942418893435531264
885883417342205956
2301990517
17685258
708344070263812096
4860451825
1029962912
842584909893984257
197996907
265776670
954124423
45033456
17812515
915591758007894016
3353670647
12648862
188133265
1414554811
2315698776
720052030
775735568487424000
911054804318908416
815891575859462144
913171216084566017
435026156
479104121
895301961582612480
427930773
4828084955
872782286
3497865853
2449601442
897205402202406912
304123273
994024716280172544
983483059428261889
739610364975808513
997503485707943937
806347865073315844
947284731627999232
172511244
522008588
2370421626
872010359493713920
1734668778
351976618
946500085545914368
61283362
813094291526549508
786297772903235585
36760838
2353380708
1058515482
1639064071
1251672655
242187443
718555294574321665
947978025345409026
991470575846658048
892550456
989211257520775168
21572467
952978939764465666
4502091861
1511063588
905375019672506368
753385398718521344
837713562609061889
988573326376427520
19393349
876808883330727937
400364870
16597389
22211830
1498911414
19195442
713390916174684161
951288071441567745
936319418119966721
820363149073416193
3482966654
70488785
267494959
577490875
707231479047315456
872155571465719808
757766838671380480
1931092784
878247600096509952
245441097
3751733963
14494756
801962070
346781925
3171211230
1520637229
2353605901
17879692
919056284003065856
851314200114802688
3310111235
2317689248
742175568104456192
973729893816066048
552419539
715135935156002816
958064770019741696
965371324959924225
346384148
983766825610694656
2884137900
3085494124
501913318
850411759190106112
863087067542286336
83258609
32497478
818423034071621632
195002700
870340507
865967433919721473
925075583138193408
254280402
83140368
275092733
24626284
408299234
43232530
799612683276324865
15212187
903101966540255233
804457795068129280
34663425
3370811603
923588061946155008
830721351623249920
954574418549903360
353125270
356199275
262873499
28449623
17454769
3226837903
852949004375687169
924601099482517504
338560059
4837156769
757433433836646401
940430173517811714
3472961720
3182205378
4860773571
892188990991876096
1372358574
911829112641159168
785984795864133632
125396502
2179737551
182563991
758373895871336449
815291667158880260
4160794887
949980678
3067585165
817904169310818305
2256239096
840653032601849856
3260302530
788051382762868736
43221472
947683015634731009
956077582696550400
893300140756410368
4597801212
1321785925
19621464
557046603
26270980
1202205522
824467604064514048
2302608836
435396679
878028162063532034
745788316671414272
831758815825641473
49136127
2281325286
717807459193135104
931534372582428672
817839617378488320
2790838814
961770727543328769
827730638832693250
120935923
480768765
3234521804
370182558
905213496463384577
436254556
898018306405187584
20975060
1143615414
176810152
627865229
967595979863220224
14164972
1589267491
862315645597306880
2356340755
3116156888
2279892463
538350190
51738464
4786042632
18450348
948688862
19670084
824075101729652736
1450006050
2388029642
2219898650
825151316557172738
799466445251952641
1905195793
77674335
768199352196005888
41160276
898147884671086592
1413188648
43808474
582501111
455841613
793194936267145216
14166805
2465616906
814658387271159809
877985300466745344
140343754
780497090841550848
245673504
965693540150988805
944388092089241601
2484687302
407223771
390202608
796757423361060865
772566714
966478549132587012
880842756322713601
928468052584402944
1632772304
834402949853962240
2204132642
961454351876202496
2244845930
107595129
765306808978202626
919807004784201729
836074834467545088
966315374542192640
15929935
838132337950875648
410076442
21545041
2393323908
3676047863
48076581
1368236850
21829541
920748350931996672
345562309
952270340
4288181895
966169236547756032
856406161
906985437847310336
18706305
2782290468
53265271
621493098
709430994
2937613910
3517612832
34409451
129037428
4793894052
821541662677667840
964852459423313920
454029369
823657344332611585
870908840
934562774272811008
3189492086
948011364639010816
114770420
931296693567533058
875871400044539904
2873595431
954845161309253632
249483485
956889533760638977
891101580623323136
23287792
26876136
778631461834489856
773007236536766464
1691499066
195891213
898217941879205888
21207857
624210678
2233700450
95313746
861026825216159744
320140450
827505879809454080
3688724834
54593472
15136857
908732282
942379914631766016
55418201
841142060107337728
543867826
910922022108237824
946155700392288256
828732711472943104
341087665
1656237828
599844433
808856486961147904
822443079030501376
562345748
4853227804
903678570698039296
30990700
3941880252
111381659
783471651962761216
865236475100704768
881611255227629569
780445202788024320
907785000627720192
742434019166420992
1067257849
901873254213832704
952881275534299138
132616197
20976349
29350302
916084236
172630895
36675035
4429195462
817508345775067137
18557659
903773173224701952
349372417
2449913803
24495084
98438370
824052243553026048
4498577661
847551687418097665
211666709
867529274294751233
2606311707
824312588842323968
1320905168
26504239
561310591
103133752
3037096082
798626712892350464
31035800
892953117234352129
213451424
708476530913968129
125128723
1720901078
803940451208335360
94132483
3401360513
802307910021869568
702933448667881472
2719358830
1859114364
39501483
2486428728
594870096
2335860865
817382752731463680
103999662
824371992576958466
2764631099
1326005070
33972168
815988156461969408
402985469
2729109958
14651202
532817487
236541422
2847221717
898953248
35152832
726253031755534336
523248016
58579942
818948638890217473
963480595
780814991247060996
22799251
838379187366952961
3622251449
755048061190057984
924462918988632064
3018742509
15379902
866981923091906560
16841073
464215072
21365300
825850178926235649
895814938995957760
3035315280
951302891708583936
952083659682562048
31495921
789854096144539648
1936341330
756353997716332544
899016632
710738910725275648
806228321625260032
379392612
63598514
942868836
393375338
266765184
926833411
16007872
449149609
3353061012
243464401
822550313676763138
2800771502
18230524
2278261956
870230855129726981
769649024064303104
789106472558796800
129905825
2419463605
947407121166974976
774893842780696577
3327202305
841023932694171648
202952121
1418329327
161846252
23949782
822927813347069953
22261699
724752040057028608
912222665867481088
823728794771091456
1131125592
868545674660372480
61015562
880504496455008256
880988268736765953
259563973
3057670197
287248538
834395161
826523601599918080
915242549417099264
30106118
827361801192890368
1607390360
877199790743855104
813380844903665664
816809496186068992
232108392
912854466625441792
885089956389154818
925552953171238912
2767484259
87562484
20844257
3277865125
4083165995
785867439275905025
3181211874
934150663172263936
218017558
887707054005039104
846896614073556992
329807386
2389476140
511436581
63747073
23684807
596050685
1141065738
730248972128817152
229338913
810263693552402432
3192899577
537391295
713039021518118921
59288409
300998539
894360043184959492
389163094
2301914214
123938715
868184361442525184
88222637
2935489123
404463989
884902192729251840
923586541297061888
934443084263448577
1220002566
885943628123844608
2875749191
635862661
2842388038
803995914914430980
365729749
3939294374
873470130558308353
34492387
83148068
4700845381
858993643
889962883152568321
936429266018770944
784934719871815680
2761527358
2188675351
801806997884702721
802309708493230080
921592240820035589
2996253413
759346582588456960
484229824
3312421872
24822721
930224066224586753
940374874392055814
1467693714
793066155879440384
942860496058773504
2298722492
711379646319861760
146731917
2231959291
26308591
18673125
760618647035453444
847623155967336448
4703418720
4896233938
874971327253360641
292432931
115268499
2602664509
32291451
891678419674701824
825393467840921600
3707893403
871900689823346689
20265591
427533617
3092759370
3510546680
30080685
934596561002168322
2896589992
204194660
3937940121
16860648
2290267526
822916627104731136
3155016543
3252868549
741127899504345090
2208055124
857041521140543488
83483426
4509749112
20342210
139646375
731608385645318144
807067962674810880
928996263957352448
3006690178
709964153398628353
818778290525765632
270994711
239190457
815426916572340224
791679762
875456582468947968
831320691580497920
1069255388
774024776
2656878260
125975139
4189308280
877672927751229444
178999981
2894032402
18723692
468916175
747055923206688768
573053124
1723279146
284887266
3347181269
848262518002692096
3335743403
18983793
326659131
724306762203979776
842378744
781639819600490500
44290258
2904000204
792425445929078788
796014200057368576
888862515563712513
15935541
369029151
50849699
254690767
879908214766264321
867924475366395904
2327400218
892808143734022144
819189273798864897
832336297641512960
2471239705
17667563
757355300571717633
870149492603006976
816736590412337158
2320850507
832872262701301760
806239682979827712
33663178
72426152
926474649294245890
793933354798182400
461145224
3260161249
453205202
18166778
133793052
2495228196
305202222
899392863758422017
3047722897
820062107924361218
745034624674390017
858066056786694144
894450550032519170
934578399171014657
75329060
2458972170
3308946410
723604292121202688
912585998306992128
796788511361798144
885794670
922672479755165696
895347487233462272
822619186610442240
882630994301521926
352462668
3399869637
867147453161721856
15702890
1272649165
921736715026489345
2418002258
890456866014208000
15258794
2608820132
935568954977914881
3112077025
816079383282810880
371365947
109441206
132348576
2887440653
888246897852297217
3231124062
22229609
83189866
902576220000354308
815316433362186240
3057954007
2890492573
259703328
882648784622235650
2386014535
29120250
46254897
600367796
124754538
2853539377
1627096298
88273330
196555614
381308128
49013218
896989752
4549852397
26949666
20345557
723249249475915776
887645776545021954
785836889974644737
905019768
929111392980033536
350045415
43975453
2941174578
2300230563
154350597
2355731000
17983365
886394048168284160
3039863378
824796642100514817
721485131886813185
779123918648901632
797161046150549505
222582311
831568484
899200940
1370937396
92691674
812317562956644352
3308560736
499230066
2245008648
763878152107986944
39508427
718657922839027712
260872131
831761825876303873
3499821328
3885160459
14895030
826225046922211328
922216102515523584
196134547
193952210
3280039826
3019860605
237979707
61011257
3915420798
833043654960820224
846210447544008705
804646324842983424
861001667046592512
702866644314402816
1089735019
1609564021
22827991
830353292844625920
22902088
2680192368
359689769
554575920
553145590
875824534858944512
832441627
2964664061
2367966216
892142288998215681
774153380
1854655627
896388608982220801
1491745206
4381086554
262273380
3347737518
3951370763
924354252847300608
1475843268
773224756971577344
89054997
755527716
53958573
880104522051457024
822688229040107520
839649597400174592
863567811066568704
3215909025
1041227316
152007388
1143762104
752250428855771138
759051618625032193
796552626745868290
3787809673
96215568
4817958794
593845824
823159765790494720
783509913246904321
870682708992823296
822986081457074177
875924615901720576
1085411936
276108067
3153535859
891179110684385280
22956220
770024988657278976
1357104116
898182922620088320
1619201522
20490840
932849242963456000
1077970982
2532127677
860200224
27682852
3438614458
27815128
821375824242888705
1594642194
2511520796
3303092855
2998069120
2843022466
23277531
23798694
788453654
789097133148282880
746890098604654592
376453771
2256965582
1593351721
760987159067234305
706284645676146689
941224903
836553342
876216829848330241
563883153
830450888082935808
1537364828
77137967
789969215650422784
13590092
880818095786524673
916820672738770944
3184890253
816474741196193793
771200929513123841
825599763558981633
900014846783221760
335312088
823899195295801345
722275037055729665
22677397
4831048235
3419257222
906992988
1670657690
792808845919879168
707278892801765377
2284614762
108081185
31405894
3080953538
897607805334544388
730678050
68045552
911063766506274817
872189421830930433
1675733256
720843893441306624
19777536
929072087880421376
751914802503557120
714234573345931264
3433022621
255572138
808152564
39007389
19872790
774971892675510272
907760571461849088
853654222323073024
49455256
4388881763
111400999
804880406151659520
711653083529551873
855532966914670592
327908200
15669672
863693749
11862562
709623799465938944
417971466
817100349139980288
21089652
14137084
59241915
930566035
2519345029
72276309
2418774365
88110301
914035754476515328
805461411640049664
791112864316526592
1953012342
1479787818
926454978444713984
4871418692
783110356109365248
2335458098
3406551733
888451397783625728
162482769
42834939
569406596
925532952796237824
2346197030
4051494614
918183866766065664
2266168763
426247461
624795117
742355923134480385
1891778234
53506915
31393803
27164642
4917311502
26732837
719848910026616833
940503344
27285798
898421490286157824
901897162232971264
28523293
791757121972940800
105523171
2873252362
924701111545712640
15693450
203226736
867930580587077632
378615551
788989639654797312
42154670
4752008837
2845280239
4243744577
31579226
779183203810631680
2243716134
374327607
782344865510068224
1692639260
264271174
368120569
760182695552950276
3544638504
18851351
18814000
3984199213
1289133373
822527661373358080
860942757908676608
713179445
2334193741
60164572
4509862400
4519638443
730796805395374082
29902703
1246016858
24824899
99054482
266816841
17677016
19876853
820327692826537984
729914810771623936
2792240166
702532431383908352
738346943684874240
767497303204790272
874058707
536715931
561603242
881927755042103296
2329373178
2332264339
3288512762
871826997818925056
26183714
3195591187
870453485984129028
126742095
817158775610179584
138182116
866838286848765952
879548970082721792
384910109
2296598455
715651113941397504
778394221569073152
761548191959441408
930459372
4922329698
2468708726
78689495
895686481209159680
477165356
872052530
261712130
882683012747362306
3885049754
95378571
15931176
811012170377031681
81549508
836203652599656448
2408466368
23811826
3938342419
887998063
243187886
4844017714
35318897
345959527
838515188362002433
4508471321
911993856404725761
823993173106106372
815388229893378048
822790693169090560
899828663226597377
789162704304910336
73910949
913539750149070849
717029536026656768
36460096
16272650
704180924272005120
40914533
1646973566
44697368
759043134751813632
27665068
883734316886491136
820379016045568001
2376475740
897966420239163392
787369113995792384
4736051581
720035276563877888
876902771999592448
2941665345
575648685
4034224235
792069467878588416
3303945622
466183294
832114407262060544
317223956
702891291533668353
1005540271
717849663701983233
223004757
381220620
23263297
875943970416631809
316124993
38926453
299957948
796190813189509120
28657994
618340841
20516131
224703840
3268365894
3416153772
189945067
770001076582019072
215179987
712011839651979264
244305038
898304548560699392
3081927276
917442861200760834
1936536769
895286614431346688
26701846
3621438492
728328836312485888
877818491515969539
3092878870
54981227
503704053
2986014090
16981405
812135885328236551
856288002435420160
891435759349235712
914209608910213121
757446816870830080
373710222
2785102868
1004387720
2459449686
763567741076959232
131361119
577337789
829818994639138817
858872788467298304
805479163117244416
214639199
796002851340238848
2897099785
54237828
914872078456594432
3078207941
3115778042
880657182836092929
16331010
253321979
31215405
755602366062133248
861439853774458880
792235635725565952
30328904
341878887
746571206279606273
61236989
168801347
3408529580
611350965
2307195656
1494835716
28611453
851162901209522176
1531974344
270332525
790335514608017408
25741722
823966628039852035
2320140193
264966794
809741695076204544
773144623812186112
44532808
3843500217
531512140
812021758802927616
3243831598
817384145580134400
2912267150
89826972
461271065
857364512
849563174634434560
903483174742777857
815715505638174720
421991445
3346248177
187351126
3226665110
51749240
1096173835
1029740304
822764755324702722
52152144
720684341647577088
882820537247989760
277740629
778079120764928000
725657923511312385
774396356752318464
392992201
838197939591917568
822329548691804161
348746167
48922782
347313041
33241813
238063193
828303335002406912
48209970
710883241599709185
738031868923150336
705585618630238210
840340574074949634
912109251518136320
2727450961
97710257
1850293754
769533635976310785
1686233167
2726005039
1416301465
829551191612813316
2566050122
848275193231486976
142257865
259930617
909105460804034560
858861190390448128
419062879
723184981829398528
843930150400008192
756602725102682118
756325835758501888
838547895926276096
96772855
208732393
787052103520976897
2285683507
757316871045742592
49516074
3882312657
899392908306132992
83673742
354631659
794170152
818952798293413888
4048852873
598326041
2859184665
142866485
175161093
1259071038
898083124034158592
2397100808
490975532
799162642774560768
451256477
56661235
897638606189113345
57012308
122111073
895922952209743873
3941891775
2645456312
20118767
839153913026707456
868653017259704321
2376596682
714496856491823104
302720798
878454395037462529
4784219062
3645029299
717100737067520000
879086253945364483
19236097
819740762250342401
723231998534422532
797139588837965825
556969755
899076825539907584
820864923756625920
1694193782
374463980
910272576395595776
860998080463818756
15485532
1049470670
1719118620
2918039334
18154797
735633664696946689
2942723847
2219039905
708789388969259008
148486052
16106584
808143254390640640
403129764
409525621
15496973
7124092
2749465331
775812139885793282
802894928086966272
869928896845803522
869367985961672704
16890518
3763923435
4824408413
105254699
783822349980225537
790629748024029184
546537304
788085770728775680
300428071
2352603978
907393745867419648
38602479
823196977198342146
1190530476
2801177472
33160996
40875530
463217851
755924880063803392
894465693755637760
1416631759
387916191
2857403669
23379938
1592061668
2432310906
60317232
816822333847588864
796049138332770304
233000889
851957824435273728
775136569510375424
765077504
4563974475
819531482544963584
525750541
126755086
819363067557531650
581999965
115392787
295765785
2955880366
193166437
826046633561436161
1025151908
18635250
849784292368666626
2497458150
19366171
1246757545
818129104537010177
822660230068703233
824414860591112192
719091641051648000
3418994063
878575811250573312
2718236783
45031918
19384731
834088797985964032
790927881518080000
3308822353
2377725654
787097621127057408
2341977604
863542418288902148
278643705
174470829
4846230078
881622351019888641
173609155
961634492
477898426
803135748836716544
806286631678447617
366443472
706583253205909504
18093218
338527731
2191313798
705499966433787904
718723200071282688
2964836768
166408582
536612829
2681213905
764215513811517440
2391591091
718245694168047617
216055083
71413797
266722897
22460413
2588329891
881138647508144128
429196082
3508875013
541658852
3246358172
3524001795
311973895
1061178032
755893080373366784
111075385
34916539
824312557578158087
733964028
709857529229139968
822982329123700736
414289920
13264512
735524232948486145
3092130911
1972231922
790029677847019520
69469543
1265464230
59290642
189935217
24311148
29290319
319761599
216194646
3285046447
92046434
25021862
454513795
117546934
34191291
744586072261337088
814574674906644480
4862453493
878238546187997184
709973837
24055859
874795883274969089
2660095619
2447072976
18191358
32626129
2267021193
4344414027
860337132
2186536273
821714347810574337
863912208
4184480599
3885469758
39792135
76369819
2770925885
856546831
885278676857892864
174618314
3006015921
2175089487
309943119
1308039068
4031492717
2384394751
28133675
1191313830
432401953
2455824056
788462102
821362524410945536
826249312531263489
704000582420402176
303450744
2894111353
347696176
793522820026290176
15329294
250952665
73214384
841942470703370241
726545181173010432
720800661500203009
47796987
93744557
518375650
804514284768202752
2413221252
2718184811
873767479880949762
792474881531211776
929137518
260077092
47354540
703402276291944448
793242950327234560
830929039208677379
48076196
507159556
234243219
4130538973
83234491
67295413
4890528299
48043052
853416052918595584
34927577
812743255167270917
864880718899535872
34409467
853181179
407863637
1281870092
14437333
478640581
1343174804
869292953151328256
505514032
2950450665
3271438711
744070482832596992
827891118
270412323
830949388000382977
595250319
499484316
784229278229626881
608637244
1199461189
1675606220
522563316
26954615
80056079
2697016109
253169452
720026030186975232
192959969
103678590
709217682508226560
876634770918309888
10186122
765061116263211012
4700477725
751510293746839552
346333096
826104850194653186
732779507506020352
836899585
796236623251808257
906477877
454584403
793532092734902274
1281657223
3317982962
763208946249113600
868007975046205440
2282822146
294852352
785145402412658688
711228516247801857
28693889
823344023104589824
3725584335
902263700
2315679386
36715753
3328457529
85155978
789663734553862144
36817828
4202559260
715243210101096449
3241316403
857646755483185154
739554341649022977
3400894919
165077597
700144178064326656
3309878041
368333024
846808988717109248
2365954740
1189926044
2328704276
835883839427858432
4444870637
719183106
796517322588639232
59736485
3011762136
2568045318
883032245161926657
4061699741
576623689
1488495162
30386277
865168232663072769
1732089247
2807212838
858778811869130752
757731953281904640
866854704
2471692340
75234111
3040409948
815229236093009921
176140153
348798406
978982380
31794591
2750843398
800114400614957056
128135127
892142256291024897
326848554
805994375717224448
553991829
1434771787
465046002
3949818575
161772702
772144598370095104
4705952057
115257448
2932324859
3184471478
380683346
2437661736
16722647
501183240
837811665060122625
747664766
57049338
805665369851564032
823402669813485570
814987365060083712
1696790022
35298962
48606399
1955479477
4649932459
53166363
279762114
315142269
22016301
2786686226
390216261
832337062875377664
40189359
181735075
2595115260
451169238
849734844024332288
826231914256142337
2688487832
4109952964
29798375
549848213
820138415022710784
1686839264
37218057
29534201
870069378456240128
3015801779
755946180618575873
714114690989694976
728212399891812353
848488502
889187444356259845
837731323972370433
614627531
232087947
1099834932
2327176585
43302184
864338503022198784
893282762739863552
822569384157843457
787523024383725568
2863716447
876993088480309248
796552745616490496
41734916
842396875122724864
850180821445218305
89258328
728255524303740928
4872417935
4310204417
443924415
1849839132
46974375
247374262
20897273
204386512
2845681325
36734275
2470137595
4096962915
1455540942
707771806480924672
805552999
90915144
760022019249496064
817884018
868816773369532417
835256399982637057
23041680
257336116
396909031
179498445
776117538669207552
868013209952890880
4413078313
2517092984
3035492152
2512639418
4225860012
806594187428790273
876590345529704448
346947239
890770319266467840
4653073094
28152896
3313411216
382814371
10054182
406313212
2234171998
824142768603807745
16320885
815943780125712388
2391429342
49176347
78831504
1260624205
16085646
462720322
815309431
808749333747269633
20287064
518032499
19166001
3419825685
4874143145
784609596426035200
21572910
822980242440646656
844177934378307585
827972902909718528
814503101138948096
885822921029103616
704124038835212288
3749872277
890376972563607552
3439408259
797522914467844097
779125868622860288
2272052671
886563704615182336
767424168669229057
893114779547709440
894198151409696768
821909888951578624
23606993
3316042693
1590170551
306859494
756888348338290688
525954207
31065730
2927394862
321925296
883855148136763392
832041575849013249
40407057
979401001
617361371
3324009111
2182901815
304524920
781126403517448196
92771077
2383695960
2290571740
764662076644089856
17230513
586308135
4325993474
146758342
15985213
3423521273
4501950913
19211550
715278406120775680
750823988016783361
21044127
16513819
4501660992
786898950
26487878
716467736
2504485384
45687114
796529866632003585
3357690645
372436704
598925796
1141336530
883099689930731520
3294942553
2605774730
74152318
266049211
335554295
15905092
938850937
47162570
4875427757
387151655
732539580
889216203255885825
171516677
152704273
18552038
555346048
891509991214956544
727318598
503608157
767108279176605697
537633505
25573530
837826093
66144291
802619138711687169
1137914460
705586540257243136
191292799
779159441887338497
860951135372296193
764478075400654848
34103349
785316063777087488
891919749805780992
2780416996
749320415319851008
884064045501992960
824010671582887936
889947284
405066164
4053675374
490328549
700096122262425600
3103325751
790711718771036161
964720946
761135909274316800
725809806095859714
963418436
4881996747
45990513
188665937
301133683
5509762
603172813
861629573284347904
3119849124
588687170
4427224377
613218605
723269377454407684
811975379896373248
842217397
3434763483
435449437
1486767462
49744655
705263442307854336
861643449652699136
2853881419
2195045904
162937197
4288328778
781369357
3372178235
832886564
1618233258
62079137
402836420
858436090813968385
2360543557
60629480
835033699565486080
169479199
52944689
837706882068410368
757709612422303744
403992815
4898851410
26019382
570567264
771138240757768193
821883326881497088
834592045708644352
712005344952590338
12014702
23158278
737100147818008576
838912583897841666
18663584
761723707001704450
954780644
1613642119
231069949
723159264
34123574
885480536722087936
871281093902712832
47747881
231546312
144500308
879400069002342400
169479357
25582182
2573729642
273192214
797521183801561088
744118276788097024
866715271880376321
299381686
826888311176364032
2185248516
2654172907
821534955721277440
561742581
814108961544740864
737211805
795822463531753472
2541836810
291711229
552362937
3192962633
4088927428
738885049743872001
802925750231896065
529589786
2447804871
4859713744
48472776
2246397850
839968879543791616
703153195
261205723
748505470810230784
49150104
243082212
849784002827489284
120331531
564553280
1640535499
51967388
140548884
44868806
2485559964
885850912178229249
30772060
43432649
748168857831956481
886602765417558016
593704681
55312746
782992350993911808
2157263643
60429771
137085833
2232401629
2310633901
3219094901
3436230790
38187199
4557913963
1037600706
930699685
2405478810
822980822328283137
806047050517401600
832268508604010497
754749470
1677143568
581380242
859870167806992384
1578095880
248425635
196842270
944145019
561890079
840767124314378241
3288416890
772096917475962881
162398335
822209425427435520
414766936
2468842304
781536160451624960
843905788938768386
474497432
2989202299
17124876
389131962
1110343404
27831941
3023037872
2302413002
846908817002708992
2993773987
47474164
1323489042
845110780303495168
720707740578881536
972909709
734860521627914240
779024508833370112
796800463744233472
36912112
24578794
25172565
157851432
14504859
704900755187240960
2575780104
1078105826
758729592672653312
741356411452596224
1396175318
783162698460725248
565082326
4883801255
2531825513
4862040499
2602052358
48790573
3462374773
2904911144
734116403339493380
38348850
426999530
805490995081187328
859147115745988608
54025978
54666213
2335955898
823218895045722112
29467706
3260399730
705558687310487552
884418436167847936
2994453117
18500288
421613307
2836421
270496561
611052628
32663555
518625592
799258718445649920
94877431
704240354
818358278
798199044740816896
816433712070004736
62910574
722286886060822528
19686924
885842222159089665
832827699135655936
1402978555
1492840928
3305156307
1608751616
821863733664350208
868791385608118272
385711643
123242996
62265109
59281409
2850824875
823238304183283712
787324744743915520
817471385916280832
1007861552
830123340459233280
877297214086930432
774998102692487169
384291112
908203088
20826129
617239350
881513887320899585
872542382390206465
826175011752849408
67719611
27860457
846494510226030595
827918824678756352
893856362
880883127312424962
833429785669931010
34900875
42912657
35312141
27663949
4196528835
338637697
764615287236734976
887413884805566464
23299665
3949891877
818111304871378944
170471798
329143901
16481904
15182828
67700346
1866727674
883768875698880512
702185395404955649
878371494698639364
598802590
4810512147
114432999
793984839196221440
22339165
21536398
880539026876276736
2305257145
823149942592176128
23979289
821910664062980096
745115840547164160
3773806347
329314356
139719874
1944218455
718879123993534465
842826686211145728
62657563
179280878
236929993
30441143
825573340253450244
3285825674
2516924637
16989970
402912676
59675814
110849452
807039567832449024
785531751368105984
703694931517378561
881283468042395652
4697724799
792375469219909632
711176937
2383721304
26652733
872032452268707840
764491600399593472
745591364
100006314
2532029019
2748582465
228734665
527782685
3302109098
87801582
635608354
1238951618
174784596
2836119199
856630915103150080
2185356254
826349229735976960
525636026
854121167405371392
2832008143
2605445976
997304502
861537582
732731925513818113
763935668284239872
763127590932602880
2937803969
336328667
2991909932
883977443165347840
821407147745562629
2857949698
261790244
758415295551795201
258564630
708633916526170113
861306696668401665
226426605
19346335
371311150
1935087769
885890272277680128
733526034
2840188581
839099917121511425
4784596178
4709748796
851458215741202432
282821311
55385462
1361017309
4856996010
752129231975542785
827623560860594177
339668058
331825712
185635130
708510980
2285755814
729709984217337856
17404887
1976799128
781125491302473728
452047490
1609546459
3943313901
944677376
3394847123
24093589
222678864
843204831762399236
3435940588
27821873
15504778
2356039387
41304189
584265135
852303583554838528
837472786218119168
110855805
845501731
757769137179406337
304691522
823294702015287296
812498553423745024
351430258
3421386939
822858672137191426
2828202224
824650575350558720
2639302925
369262579
4893637685
568308565
249174256
3041625663
866152442
84491326
821767467391451137
711338845099282432
857405363196485632
797530568737128449
904789082
572449012
812755660534386688
1345675140
872985338217721856
715968040425250816
2633058587
750741639967019008
702923178146856960
803357538284498944
786711436500275200
1356092868
1056906336
848593838721597443
39584513
853060001199517697
101404290
3431974692
882979087714844675
20356676
48467882
884784487766278144
900819847
107161788
863211432002932736
19102093
2233659691
636303971
88135551
3714444195
872940441372684288
738837671477280768
261035444
433851538
2849119986
717937938
884425884257705984
790654110
823239893316837376
2335426680
573972193
797926853780480001
825482470153973763
33833121
2434075947
962398105
429453042
793871672189132801
5820642
3988959628
2344070632
884983790199857154
826993439661187072
20147219
274147809
855222090
757596279866290176
807226371437010944
3586652594
4075000398
2718347636
469194846
293000471
635923643
786672740896010241
175484213
705485359883354112
834489915845001216
806122520202055681
814511187102679040
10773962
759625990784114688
4181636232
2584438165
780584129591062528
596400311
742007984499261443
3006600919
883066024387637248
870792973759512576
874251688932249601
863021084156858368
878081302595076102
806953575276384257
882661049803132928
839660809730965506
716416304614359040
875145458758320128
22043275
407331523
276459514
778626571791761408
3308932621
852091473344573440
854330891845472257
3960338835
862412810
3651907094
21521938
61163172
3321498788
1008695929
288283415
786261379137187840
3158252163
866742740662484992
558182738
189372558
4292036594
2432501694
3422474392
785645094867128325
884304968
3306629815
778388553109614592
50846751
1392951560
167603204
263745437
30542827
17075338
2175280390
1025511073
3003941690
391598894
3424711689
54248457
146037421
813903738653937664
39076082
554532173
4926034836
4236806414
709485595014221825
870687858402578432
784743400129998851
762341258689966080
825125197955080192
2378019222
757642475523698688
720362750
86378821
45738039
812367193044373504
757364653014016000
105355215
149885762
3381940212
797616898129227776
814722753538457600
758874975700852736
816710588038574081
71063553
787318013817155584
846429933501075457
838383487279210496
2765614937
11102352
44542844
776379645432369152
552128421
261241981
45285656
21789755
318765619
4214995979
818246527609147392
802297219919605760
761334964772143104
429429068
323223149
277355403
3063458561
804521838281826304
1090680686
3145194679
4835593824
868232286042431488
388122292
4480906040
869041927131287553
1922279155
850055448581550081
874482116
4182380774
1221681152
822352637920235520
562207562
2430129626
900967873
30296346
42228475
1915913342
1209684721
806256939126689794
747279236
740237927754534912
874356390697082880
156660120
819170679509684225
1007064734
610136142
701521618569445376
547969112
170899638
177584156
155718531
999453985
132495818
39755667
827562434219094020
2478245477
782757140461133824
35461411
743217327437713408
860486570
709184227632402437
16208179
786719482345508865
3308663534
800582840
1389968822
933693476
2592632611
748964694388453377
276452562
30871880
875098446226706436
1289022930
864988133661847552
3271255423
724603880
835695217000865793
790047695285223424
800865629700050944
747942109760659457
252160769
2958832497
508862647
559436457
19461803
829138435164217344
818473802501947392
2985335882
755765992916037632
789910831404310529
3311047448
2840751534
149318455
34660582
3456496461
794698334514520064
880153952016314368
1493326255
749703015355953152
187059363
755485441453797376
2502463908
824461242286899201
725126867301326848
830866863852695552
4902931114
818822563166060544
2205261256
793852349789855749
802199417595957248
839477984352415745
749743375054737409
280853580
444954549
788646648322805760
602482065
751458536631132161
835258255395823617
3507910396
183825988
69175544
1317538178
49487253
1169286608
4848238043
4851440002
717151314828898306
794034604877303808
3762073452
1578258001
830722018907738117
399440328
561654065
441063307
802042941959045120
2723392119
4206884849
839642910152880128
781579885387124736
738744875454189568
813162341269471232
817203546126852096
2723265539
873397625487339521
1356123823
435958880
757395162620391424
629527375
822826339782852608
3081676042
15619220
2714847813
847271533022068739
787278819954724864
219983463
194101138
98941260
59204121
107462027
4184457737
4828189779
782620709977661440
864902005097189376
1219977512
831970549974786049
355998650
224296146
856236459313037314
4064093608
2248701206
3318236150
786298499235192832
3808785683
3902727323
3107961830
212302405
307920552
14734484
2437653818
1201325052
794560230805950464
243602388
4921372709
260117442
785323004796424195
2617069335
456179788
814483421120647168
796773392804442112
735716328040865792
70814224
98951458
793529076
786252239413374976
519407518
845767731160891392
540224975
2448240427
36791852
777262617907691520
2292053378
2191707162
107495715
775424037375741952
704391334128394240
774315058172223488
4853913459
27256698
100781049
542112461
1592448187
113490696
2369300364
7080552
785462696
898350542
41830267
3322567050
40908010
54800309
48308217
158950134
825724301915602945
807908498
747354126
1909049731
166751745
1217274925
807065155
462595972
21157904
725914220894679040
131042563
115979444
534903573
2801634728
2612389550
866708194512556032
1484823236
189186078
789177639558713344
23769223
2472463782
836231821503381504
847944474877624320
4850531673
799981531317968897
94384054
2858886167
2829016782
101395252
885463688
778265291457527808
44397959
709524373363924992
793101953534308352
83696994
2931912909
805944257911595008
2321127874
850056602266849281
863455417762009088
1689378834
810644601648259072
279234400
214305431
847537969535877120
415228744
713392710346866688
495288236
802963915726434305
372449148
814293126336626688
1417793336
88168692
31934987
2477776868
803200486686019584
25319591
145626100
712690051201695744
1069820899
779820642807877632
829358391550152704
2300551194
842237091819991040
564813651
864604715761500161
909429824
2663460144
731611745219973121
97129786
73570962
4906853915
827443309131898880
2387124546
2707840524
2358311520
865586785732120577
2327428716
795796007242104832
816422039451996160
470226132
406483952
2398047932
838932232505028608
25770408
3376601414
849676187509039104
1007288292
38917331
4362647958
308701564
321060649
13850422
2398263498
2713421296
706068592580804610
793872409002553344
44754458
107288394
827696241530204161
1043630215
3044397018
139737780
2369750928
2790442199
1209417007
703970735421792256
526073036
741122468987965440
393817625
26493881
722399658140536832
21136821
415017384
94436427
698239847723438080
343041182
861863150
139830968
4567058965
838051773881413632
1633845685
827122037114155008
776226122992267264
863262405618487296
1424105654
743722687747358721
3348399252
870334888133709825
3278102636
786025418709020672
822462665910063105
845661544440631298
758332364715986944
126848897
171337448
41843185
793325617
3092076227
743292565
4439752995
65493023
2931133663
865636782
15957148
1234512097
2996456926
259151718
528544459
339453818
14293310
7587032
237403203
15745368
15754281
5392522
37666984
2359926157
9300262
17469289
15438913
789512359693938688
233933230
1061345084
379690254
522419100
3296504462
2837403955
344373492
817604146333249536
489668255
713706813762498560
782160469922451457
489933333
485380959
17586038
864530244052504577
776526303553957888
777059101
158436870
2329458438
2884852551
25202268
75081190
867871042748002305
31425179
1045558231
47293791
798449875587362816
782712607404851201
822832312190648321
46302096
2456819246
867557619912912896
3417589455
747753906
830551006991745024
2815402178
756001892405170176
846152197
81260393
584350121
740416304155332612
871045558928060417
750090764
2738512605
4553573674
711693653954015232
74146374
834395694
853063187738001408
70890220
30963457
36407789
803399418
599813808
312477483
1500129642
511806716
3250141399
847181154515959808
458357703
3308323093
822505833011429376
65250807
301857046
792660210
3311241707
784810149537984512
750143782625112064
4691189473
755889405362049024
734099168143278080
4499382678
49422899
863708190
1260552937
842493042754043910
796907603301277696
3313210497
882252218
701412529839411200
2424016218
16076032
3073394951
55156962
16812077
811801083030945792
784849517246046208
3452957836
842435170078711812
796899745889402880
1928409378
881276407
712389280946118656
3433020107
115749048
905898240
1114631166
224760049
28273116
789092819466149888
2291989712
761238040656306177
802616686352498689
815989209949343744
2693172618
24103829
36520193
222594395
754393868443979776
803466461289316352
863878094
854131015148855297
814913494554443776
835717584037216257
2312149726
865944523523969024
4827531214
2972957083
490419059
45060047
216776631
3159852925
192692890
822500666786672641
41118614
149433931
10207502
2912118236
45671909
862175657333272576
48178648
709158348076290049
3273479480
709451112739262465
712976695
2097571
3104088627
51609807
743425316
1697835692
777239811925086208
874753344
233025830
460453341
845457470692605952
834180519143362560
550666618
553224712
2464098917
29030150
804763635528572928
775167048057888769
30925817
3184384026
712707024346292224
3253946096
293267862
30238204
470744587
774928290834419712
285502242
451491354
28199470
708039673684295680
282741821
378863262
2877123289
851426978066575360
247591270
1253625300
775874478320549889
3326059343
717804311166730244
96580579
357143892
304410684
850155706204508160
54086590
716656332384964608
2947207119
2218437631
846408061
811301883516047361
741364964653432832
953991390
358956687
1339835893
272755599
164651577
44377087
1527246836
53469304
934785902
809213634
1329723031
30604083
271251319
23597163
789300569097719808
4879335597
894436309
772498983201550336
741057139687362564
723566018094878720
751816649687179264
3314011784
21424216
794668993042935808
31246318
18463768
1269955592
271957908
829518804958978048
4509866893
757396587668799492
704181782921486336
15972765
4320809783
820633854700621824
813866664320266240
235672285
1902620107
46251367
198512092
15700813
788719951804641280
581493558
867928805364649984
19378287
831292859911335938
2703114008
294204427
825804900441415680
4795471756
522585544
834896224356548609
334675531
3119845417
788631727023525888
805305054
40282906
33775392
2448135692
789564449665548288
441389311
539579460
43969372
826565967794704384
208155240
1931084401
1533683532
787072922372321280
789414378458058752
804215919060852736
40896353
261558942
618190115
702201145003913216
804122442838908928
705414597034033152
2531172553
773149492887560193
740678859381690368
225944399
857184239003066368
1528106130
47233194
259936211
2180643435
262277370
424927514
864195121180401664
735554101602193408
303933058
568695530
260954365
779563097237303296
1300855544
16335102
795882339322642432
712796744124203009
815113714735058948
702524531412488193
3298553917
1587342500
247130062
2299826742
783157660807860225
372372537
2928451870
2330662620
96070428
765978736290304000
1663975998
2764242773
4856285775
79468315
840236394865930240
537904539
865721939435941888
17109615
141610612
774631928745951232
847772503107932161
256075489
725292612
17999966
421924127
28587919
151268050
485373368
61079268
1494005965
484980949
487623009
42519612
717862238565101568
1606480502
2227231045
1120257042
59039140
20791372
171632862
3510942432
47769424
731533639691964416
2853461537
1909349292
543852746
719273408438083586
58459311
803346400553664512
790315712690524160
778086440194478080
4070038479
58053920
841705337115856896
32524700
123406653
13918492
199739590
3416492723
1365263822
11134252
820387647872901121
4858727007
39997450
584554949
3018960919
421324707
3161864387
739536307295158272
2675592937
21888595
41897520
773891981386842112
1713571602
2262213542
2246299058
799304417249988608
16163824
533370298
750502962385063937
356434482
3385804573
4165642155
34756550
705557649950056449
34220819
839628282677059585
823693635564802048
708168355488731136
778306734972600320
822927928149372930
30122242
3950803107
1634732816
59553554
4855731869
752223333832355840
742183174260723712
601535938
15588456
827187561667895300
17424987
20430247
432895323
494574739
22492583
56918276
3809379317
49239992
146967926
3810100344
759120478413942788
807372042978738178
2961563903
4855999799
55083909
2686632686
54170223
804730346185039872
808202720180105216
826098849471143937
19546983
139542263
2822081884
32647544
4350554303
24787367
36261465
758756480183132160
707787460902830080
729359970
1074480192
785777476974759936
802454179163897856
3301954655
463343416
849937246891397120
36730531
27290233
703159573411028992
544834467
708471306702823424
777631829042036736
431071870
2248110577
810698204375293953
921533490
104192135
56413858
548136534
825734716397596674
66923871
817970761746944000
837615659605454848
9624742
121846437
478855762
357029197
2207333564
72882689
761584990882762756
788233916171718656
42670638
3315464599
2240598758
802623208704741376
4190307435
247981000
4851276082
786814036750979074
856890826613551104
463523291
833663976055721984
715705347084824576
67686246
709175213439627264
26585095
8839632
20402945
14173315
1917731
2884771
15012486
742143
4314361272
3229884629
98992586
3093551696
837317487041486849
792418821759913984
854856084606951424
801496513126006785
711273343396278272
792810103091109892
39308549
2559647343
785906855121817600
22391697
789963562173210624
783040259437101057
836710616324788231
2518211783
1412222533
812427976931475458
755851153703862272
25975551
791403489901633536
526799287
4056983819
42930536
26278305
790019230389248000
112283476
2771503019
3307841050
94607882
4772036664
2438831503
56204638
2629964759
820808196956655616
214252230
786220750034337792
825771854451372032
66369181
147248694
72392058
1961611543
3370622183
55263400
810113325686255616
727754795700895744
3232186924
484514687
824771634988929024
2180739451
789556300938117120
14429823
834069811772739586
153966123
4818899489
577505565
111770227
933653886
2196084312
806744931746267137
58007320
466144416
14132525
853496307155181568
780875904499286016
712345632753762305
1334445930
18653708
3247169083
796859730320834560
723603674841382913
358892210
15427912
315994858
320917731
191408139
158060289
985873782
2300869279
16023914
631781675
1171793868
816125998357946368
827097739632578561
1654258802
1430508206
547808552
7548732
724803098049269760
567284416
844661665
22891214
195271137
14465607
3949049181
3306173819
384094961
797191676708143105
787801594834276353
4840654073
14945261
2991031983
35218566
331211474
1249982359
54338361
1524853548
782425941800878081
829088717306523648
15956067
2724199731
34371118
524435492
82432490
54065567
896258742
16073043
825730361833439232
744185866097025024
41433812
37026536
42958829
65388145
867908994
844241695457927172
918035388
4489137614
4884762153
822534168898916353
796880528565735424
3267456386
705442898188210177
237299871
146621326
198615011
823638938590085124
900665617
822791641396289536
820059490305314816
819562549624578049
15362651
2392913413
830519086421516288
796326509170475008
2512732765
18812572
2445226055
4686567074
3098026668
4703317886
466645191
189009947
82935987
825729786500755461
127601835
34900333
1551604218
3407135421
22055226
2944981166
16526000
162301746
832616027334680577
14986598
785114914927022080
571061443
17995040
257661436
411380833
762032440747622400
815642625139036160
28785486
259001548
21440926
244187812
34766357
824841906014216194
404179950
49941653
192099347
1208410202
832432688090853377
96972239
54412900
535323001
31540671
47522283
73717434
55217832
4195481594
2190810758
34428229
2259850100
777600985329987584
17403319
48459553
2510362008
54769979
65786703
705047741911736320
755886754180243456
10615232
172957296
2880418362
1634019780
827030628537233408
2773918108
61871704
15108530
278145569
48029066
831482588246196225
830128820447539208
828613457020870657
827258161841135623
832965832837885955
1131917492
857001662
443858973
313038011
164070785
1105540556
715194876963528704
2707116163
2287590997
713167046901633024
18856867
33247338
1564327968
22064606
3422870493
714128911823724545
324615201
513704992
435792260
486907980
1652541
428333
5402612
2566245582
2230475432
2784794838
48117116
221514083
247723476
26834837
2161362844
2798085656
3006081057
90545216
706609051652759552
741348287093964800
610943786
810991673287344129
15757578
16190478
27995424
38495835
823761943228010496
26900055
1191779618
14662354
2921008274
2791589299
73181712
16214639
824282502235766789
815703228084092928
2289955818
1008847868
24590887
4890261560
22217443
328599949
42901906
16113700
1156221950
48969390
413308631
284190649
29390561
113987669
461730416
759251
2467791
18956073
807095
2393063119
823367015830323201
828703493745758210
35044800
1552100222
1852750488
3427945215
726545453492232192
819697336049954821
394797701
19091173
2906348990
468698428
4330019413
27000730
789588391448940544
492833134
33529092
22508473
14686696
3403937658
2731914592
19782840
829508660959145986
18005085
125303698
35216825
442426470
16157855
14385689
816803274066186240
334715818
458214340
4728131307
2217039596
797698711090561024
24127811
3950694159
55113653
388983706
22270993
705557752354045952
53544165
206244842
2355556579
767960339547774976
39384517
2248872301
181249422
524176313
373657768
741977462028926976
462104542
407490941
21733067
2610290468
819420037387784192
3224770968
3676179976
760250728162078724
14101483
2905642010
727921540122161152
825095744394842113
18745588
1486664918
2391009804
558727334
273542042
562372370
529920018
297457814
2207780696
931286316
15976697
730184198821130246
2904442372
813528542512193536
34367582
16206579
18089606
821511862881845248
26028938
625611251
4027890800
39753444
4924384695
27311044
119099353
537709549
740874799
776696966784790528
2302134816
110977736
491719838
4334047641
71545482
2892800704
15647676
36417257
818923424517079042
818928162449068032
822215673812119553
706959926879334400
589357694
818927131883356161
2865078826
790188763
818910970567344128
822127086194348032
904745582
818876014390603776
822215679726100480
226325141
1356992605
1370971824
3271431902
25634203
65455370
223970563
22055109
4761064634
760188294554542080
813081714717237248
90552683
16710420
496608682
364841269
1075681177
438449199
73303753
275276082
43834885
98956941
749958546004054017
85717595
400142857
717338356590321664
15675138
1209936918
264361128
31649494
582135529
16072676
216881337
1849938847
702501985
423530697
770190922512535552
3266469216
379767285
758329295081123840
732980827
57171687
702324636453720066
243079230
758828781612118017
183310940
22407854
89277004
51241574
3702234197
95124483
393469195
14511951
538654102
18227229
742749379623165955
69773058
3413357080
70320954
261749735
3449232734
46315077
4335525913
3419210573
495488893
61008839
28161086
4062325094
232901331
20776147
19291441
1011809412
2417586104
7702542
713099220425658368
31170963
86736841
792100655443894273
761952638371979264
375994659
2462295589
2535321252
274891222
940368062
14828860
107210351
18313747
778947337494237184
44951059
115754870
275451635
787113920297332736
18071459
170861207
4261318354
4175166177
4102376488
718785668219068416
10774652
16032925
3995778614
774074669230071809
18916432
771162490793177088
2332354080
291874773
125471278
18253799
159132441
233042708
795116109573844996
46681100
246481013
358545917
374284455
706577077898756096
727701926544969728
16163639
292929271
3294258552
715044396
52544275
216299334
18227519
620571475
26829777
14839147
246500501
52136185
34852681
4121225056
37764422
75541946
475802156
245963716
720293443260456960
25101996
709804729728110592
26520948
2490215394
524746581
1329763836
52052011
535523641
334053327
36397873
90651198
2678262456
113787113
733828747690811392
1084375028
531627880
3092625141
739126652161007616
23022687
16017475
15568684
254117355
2567380872
108465379
18805644
701251180010283009
2582736318
951008132
1480827560
3226122031
2861543046
56561449
166990746
43919633
186646579
112047805
27245742
78523300
22703645
118756393
25429371
35039490
15416505
242618658
704034081898668032
20733972
874821091
19017675
375721095
21619519
26487169
3313329508
17629860
211635204
196168350
17393196
3346278028
36528126
471672239
282695161
608471241
23970102
29216764
18247062
18266688
64643056
2916054140
240454812
759081003168112640
592730371
3108351
17980523
28628850
1493267851
18643437
14669951
1955132936
2795404498
457984599
470554170
59550291
82447359
16031927
825501626
2916305152
611986351
272114651
324236072
20713061
122207745
110445334
15300995
18646108
91882544
39344374
39349894
50769180
850036892
468646961
16989178
22203756
118845216
783041834599780352
782693901513601024
1564676498
47253057
15513604
237348797
17800215
1180379185
1394399438
25073877
41634520
29458079
1367531
16589206
21586418
18208354
