1550179065226739712
1556895808917848064
738911954413162496
1451941051334283264
2880852550
1689091823015436290
14437705
1581033285538529281
1707768757534257152
1655618244760182784
383903024
951302891708583936
1486756034697904136
1675202543524167680
1273639475340554240
1598108548075909121
67693241
426909329
1429400366819512323
1015295486612291585
3376321847
2492917412
1387489102799376388
1657938030773121027
928779999963951104
76050550
1200616796295847936
1692610360811933696
930561624875945989
1584251382575648768
1679939458324463618
1657562869658009604
1699254176184766464
4790055615
21986885
17644912
1161261376846946305
1519924666487525376
1560473111811719172
846949171680739328
1626052039393562624
1481773144427966465
1481443120738885637
1288319695658135552
1427393332490162177
1678665627421257728
2231109295
1600720176906833920
1291128494
1269071954054721536
1460714714128740352
1319287761048723458
31700619
1213020143137124352
1255229204997836801
848279118
1521455782402969603
75561107
1054669807537156096
1584563155526639617
2463171746
1571425250134597633
1573361763336261632
1650232069463719937
1041042565267697666
916734521374072832
1281051965636481025
1257792281614200834
80233893
1555015461150117889
869381468811739136
837555557804339202
1319036828964454402
548258435
18279320
828454426088050688
1430813379636039680
17469289
350822109
3624736155
20606467
42549934
499479056
818610876206956544
1342174584594960384
1436081149307015168
1678915119374557184
539566673
1216223744181460992
42889960
1622588070246641666
1451025651440439296
1376270481192579077
1374968033265864706
1610717530280149004
177533262
1480926325091323913
1483893386817986574
1387219918597328897
1606220027950161920
1604139215406727170
1675234712984641536
588703829
1591964800216612866
33665720
390682767
1521309472513306624
1180242628681572352
1656415868337926145
1187413153602129920
1242142787904114704
1336733113322496000
1654288273278132224
835627637049450497
1648176442491179010
1599510806680535042
325480259
1603087123581571072
2373735295
46678624
15721256
1419688307529818116
1595550442334961665
2455740283
986302256
2383510675
191871143
1524226014271913984
69156861
487297085
1467931973616386052
1188410033303965705
16620803
1437179140143124480
18093097
328752446
756101640
1224185690713460736
1125642706149994496
105852422
1332495262586183682
971921107992350720
4686170306
1616975606104879106
1647453129989042177
56874517
1519145912567795712
917158860753985537
1116766980596543488
935662532504715265
2273479682
33177553
1655500753065345024
1634812275382194177
1394680198705123329
1640915568789188615
12524522
1567499452750991360
1631032723023310855
350655449
606403456
1407035495733940230
15719232
1529763962094596097
767960339547774976
1612336706778267652
3096147528
539774020
120701995
1521312361365139457
1085225533623783424
1633539073095655436
971157641912229888
1340046910992748546
1439405246518906881
761350109280043012
1453711758498144263
1176026136117166080
105901883
1588983648388354048
18988705
1488059058103934980
1370436157742460931
37491797
111382029
1043185714437992449
2246299058
1552795969959636992
1403819724719366148
1268032640042414080
1268749167427543040
1577761560394665984
333357345
3486419713
757402141971447809
1587470964367003654
1453047454677491718
1596618068767264771
7900962
211608220
68045552
1038228408742756352
1412945612522283009
114060003
952701757
1525515420236713984
1000607182889496577
1261270683285204994
1455311856092995585
1443124514896814081
1600307346458042369
2474749586
1059871261092929537
289548939
1585882952013123585
1441965051414339586
1432805757573943297
1525509510495969280
1486473049146904576
1149093448621989889
38271276
1518678365548470272
485174756
96025389
1530129316901699585
169686021
16523905
986232040021549056
253350725
821758627333558272
300353663
1348755086864908288
1055877718401794049
1464322912979144712
66590132
940876562
1573074338542133250
899083511298232321
2704681687
1304319774906814464
1510971574115086339
116203012
841166995097845761
611986351
1500706012386390017
976853859703427078
529033551
1485346107077058563
27851454
1511110094163001353
1564419551357349888
1570749041293791238
130537001
3299813970
1387115408520515584
1327327908549967872
2164909022
1446932149148344320
1217559748557647872
1276140426
1462921559241232385
1481346358040793090
1504952792351481856
1566269320950255616
2918039334
1347397628112334850
1083416987479535616
702962840877936640
1521562466932576256
1537225604554031104
1373116650459832323
184452449
17110880
1367578656856547331
1145560535498285056
816291044325261312
14499829
1377572924413124609
1250920251887366144
1444922216244723714
908183913050329088
3765572533
17999727
36526960
1446135696692060164
1082197856
1513301213634248711
151805556
1344759366671589376
117338050
1187808818522030080
1441723412368420868
1475494481260691468
1095406446001369088
1470985024975654914
1039844370
920098539396653057
1366529249264345090
2485275084
530994160
2450516966
1100345653597749248
368393575
1360329714842402816
1309073278871506945
820429639
5943622
880602945632575488
31667539
433365936
36980342
1570180292
1281998654723612677
83625835
74570107
855483824351924224
1096116852063903745
1293387240157192192
3895214232
54322957
1444438993072971776
1420863242054864898
1456081524827332615
1081022379910881280
1345629657387782147
1142064494157451267
1216654609768484865
1329019426365169664
1361785376747122691
1255176009764294656
2480079168
715979593090359296
33152005
2330760859
226194552
2741690319
46308841
2163723997
1404987610162995202
3383748749
1277501369134579712
1433997706981253124
1465347964252180493
1248376715400769542
1231156038
846856945919242240
2651167933
1202836669281513473
852356355289698305
1663180867
1420141435001741323
27142719
2457402542
117655609
1335386736243830784
930470485221142528
321954654
1058807868
4068121577
201428338
27943436
896466491587080194
119049214
1408886100
1426227719470157827
898583494779035648
4650835518
1138396700
1133477262743891968
1392426037053517824
1388251893676314629
753195112176480256
1445778591665381386
95121214
1381531981217988608
1447721619967799303
313774045
944759630131023872
690823
828032385904021504
4098247646
1309935257001562113
1247050305273028609
1390762874809761793
1354228711466426369
1374405687359377411
1326229737551912960
1409487596795744256
25384284
927604589909733376
1172086334229372928
1139906451600580609
827246199216353280
4515650200
15392486
16076032
1078693601356509184
912729106344579074
1284660946229747714
2295070069
22952069
18818473
1408600853930385414
844554688364232704
14427663
23046015
39844876
543483223
1145866561271554048
18956212
1349795689463771137
46040683
2911095315
1087380412089987077
2664172915
972569324
15522405
1353266784321855493
1359923836356018176
925517007054704640
812521788
5988062
1384284222521630721
1153042794375712770
20106357
844434316943904768
349347318
3065301110
2411942305
906273810248196097
881264672837709824
846454453972668416
1271892291679027202
428718110
728295122685792262
73204975
817880247777435648
56879907
21704260
1020346707802902528
727403658
721096238020628481
603344194
160359639
1351538366739865600
1352051178591444992
242982983
347228796
248994056
98956941
19599446
790681628179857408
540933061
778763106289758208
3001857136
17600950
1242252811
1445083363
1351950329009614850
1253979442734481410
41120559
185420422
18208354
359403242
43775786
52352820
35184346
620571475
27000730
28422142
1034816090243780608
1257718104
1327037391111065600
608471241
46671731
122705392
1358414289787252737
487777321
318689083
1328220320617127936
1180884193045176321
1023322279139192833
264930097
326156347
1010983588156846080
56562803
534881613
2373203378
14458643
868578294916145152
425430382
2352629311
203226736
15515169
1447144844
264948270
871017863133282304
968997346884206592
3750186019
3750194894
1447153998
1444693544
1444700706
1447123200
2160247458
1447188853
1447154780
1444717874
1444684106
1444726159
1233960274836672512
805502502028398593
1329307685037240321
1173340909808881664
1163892549393768450
1237612672373248000
1334300969266507782
1269309500080570373
467661480
1812055789
2327971734
527156989
330136233
4643465352
992020724939358208
590211920
2204609910
1245591829690478593
144580542
4321133652
1335016762207821824
359358437
477864155
1025410166483832833
41144411
20545835
1356030014
26649679
21614780
2740426550
91202632
89689815
392226352
1065493569610215424
2172596028
586707638
856590732907433985
3299212327
24258355
971360218377478147
957636323241840640
165039823
762389795037294592
209693451
3093242123
2835451658
16106584
18856867
22677397
3066800573
1299007622968901637
1031747223569227776
17454086
1291912101464858624
499230066
932011810235891712
1317568613189062656
1687460006
1862972077
4181671225
179807762
20020846
454232867
135189186
1164176887712796672
3579809367
1045558231
1286376668303626240
765241482974470144
1172324726074560514
806344552718045184
280137564
441080463
50772918
1259481293580099584
211025537
562255311
251493077
2554131522
843904157081845762
1280852842862034950
1062465792212717574
236992650
1222328204519596034
859409582426251269
1102987848741998592
2301527762
15757578
1179844973509906433
307039459
1074186848069713920
2432310906
479015188
631702875
464184768
1101627600953376768
180908391
270412323
1953612884
1051181767179276289
763099930487615488
19881465
892237368589115393
1156520323438632960
2350984434
3420421481
875528034438262784
1264663304573763590
187680645
818927131883356161
848033947770650624
43953931
17738330
1162899685670965248
1295494995441418240
4914384040
312847877
233000889
2224079705
856162158845059073
134360868
2301990517
1248019741312155649
36528126
1102665028350558208
819201209991041024
496082117
730693248147030016
312696314
1116345515761909760
66643970
22208499
18572546
18604137
2852597261
25816369
22211969
56497037
940409602155282432
34082620
346063582
21722318
407042319
1536600704
36053632
526021684
1105690933197037569
1075142947270742016
1164247195270275073
1090068803562684419
997366953571422208
158254062
1261776454884474880
1108708929855463425
2349347329
113137765
74760182
42278624
339061487
1201670995435646976
146529195
19218053
1265703325821009925
2449913803
17346120
1247258339584684032
447200783
856288002435420160
319901933
1007274088417693696
10047382
14364617
707386000767471617
32626129
1270531866634878977
1113190711250313216
1146509923683131398
1098091506886471680
1144346832669171713
459692778
19370504
19211550
15567770
873651565265002496
3410843525
2438831503
422822471
1069720356552916996
1170024622449987585
1244355289
802787680446808064
2967576042
337808606
16633440
36099461
25922048
981390232649129986
2415947431
154840358
284192797
1250496195497095169
1238318340877234178
2407544636
775696688489099264
40408827
487666986
36529101
1632772304
29097819
1656057482
186562905
1005007371159068673
1248314979025117184
4835333710
111778335
150570659
69663100
1145386402378604551
731070444
930454483334828032
875856268056969216
2275337142
3995778614
2315698776
19017675
2853461537
2795404498
275276082
21862217
2244134066
782620709977661440
4262263900
973576766651592704
2298534750
233338979
610659001
19725105
1025274127383494656
257663572
2394681690
920789748368601088
1235669784
1004462830878244864
580920457
863821604547112961
18849239
815330441209073664
47722134
1061556781
631584217
3075301216
3226892185
1592251081
2175242989
4656506678
398750305
1065477914852913152
1154151119167246336
4899785120
2207424617
1154154848109002754
746061171241914369
752327135252000768
2906640506
4380323598
33622907
2822407526
3314887451
33056151
47791337
905207232769384448
22286602
1235985082478780416
1122199299385962504
1073994923395964928
599817378
1218955796605743108
47215171
89243448
110835004
1047214654450294791
15976697
3267456386
1035376896
16807126
2315950836
321133056
3096909473
3634508187
2985479932
2610809930
898218643888197632
1039840388075413504
1217290826
289118612
1864191372
1226167963
3095130883
601535938
41638439
2353605901
2313027666
114605310
3415037892
17060573
866069141576441857
1194818292021547008
40555914
954124423
5820642
72884967
3436964404
893850626354020352
1105965790375960576
949443960572923904
4766455289
1118983059934720000
2281325286
1124063420
33310170
260834188
2348732234
370144870
20838191
827356610347560961
1564676498
127182036
1486032180
823594789480386561
272114651
33529092
1936536769
189716297
962650783182331904
243297589
824990584410476544
39927368
936370195068841984
1156342135752294401
1141725083099992064
94615490
822299610018365440
37190937
16439811
187804926
3070424440
224511378
2814541560
3292463759
242770475
1081653516240932865
52841530
936257676027183105
901126590117011456
2299987059
1081719290133442566
35039490
89272855
111223756
927531930601521152
1008438139474665472
1030725698460246018
182544914
2298722492
118262893
53979469
1145702015374438401
27522964
873051724604334080
768104037963198470
3176279903
14828860
694682581221048320
126755086
751896280021032964
1101613734714322947
14895030
385568181
1034746272740139008
437559016
2327592480
822110736398872577
898120833658376192
103680159
596050685
2263558139
1101983094553411585
21637092
739610364975808513
895814938995957760
849724216274374656
957651645302624256
991133969746837504
37575922
1663172653
40106479
39753444
34348176
1029600409554309120
29658469
913308968809672705
2283799285
15212187
129571843
248469208
43982239
4020388486
20118767
14862190
3775360879
990317363915579392
20253396
2175836343
3932768472
805223648499859457
80082384
15618831
1080894931311431682
815966620300480514
70468535
85794542
2393323908
930552552302792705
581999965
4084771161
1058127635824308224
464220870
129314386
45033456
859100325160013824
18159843
850507814023942144
376453771
558757259
21268999
749686190
2409440058
121574367
893423204
34743251
44196397
935580000312426497
16721461
21467720
37841185
381289719
15227791
166990746
25526853
2985335882
3192441942
334921581
14945261
58348452
865953314323615744
118567880
2895163359
496328612
722528529716383744
170861207
1011695094691442688
130684893
317385247
3094974153
29115262
970713428296810501
167603204
449405724
4263979754
636896104
624210678
52338305
871735806884499457
15537855
2662976017
29831970
2372118270
54412900
2238247219
704391334128394240
55705976
1942210465
400066737
308642071
39076082
18266688
537709549
17699708
478855762
2764580401
122567149
879082519836098562
952083659682562048
900678094142320640
295731821
902200087
707231479047315456
16814879
900878757019484160
20957491
259001548
491908046
29719549
4034141367
54248457
375878197
878087280321335298
165586474
65540855
877356947367800833
394136324
37058050
339471074
700392180
16617767
255727205
24312086
18372307
15496979
77241120
45716848
1024827330
92558741
877267355453280256
2263579099
97068125
18145486
18197259
453503655
19786577
19309099
293850877
563102152
382913336
2548566050
1395657883
21922197
64438566
956406088798121984
1464928729
3254907408
297767814
509572123
531627880
28628850
14730894
90552683
861281180
262756641
3141213592
1404269089
2720054437
4429709805
16619832
180200031
898576364776833030
1434554412
4769536303
27285798
878247600096509952
27914147
4081106480
57338175
695054484083470336
770619360062898176
41160276
31047836
43734519
2937613910
25202268
169556588
165834028
441389311
146192838
75320258
102106095
88517145
522726683
21243249
1710459650
712736520
419934667
424815248
18253799
939943665564254209
5014121
741977462028926976
719115919432163328
2316246829
910579391100461056
15455253
809364628585254914
338278043
805552999
282233469
1056496904
2358900122
3324710323
820732545411129348
247804284
742076049618538496
107288394
31852548
379392612
196362083
15657024
18005085
18235003
14795302
18493702
229153780
21135121
29235028
34354688
15855509
169376808
282695161
166751745
931286316
2329730094
240760694
459608798
237579250
38857681
17239307
237505641
247014978
38381682
20204051
107228804
49736166
179245596
827782546171637760
95092020
14669951
247723476
1367531
22203756
14344823
14839147
818910970567344128
388983706
462104542
39344374
196168350
313038011
18643437
15951223
15771003
59819234
28152330
208179565
24143255
21901715
712783082336571392
1072008757
931614483050414080
264361128
1209936918
1500129642
16148677
18089606
31592058
55391476
15209380
2917794516
63703913
249744932
218614495
167846915
14304373
16910966
15050354
15369276
1408003598
22267198
232901331
16989178
112047805
2417586104
10774652
91882544
20076659
29458079
195271137
237403203
7702542
1074480192
26487169
39308549
50769180
48459553
22703645
10168082
19417492
457984599
252398355
2316003960
26520948
47739450
44401911
66019768
18247062
17091571
17995040
292929271
38495835
60688326
17800215
18170310
2610905833
50055701
975200486
12804862
287413569
88784440
39834947
216881337
78523300
25073877
23022687
